,id,date,bedrooms,sqft_lot,price,standard
7252,6762700020,2014-10-13,6,27600,7700000.0,high
3914,9808700762,2014-06-11,5,37325,7062500.0,high
9254,9208900037,2014-09-19,6,31374,6885000.0,high
4411,2470100110,2014-08-04,5,35069,5570000.0,high
1448,8907500070,2015-04-13,5,23985,5350000.0,high
1315,7558700030,2015-04-13,6,24829,5300000.0,high
1164,1247600105,2014-10-20,5,45517,5110800.0,high
8092,1924059029,2014-06-17,5,13068,4668000.0,high
2626,7738500731,2014-08-15,5,40014,4500000.0,high
8638,3835500195,2014-06-18,4,27517,4489000.0,high
12370,6065300370,2015-05-06,5,21540,4208000.0,high
4149,6447300265,2014-10-14,4,16573,4000000.0,high
2085,8106100105,2014-11-14,4,21300,3850000.0,high
19017,2303900100,2014-09-11,3,35000,3800000.0,high
7035,853200010,2014-07-01,5,42840,3800000.0,high
16302,7397300170,2014-05-30,4,28078,3710000.0,high
6508,4217402115,2015-04-21,6,19401,3650000.0,high
18482,4389201095,2015-05-11,5,8694,3650000.0,high
15255,2425049063,2014-09-11,4,22257,3640900.0,high
19148,3625049042,2014-10-11,5,19897,3635000.0,high
2864,4114601570,2014-11-18,3,12431,3600000.0,high
21576,9253900271,2015-01-07,5,10584,3567000.0,high
5880,2525049148,2014-10-07,5,20412,3418800.0,high
7989,9362000040,2014-06-23,3,17826,3400000.0,high
10446,1118000320,2015-05-08,4,11765,3400000.0,high
13967,3126059023,2015-03-03,4,47870,3395000.0,high
20460,9808100150,2015-04-02,5,15360,3345000.0,high
18199,3625059152,2014-12-30,3,41300,3300000.0,high
18477,1346300150,2014-10-20,8,11750,3300000.0,high
14083,3625059043,2014-09-04,5,13873,3300000.0,high
18302,6072800246,2014-07-02,5,21738,3300000.0,high
2444,7524900003,2014-12-10,2,10000,3278000.0,high
20295,251500080,2014-08-26,4,18851,3204000.0,high
7907,1068000375,2014-09-23,6,18200,3200000.0,high
15482,624069108,2014-08-12,4,28206,3200000.0,high
11535,8964800890,2015-01-09,3,13363,3200000.0,high
7191,7159200005,2014-05-07,7,8856,3200000.0,high
13528,3025059124,2014-08-28,5,11979,3168750.0,high
10465,333100295,2014-11-24,3,56609,3120000.0,high
12872,2424049029,2014-05-29,6,15682,3100000.0,high
7313,4131900066,2014-08-25,3,13085,3100000.0,high
16969,3025059093,2014-07-29,5,23669,3100000.0,high
300,3225069065,2014-06-24,4,18641,3075000.0,high
656,3760500116,2014-11-20,3,55867,3070000.0,high
15258,1732800780,2015-02-12,5,7500,3065000.0,high
11975,1118000340,2015-04-08,5,11265,3000000.0,high
11257,3761100045,2014-06-18,4,12445,3000000.0,high
20325,518500480,2014-08-11,3,10756,3000000.0,high
21530,8964800330,2015-04-07,4,14823,3000000.0,high
2899,9808100100,2015-02-02,5,14091,3000000.0,high
20441,1925059254,2015-05-07,5,16481,2998000.0,high
10373,3303850390,2014-12-12,5,18898,2983000.0,high
20535,1370800515,2014-10-30,4,5884,2950000.0,high
2974,3625049014,2014-08-29,4,23885,2950000.0,high
3871,2524049166,2014-09-18,5,47480,2950000.0,high
18556,6613000930,2014-09-02,4,25470,2950000.0,high
20154,1176001310,2015-03-04,5,5722,2945000.0,high
18328,5317100750,2014-07-11,4,24085,2920000.0,high
6402,2624049091,2015-03-13,5,91681,2903000.0,high
269,7960900060,2015-05-04,4,20100,2900000.0,high
21040,6447300365,2014-11-13,5,14600,2900000.0,high
7933,7159200040,2014-09-17,4,4838,2900000.0,high
3813,1118000301,2014-12-19,4,7173,2890000.0,high
14556,2303900035,2014-06-11,5,64033,2888000.0,high
14030,5316101075,2014-09-26,7,14400,2885000.0,high
4190,2303900090,2014-07-29,4,32033,2880500.0,high
5449,6065300840,2015-05-01,4,17208,2850000.0,high
11620,1069000070,2015-04-15,5,12793,2795000.0,high
14052,7397300220,2014-05-29,4,21000,2750000.0,high
2267,3859900060,2015-01-12,5,16065,2750000.0,high
11446,624069035,2014-12-09,4,5575,2750000.0,high
5967,5249800010,2014-12-03,4,43838,2725000.0,high
19236,2525049086,2014-10-03,4,18115,2720000.0,high
18455,8043700300,2014-06-08,4,7850,2700000.0,high
10263,625059036,2014-08-13,5,27295,2700000.0,high
6771,5442300807,2014-06-24,5,13800,2700000.0,high
19858,2524069078,2015-01-22,4,89651,2700000.0,high
20010,856000195,2014-05-21,5,8401,2700000.0,high
18793,2525049263,2014-07-09,5,20445,2680000.0,high
6714,3126059027,2015-03-18,4,13730,2650000.0,high
19777,8084900160,2015-02-12,5,16200,2641100.0,high
18409,2397101606,2014-12-08,6,7200,2630000.0,high
13710,2923500230,2014-12-16,4,12195,2600000.0,high
14822,3623500408,2015-03-30,3,16015,2600000.0,high
9322,7768700300,2014-12-05,4,15408,2575000.0,high
11952,2260300060,2015-04-10,5,20440,2575000.0,high
7432,5316100780,2014-09-22,4,3800,2575000.0,high
16817,825059178,2014-09-23,4,20424,2574000.0,high
11225,6613000935,2014-05-13,4,26211,2555000.0,high
13256,1954700410,2014-08-01,4,8805,2546000.0,high
3384,1118001408,2014-11-24,5,13431,2544750.0,high
7652,9185700485,2015-04-01,4,6000,2538000.0,high
1433,9471200370,2015-03-30,4,20000,2537000.0,high
12648,7490000040,2014-07-18,5,10626,2535000.0,high
2040,9471200200,2015-03-25,4,16048,2532000.0,high
3020,3377900195,2014-09-29,4,45100,2525000.0,high
17558,7631800015,2015-04-07,3,57990,2510000.0,high
4032,5700003585,2014-12-29,5,12672,2500000.0,high
16825,3025300095,2014-10-09,4,19844,2500000.0,high
7506,9471200265,2015-05-05,4,16224,2500000.0,high
7311,6072800170,2015-04-28,4,24354,2500000.0,high
17151,4107100190,2015-03-24,4,14850,2500000.0,high
4635,1324049015,2014-11-11,4,23954,2485000.0,high
15828,4139420190,2015-05-12,4,16909,2480000.0,high
4811,9831200500,2015-03-04,5,7500,2479000.0,high
18226,1176001293,2014-06-17,3,4947,2475000.0,high
5702,1118002000,2014-06-24,5,13180,2466350.0,high
17899,3262300555,2014-07-08,4,14986,2458000.0,high
3735,1118000110,2014-05-29,4,13586,2453500.0,high
15022,2210500010,2014-09-30,7,23115,2450000.0,high
8191,3623500205,2014-05-13,4,11023,2450000.0,high
1031,5700004028,2015-04-17,4,6552,2450000.0,high
3748,4389201250,2014-05-13,5,9000,2450000.0,high
13411,2426039123,2015-01-30,5,24250,2415000.0,high
12713,853200040,2015-04-28,5,23250,2408000.0,high
4268,251620090,2014-05-30,4,20734,2400000.0,high
14513,6169900790,2014-06-20,6,10800,2400000.0,high
6195,9185700440,2014-07-28,4,7200,2400000.0,high
814,4045100075,2015-03-25,4,15188,2400000.0,high
246,2025069065,2014-09-29,4,8354,2400000.0,high
4013,724069059,2014-05-09,3,11665,2400000.0,high
5617,3880900010,2014-06-04,5,9088,2400000.0,high
1945,3398800055,2014-11-19,4,24825,2400000.0,high
19484,6072800265,2014-08-13,4,19798,2395000.0,high
6041,1725059316,2014-11-20,4,13296,2385000.0,high
312,1860600135,2014-05-02,5,9050,2384000.0,high
9487,6072800205,2014-11-19,4,20251,2375000.0,high
18208,2579500110,2014-07-01,3,17450,2367000.0,high
21310,2154970020,2014-07-03,4,19412,2351960.0,high
20326,1725059127,2015-02-25,6,11547,2350000.0,high
1770,625059051,2014-09-03,4,22863,2350000.0,high
13700,4139900180,2015-04-20,4,35200,2340000.0,high
16258,1652500010,2015-03-26,4,20759,2328000.0,high
20664,4139300135,2014-07-09,5,17004,2321000.0,high
19823,8085400376,2015-04-21,4,9520,2320000.0,high
13020,1118001201,2015-01-30,4,8402,2300000.0,high
11402,3426049284,2014-08-19,4,15929,2300000.0,high
15246,5536100005,2014-08-08,7,8816,2300000.0,high
16944,3880900170,2014-08-05,4,7100,2300000.0,high
15553,1732801150,2014-07-01,4,9778,2300000.0,high
1272,4389200765,2014-06-25,4,8570,2300000.0,high
20767,8043700105,2015-04-17,4,8175,2300000.0,high
3039,5452301785,2015-02-18,4,13860,2298000.0,high
3091,251620110,2014-07-02,4,18362,2288000.0,high
12777,1225069038,2014-05-05,7,307752,2280000.0,high
15632,3625049088,2014-07-02,4,18916,2271150.0,high
1282,8964800445,2015-02-09,3,14872,2260000.0,high
20096,3262300485,2015-04-21,5,8118,2250000.0,high
1676,5700003985,2014-10-29,4,8125,2250000.0,high
6783,5316100980,2015-03-26,3,7200,2250000.0,high
19758,9831200159,2014-08-06,3,3452,2250000.0,high
779,1954700695,2014-06-12,5,9453,2250000.0,high
518,4386700135,2014-11-14,4,8036,2250000.0,high
153,7855801670,2015-04-01,4,19850,2250000.0,high
13071,1118001215,2015-02-04,3,8700,2250000.0,high
17288,5316100920,2014-07-25,3,7800,2250000.0,high
21506,2524069097,2014-05-09,5,130017,2238890.0,high
21201,518500460,2014-10-08,3,5634,2230000.0,high
14619,7936500109,2014-07-25,3,28064,2230000.0,high
20247,856000635,2015-03-23,4,10800,2225000.0,high
14185,1333300145,2015-03-04,3,30120,2225000.0,high
17328,868001435,2015-01-27,3,16740,2225000.0,high
19684,1973700030,2015-04-29,3,10177,2205000.0,high
1361,1925069082,2015-05-11,5,22703,2200000.0,high
6233,2024069008,2014-06-19,5,10450,2200000.0,high
11748,3629940160,2015-03-11,5,17168,2200000.0,high
3861,1118001295,2014-12-03,4,11098,2200000.0,high
14232,824059305,2015-01-08,5,11652,2200000.0,high
15180,9185700285,2014-12-23,4,7200,2200000.0,high
14385,2425049061,2014-08-25,3,30456,2200000.0,high
6045,4045100190,2014-10-27,4,18000,2196000.0,high
16614,7935000280,2014-08-12,5,35765,2195000.0,high
8222,1954700610,2014-12-09,3,7108,2193000.0,high
17001,2525049259,2014-08-12,4,13162,2187730.0,high
18882,4218400455,2014-07-08,6,11000,2180000.0,high
7002,6377200010,2014-12-08,4,21701,2175000.0,high
19323,5553300375,2014-08-20,3,6495,2160000.0,high
15152,1370800225,2015-03-18,4,6214,2152500.0,high
4035,685000115,2014-10-07,8,9415,2150000.0,high
7700,3761700053,2015-01-05,3,9610,2150000.0,high
20233,5710000005,2014-05-22,4,10320,2150000.0,high
18768,1959701800,2014-07-02,3,5500,2147500.0,high
8443,125069038,2014-11-25,4,453895,2140000.0,high
16720,1338800425,2015-03-04,6,7128,2140000.0,high
12186,4107100204,2014-08-21,4,17820,2135000.0,high
4339,3760500336,2014-11-26,4,19513,2125000.0,high
540,622049114,2015-02-18,3,24069,2125000.0,high
14139,6065300330,2014-06-20,3,17833,2110000.0,high
11278,3025300226,2014-05-15,4,19865,2100000.0,high
3519,5700003640,2014-05-19,5,10655,2095000.0,high
3344,3861470110,2014-06-23,4,20377,2075000.0,high
21368,9533100285,2014-06-30,4,7965,2065000.0,high
17767,7352200450,2015-01-15,4,19989,2050000.0,high
282,7424700045,2015-05-13,5,8480,2050000.0,high
4406,3505100756,2014-11-06,4,18834,2050000.0,high
4859,1338300170,2015-03-24,5,8208,2048000.0,high
17980,46100504,2014-06-17,4,22798,2027000.0,high
17679,3585901085,2014-06-04,6,28176,2005000.0,high
13271,2524049318,2014-05-28,4,18000,2000000.0,high
21,2524049179,2014-08-26,3,44867,2000000.0,high
10468,1732800310,2015-03-02,4,4500,2000000.0,high
15039,2726049034,2014-11-10,3,16387,2000000.0,high
19215,4131900042,2014-05-16,5,10862,2000000.0,high
4486,1724069059,2014-05-24,5,4443,2000000.0,high
12613,3225069241,2015-04-22,3,21064,2000000.0,high
21333,2424059174,2015-05-08,4,35006,1999950.0,high
13280,1068000150,2015-05-01,4,7500,1999000.0,high
6691,2624089007,2015-03-20,2,920423,1998000.0,high
17995,1346300035,2014-06-26,5,5000,1990000.0,high
14550,632000065,2014-06-11,3,13500,1989000.0,high
21467,2311400056,2014-12-01,5,8960,1987500.0,high
16525,2025059026,2015-02-25,4,44384,1980000.0,high
19529,1651500040,2014-08-01,4,12081,1980000.0,high
7415,5017000470,2014-07-10,6,9097,1975000.0,high
17235,1338600225,2014-05-28,8,6480,1970000.0,high
6335,824059321,2014-06-02,4,8510,1965220.0,high
3281,8964800025,2015-02-26,5,13738,1965000.0,high
12577,2806300065,2015-04-22,4,31353,1960000.0,high
12283,1923000260,2014-10-15,5,23373,1959000.0,high
1152,4055701200,2015-04-21,4,7898,1955000.0,high
9175,3124059023,2015-02-13,3,12566,1955000.0,high
19351,2525049113,2014-07-25,4,18713,1950000.0,high
11871,8835800350,2015-01-12,4,167869,1950000.0,high
15377,1568100920,2015-04-08,4,14554,1950000.0,high
556,5486800070,2014-06-20,7,15235,1950000.0,high
16252,3760500280,2014-10-14,3,12779,1950000.0,high
14254,2425049107,2015-03-05,4,17424,1950000.0,high
15158,5493110020,2015-01-16,4,18745,1950000.0,high
18875,4389201241,2014-12-30,4,6900,1945000.0,high
4923,9809000020,2015-03-13,5,16672,1940000.0,high
6501,2626069030,2015-02-09,4,223462,1940000.0,high
20897,3860900035,2015-04-15,5,16526,1940000.0,high
1732,8081500060,2014-10-01,4,20296,1928000.0,high
9414,5700003630,2014-06-30,5,8050,1925000.0,high
6499,1370802115,2014-12-05,3,6134,1925000.0,high
16124,1118000080,2015-03-31,4,16101,1925000.0,high
16773,1630700380,2015-01-30,5,230868,1920000.0,high
18912,2425049066,2014-06-16,4,34412,1920000.0,high
8910,1118001560,2014-07-10,4,6833,1910000.0,high
3761,2540700110,2015-02-12,4,18564,1905000.0,high
3229,9808700405,2014-06-04,3,13367,1901000.0,high
7886,3024059014,2015-03-25,4,11489,1900000.0,high
14816,1525059261,2015-05-05,5,44315,1900000.0,high
15204,3835500585,2014-10-16,4,12668,1900000.0,high
20828,357000135,2015-02-18,4,7830,1900000.0,high
13675,4389201075,2014-07-31,4,13351,1900000.0,high
12459,4114601580,2014-07-24,6,13237,1900000.0,high
10085,7767000060,2014-09-12,5,16471,1900000.0,high
3258,1330300300,2015-04-15,3,8550,1900000.0,high
19446,3303850330,2014-12-16,4,27755,1900000.0,high
6794,1727001300,2014-06-09,4,112521,1900000.0,high
3157,1827200265,2014-09-11,2,32044,1899000.0,high
19984,2025069140,2015-03-17,3,4334,1898000.0,high
20527,8085400401,2015-01-15,4,9656,1898000.0,high
4922,9809000020,2014-05-13,5,16672,1895000.0,high
12509,249000180,2014-12-01,4,9345,1890000.0,high
13869,824059042,2014-05-30,5,17935,1886700.0,high
21540,715010530,2015-01-13,5,13000,1881580.0,high
17230,2470200020,2014-05-14,4,19542,1880000.0,high
5589,6447300225,2014-11-06,3,17919,1880000.0,high
21141,8923600020,2014-08-06,5,6220,1880000.0,high
6740,3391500050,2014-07-03,4,10929,1875000.0,high
1217,6321000045,2014-12-22,5,7920,1875000.0,high
16448,3885803044,2014-09-02,4,7440,1875000.0,high
4218,1025039086,2014-09-16,3,29111,1875000.0,high
17459,3625700010,2014-05-06,5,15175,1870000.0,high
21514,3262300818,2015-02-27,4,8797,1865000.0,high
2473,7787400105,2015-03-06,4,43560,1865000.0,high
8152,4218400100,2014-09-11,6,6952,1865000.0,high
18287,1524079188,2014-07-29,4,320917,1862000.0,high
18206,9471200065,2014-10-15,5,9600,1855000.0,high
8049,4134300175,2015-04-17,4,14866,1851000.0,high
5749,6744701310,2015-04-15,4,11972,1850000.0,high
15679,5026900235,2014-09-11,4,1880,1850000.0,high
11770,3592500800,2014-10-18,5,6060,1850000.0,high
4762,9201300050,2014-08-14,5,8442,1850000.0,high
12650,809001520,2014-11-05,4,6000,1850000.0,high
19681,1266200140,2015-05-06,4,10335,1850000.0,high
21166,4457300005,2015-03-25,4,11007,1839900.0,high
2858,6752500090,2015-01-27,4,39190,1835000.0,high
20920,2124069115,2014-10-21,4,215186,1830000.0,high
15567,5493110080,2014-08-15,3,39317,1825000.0,high
7911,1051000040,2015-04-24,3,20053,1824100.0,high
13400,1524069044,2014-10-09,4,88714,1822500.0,high
11105,4054530260,2014-06-27,4,53330,1820000.0,high
13984,4094800120,2014-06-19,5,13000,1815000.0,high
16193,1725059136,2014-11-21,4,12873,1815000.0,high
13787,5035300325,2015-04-14,3,15626,1810000.0,high
16580,8081500050,2015-03-02,5,20441,1810000.0,high
2320,1118000465,2015-03-12,3,8295,1810000.0,high
17407,9286730020,2015-03-31,5,20005,1802750.0,high
19272,1337300145,2014-07-21,4,8325,1800000.0,high
13267,5425700205,2014-05-20,4,16953,1800000.0,high
15512,4030100005,2014-12-09,5,39094,1800000.0,high
20369,4385700250,2015-04-07,4,4000,1800000.0,high
20471,323079101,2015-01-23,4,205603,1800000.0,high
14308,3528000040,2015-03-26,3,224442,1800000.0,high
8784,3343302110,2015-03-06,3,13295,1800000.0,high
21148,524059063,2014-05-06,5,10279,1800000.0,high
11284,5078400160,2014-06-05,5,15580,1800000.0,high
3035,1329000090,2014-12-19,4,39098,1799000.0,high
5829,9359100500,2014-05-27,4,13000,1795000.0,high
9553,9320100090,2014-06-10,5,17232,1795000.0,high
13851,5461300150,2014-12-11,5,20274,1795000.0,high
20224,3893100462,2015-02-25,5,8504,1789950.0,high
11829,4139420640,2014-10-30,4,14300,1785000.0,high
5451,7237501190,2014-10-10,4,13402,1780000.0,high
9573,644000040,2015-04-29,4,10912,1780000.0,high
17137,1370803180,2014-08-08,3,7800,1776000.0,high
13542,251500330,2014-10-14,3,19225,1775000.0,high
7387,5457300095,2015-01-07,4,7071,1775000.0,high
15135,8964800050,2015-03-04,3,14603,1770000.0,high
10913,2954400310,2014-09-15,4,38900,1769000.0,high
21383,644000115,2014-09-23,4,10249,1765000.0,high
13621,2525049266,2014-08-21,3,16000,1762000.0,high
2236,4139420370,2014-08-11,4,21630,1760000.0,high
9608,1337800805,2014-07-03,3,4800,1755000.0,high
15166,3304700130,2015-01-28,4,67953,1755000.0,high
21473,8085400586,2014-11-01,4,8975,1750000.0,high
16430,715010130,2015-02-02,6,13928,1750000.0,high
1161,7533800295,2014-08-19,4,7749,1750000.0,high
11574,1336800240,2014-05-08,6,5760,1750000.0,high
20168,250000010,2014-09-24,4,8400,1750000.0,high
20092,250000090,2014-07-14,4,7660,1750000.0,high
20830,715010140,2014-10-02,5,12739,1750000.0,high
12826,3025059072,2014-07-25,4,22710,1749000.0,high
5433,3885808005,2015-03-05,5,5500,1740000.0,high
3769,4219401080,2014-05-20,4,4545,1740000.0,high
9879,1118000935,2014-07-05,4,6513,1738000.0,high
17312,3585901025,2014-06-13,3,32093,1735000.0,high
2136,4219400520,2014-06-16,4,5000,1735000.0,high
18069,1561600056,2014-10-17,4,9654,1735000.0,high
7127,1024049024,2014-12-03,5,7700,1735000.0,high
11673,46100350,2014-06-30,5,26540,1730000.0,high
9836,4094800260,2014-11-26,4,20668,1730000.0,high
18432,6448000100,2014-06-17,4,20570,1728000.0,high
5864,4141800285,2014-07-14,4,8000,1727000.0,high
21485,1088100450,2014-07-25,5,35046,1720000.0,high
1944,1118001805,2014-07-24,4,7623,1715000.0,high
15667,1118001835,2014-12-23,4,7207,1715000.0,high
12295,3738000070,2015-03-09,5,6572,1712750.0,high
13758,3220200040,2014-06-16,3,5432,1712500.0,high
19848,4100500070,2014-05-27,5,14685,1710000.0,high
4408,5154200015,2015-04-14,3,27702,1705000.0,high
11398,2154500060,2014-12-03,5,17100,1705000.0,high
18146,8106100085,2014-05-09,5,23716,1702500.0,high
2461,2175100055,2014-12-30,5,14649,1700000.0,high
18791,1925069066,2014-06-23,3,18731,1700000.0,high
1420,8073000550,2015-04-15,4,17186,1700000.0,high
21568,524059330,2015-01-30,4,8963,1700000.0,high
10525,8146200070,2015-03-10,5,9360,1700000.0,high
2140,1224059053,2014-10-27,5,15250,1700000.0,high
7578,4141010110,2014-08-08,4,15335,1700000.0,high
13196,5493100366,2014-06-25,5,22885,1700000.0,high
10539,1623069046,2015-03-12,4,336283,1700000.0,high
20500,2311400145,2014-10-29,4,8234,1699990.0,high
11233,2655500241,2014-08-14,3,35153,1699000.0,high
13068,7856410411,2014-09-22,4,15246,1698890.0,high
9449,3472800065,2014-08-26,4,9687,1698000.0,high
21316,6600000050,2015-03-10,4,6240,1698000.0,high
5827,9829200250,2015-01-05,3,6600,1697000.0,high
19961,5078400215,2014-07-30,5,7067,1695000.0,high
18075,5457800930,2014-06-13,2,3000,1695000.0,high
9994,6738700335,2014-07-01,4,10900,1695000.0,high
9679,1370800700,2015-02-09,3,5350,1695000.0,high
6197,9178601660,2015-05-14,5,5354,1695000.0,high
5600,9808100185,2014-10-03,4,13515,1691000.0,high
15764,4219401236,2014-05-20,3,8965,1690000.0,high
14307,3528000040,2014-10-01,3,224442,1690000.0,high
13294,4219400580,2014-06-12,4,7500,1688000.0,high
10817,4139480350,2015-01-13,4,12941,1688000.0,high
15592,5093300280,2014-07-09,5,18707,1681000.0,high
18101,6648150040,2014-05-13,5,23723,1680000.0,high
9274,4139500410,2015-01-26,6,16747,1680000.0,high
9253,853600150,2014-05-24,4,68257,1680000.0,high
14032,3459900230,2014-11-25,4,29536,1680000.0,high
19736,3616600003,2015-03-02,3,16972,1680000.0,high
15668,4030100290,2014-10-01,5,7197,1680000.0,high
2200,1329000030,2014-09-04,4,34982,1680000.0,high
1730,5021900140,2014-11-20,5,11466,1679000.0,high
15722,9315600050,2015-03-17,5,19080,1675000.0,high
18828,1455100355,2014-07-08,3,8343,1675000.0,high
15263,629800660,2014-09-09,4,25412,1675000.0,high
3338,1959701745,2014-11-07,6,6600,1675000.0,high
4428,2125059013,2015-04-20,5,40816,1670000.0,high
12188,5350201180,2014-07-20,4,8395,1665000.0,high
11073,5154700060,2014-10-15,4,19200,1662000.0,high
16389,9544200277,2014-10-15,4,11189,1660000.0,high
11465,4218400671,2015-05-05,4,5500,1655000.0,high
8329,1370801520,2014-05-27,4,4815,1655000.0,high
13235,3262300322,2015-04-08,4,13530,1651000.0,high
16804,1068000255,2014-08-27,4,9567,1650000.0,high
10958,1652500060,2014-07-11,8,20666,1650000.0,high
2565,7856400240,2015-02-11,4,9750,1650000.0,high
2179,3343301920,2015-03-02,3,8890,1650000.0,high
13492,9413900035,2015-01-09,4,7500,1650000.0,high
12350,8964800860,2015-02-09,4,11904,1650000.0,high
18511,8964800975,2014-07-31,4,14904,1650000.0,high
12287,1651800030,2014-08-29,4,20400,1650000.0,high
15415,777100005,2014-11-22,3,6203,1650000.0,high
17838,3024059057,2015-05-01,4,16065,1650000.0,high
3777,3885803245,2015-03-05,5,8400,1650000.0,high
7077,2724079090,2015-01-05,4,881654,1650000.0,high
17596,1824079052,2015-04-01,4,210394,1650000.0,high
9737,4104500181,2014-08-12,4,12500,1648000.0,high
7844,8084900195,2014-11-21,6,16200,1646000.0,high
14995,4054550010,2015-04-13,5,118047,1640000.0,high
13633,3528900401,2014-07-01,3,5445,1640000.0,high
15692,6117502230,2014-12-01,3,21164,1637500.0,high
15924,7533800170,2014-07-07,3,6765,1636000.0,high
2112,7787400030,2014-06-09,5,26784,1635000.0,high
17324,9809000010,2015-01-06,5,16583,1629000.0,high
8174,9279700150,2015-02-12,4,8112,1625000.0,high
14233,5318101565,2014-07-03,4,3600,1625000.0,high
5739,6613000585,2015-01-08,3,9362,1620500.0,high
2564,7856400240,2014-06-27,4,9750,1620000.0,high
11843,2450500060,2014-08-26,4,8114,1620000.0,high
16268,3025300250,2015-05-13,4,17709,1620000.0,high
11878,2288900140,2014-12-18,3,4000,1620000.0,high
7269,4139470010,2014-10-06,4,12281,1615000.0,high
14774,9412400220,2014-07-10,4,18200,1612500.0,high
2790,824059331,2014-11-08,5,13260,1610000.0,high
10951,853600310,2014-08-28,5,142725,1610000.0,high
13189,5093300325,2014-05-23,4,11600,1610000.0,high
12884,3861470120,2014-11-26,4,25807,1610000.0,high
7493,2655500235,2015-04-10,4,19088,1605000.0,high
11837,4139910160,2015-04-01,5,32840,1600000.0,high
5666,9253900417,2015-01-28,3,19593,1600000.0,high
15118,3616600250,2014-05-27,3,19000,1600000.0,high
7404,524059148,2014-06-06,4,9583,1600000.0,high
15874,7403200050,2014-11-13,3,23065,1600000.0,high
1987,1118002090,2014-06-28,3,7200,1600000.0,high
7433,9362000080,2015-03-16,5,20925,1600000.0,high
527,3225079035,2014-06-18,6,230652,1600000.0,high
18628,5318100965,2015-02-17,4,3600,1600000.0,high
4189,6613000750,2014-10-01,4,5000,1600000.0,high
2449,4389200796,2014-05-22,3,12824,1600000.0,high
5368,7215900020,2014-12-09,4,9486,1600000.0,high
16301,1130000005,2014-07-15,3,5000,1600000.0,high
20824,191100435,2014-09-26,5,10125,1600000.0,high
11267,3536900030,2015-02-09,3,21052,1600000.0,high
2563,8722100570,2015-04-03,4,5735,1600000.0,high
2429,5026900160,2015-04-24,5,5374,1600000.0,high
20452,1125079111,2015-04-15,4,871200,1600000.0,high
2620,2624059036,2014-10-03,5,43123,1599950.0,high
3586,9272200090,2015-02-04,4,6000,1598890.0,high
20342,1489300005,2014-08-01,5,7500,1598000.0,high
19928,6600000217,2015-04-03,4,7757,1595000.0,high
12100,8655000070,2014-06-01,5,8239,1595000.0,high
17902,3761100180,2014-09-17,4,13341,1595000.0,high
8540,8964800755,2015-01-16,4,11131,1590000.0,high
19764,7430200060,2015-04-24,4,11063,1583000.0,high
10949,8085400055,2015-04-28,4,16304,1582500.0,high
14352,9471201175,2014-05-06,4,10920,1580000.0,high
6962,3885806105,2014-05-21,3,7200,1580000.0,high
11729,2303900045,2014-06-23,4,74487,1580000.0,high
6398,2524049148,2015-03-17,4,20031,1580000.0,high
13399,5093301285,2015-03-27,4,10500,1580000.0,high
15072,251610020,2015-05-08,4,19991,1580000.0,high
722,2225059214,2014-08-08,4,51836,1578000.0,high
21597,191100405,2015-04-21,4,10125,1575000.0,high
1894,3066120030,2015-01-27,4,9916,1575000.0,high
3821,5452301810,2014-09-05,5,9240,1575000.0,high
10840,6117502220,2014-11-17,3,22672,1575000.0,high
20144,5021900635,2014-10-28,3,14250,1575000.0,high
3526,6448000090,2014-05-12,5,20150,1575000.0,high
4967,8678500020,2014-12-13,4,131116,1575000.0,high
4220,3342104046,2014-07-08,4,18226,1570000.0,high
1100,7237500390,2014-11-10,5,14731,1570000.0,high
3407,5318100645,2014-05-27,4,5850,1570000.0,high
1848,3271800295,2015-02-03,5,5800,1569500.0,high
2046,1118001370,2015-01-02,3,8828,1568000.0,high
15892,4389200876,2014-07-01,4,12750,1565000.0,high
9656,4389200753,2014-08-19,4,8570,1565000.0,high
10982,1330300451,2014-12-17,3,8500,1565000.0,high
9375,226059096,2014-11-18,5,67319,1565000.0,high
10526,624069050,2015-04-07,4,323215,1565000.0,high
5958,2524049215,2015-05-01,4,17000,1564350.0,high
19956,2311400195,2015-03-03,5,8100,1563100.0,high
17470,8084900170,2014-10-23,5,16200,1562000.0,high
10979,1925059200,2015-04-07,4,17853,1557600.0,high
6868,3262300235,2014-11-26,5,16238,1555000.0,high
21505,9468200109,2014-06-17,3,6240,1555000.0,high
20933,2652501565,2015-04-23,3,4920,1550000.0,high
2181,6448600060,2015-02-26,5,20805,1550000.0,high
419,8678500060,2014-07-10,5,171626,1550000.0,high
19334,3892500150,2014-05-21,3,26027,1550000.0,high
13419,2525049246,2014-10-17,2,15593,1550000.0,high
17647,3754501240,2015-02-06,3,4600,1550000.0,high
12365,5451300117,2015-04-22,4,17677,1550000.0,high
19270,6613000375,2015-03-17,4,5000,1550000.0,high
16120,2574900080,2014-05-13,5,17458,1550000.0,high
11686,6096500105,2015-04-30,4,3000,1545000.0,high
2399,3395000070,2014-09-27,4,15139,1544500.0,high
9556,3179100180,2015-05-07,5,6960,1540000.0,high
16392,3896100130,2014-06-17,3,7599,1538000.0,high
21600,249000205,2014-10-15,5,8088,1537000.0,high
7343,4289900005,2014-12-30,4,4100,1535000.0,high
15049,8924600020,2014-11-14,4,10050,1535000.0,high
19814,3758900075,2014-05-07,5,8076,1532500.0,high
8862,2524049257,2014-09-18,4,16940,1530000.0,high
1835,7015200335,2014-06-19,4,5131,1525000.0,high
5850,3585900500,2015-04-02,4,21000,1525000.0,high
7346,4139910250,2015-02-10,4,35070,1525000.0,high
5059,1125069153,2014-08-22,4,111078,1525000.0,high
15848,5608000190,2014-07-14,5,13288,1520000.0,high
14865,2617900035,2014-12-01,6,11690,1520000.0,high
19276,2397100705,2014-07-14,4,5328,1518630.0,high
5716,9201300020,2014-08-11,3,9409,1517000.0,high
6670,5608000630,2014-11-03,4,11795,1515000.0,high
8136,2597450620,2014-10-09,3,12105,1511250.0,high
20623,1832100055,2014-06-30,5,11250,1510000.0,high
3153,1336800015,2014-05-21,4,5800,1506000.0,high
216,46100204,2015-02-21,5,33474,1505000.0,high
18992,7856400300,2015-03-22,2,9400,1505000.0,high
2781,5701500030,2014-06-01,4,7232,1505000.0,high
21323,9402800005,2014-10-28,3,3610,1500000.0,high
18382,7923250090,2015-03-10,3,9015,1500000.0,high
14953,2344300170,2014-08-15,5,12240,1500000.0,high
12018,8964800390,2014-05-08,3,12757,1500000.0,high
10504,6669200200,2015-03-19,5,11500,1500000.0,high
14096,1338800365,2014-05-07,6,6480,1500000.0,high
20518,3232200085,2015-04-28,6,3959,1500000.0,high
14297,7237500360,2014-11-06,4,12968,1500000.0,high
18876,9808700025,2015-02-11,3,21374,1500000.0,high
9193,3885804390,2015-04-21,4,5222,1500000.0,high
3100,622069006,2014-08-20,4,217374,1500000.0,high
14419,629800540,2014-09-09,4,26319,1500000.0,high
19466,2397101185,2015-03-03,5,5400,1500000.0,high
7064,327000050,2014-12-12,4,7199,1500000.0,high
16348,5700004040,2014-09-05,3,8505,1500000.0,high
5162,9320200050,2014-12-16,4,25697,1500000.0,high
5755,4139490190,2014-07-11,4,12426,1500000.0,high
3924,4141800215,2014-11-26,4,4000,1495000.0,high
3989,629000615,2014-10-22,4,10375,1495000.0,high
7231,6448000020,2015-01-29,4,18480,1490000.0,high
16218,9522300010,2015-03-31,3,14608,1490000.0,high
4743,31000165,2014-09-11,5,7821,1490000.0,high
21344,8835770170,2014-08-22,5,279968,1488000.0,high
6952,4139500080,2014-07-18,4,13077,1488000.0,high
8692,8835401250,2015-05-06,6,6440,1485000.0,high
7550,3885805175,2014-10-01,4,7200,1485000.0,high
509,3885805665,2014-06-12,4,10800,1485000.0,high
20823,7582700075,2014-10-02,4,6120,1485000.0,high
691,5450900060,2014-09-23,5,19252,1484900.0,high
9658,4217401035,2015-05-07,3,5000,1482500.0,high
20152,8920100066,2014-08-20,4,15411,1481000.0,high
14961,5700003810,2014-07-23,4,7200,1480000.0,high
2023,3892500070,2014-07-28,3,26000,1480000.0,high
20703,5167000140,2014-07-11,3,2264,1480000.0,high
5936,2911700020,2014-07-21,3,22518,1476000.0,high
17095,4217401365,2014-12-10,5,10300,1475000.0,high
8068,5317100530,2014-08-27,4,6179,1475000.0,high
14681,4139910180,2015-01-14,5,31570,1475000.0,high
13548,6762700515,2015-04-21,3,5000,1475000.0,high
11855,1118001360,2015-02-18,3,7080,1475000.0,high
5680,6645900010,2014-11-20,4,10189,1470000.0,high
15347,4139900050,2014-05-19,4,34460,1468000.0,high
7668,6169900580,2014-07-09,6,6420,1465000.0,high
14685,98000150,2015-01-02,4,22093,1465000.0,high
19986,9551201240,2014-10-30,4,4000,1465000.0,high
4757,868001705,2015-02-06,3,9900,1465000.0,high
12225,1251200045,2014-06-20,5,4800,1462500.0,high
5769,9197800010,2014-10-17,4,14353,1460000.0,high
21486,98300230,2015-04-28,4,130208,1459000.0,high
17240,1338800280,2014-09-29,4,6900,1457000.0,high
17245,1235100328,2015-02-25,5,11334,1454000.0,high
8163,1724069079,2015-03-19,2,3128,1452000.0,high
450,4055700030,2015-05-02,3,24920,1450000.0,high
12217,824059324,2015-03-25,4,8301,1450000.0,high
18519,3760500455,2015-02-24,3,15720,1450000.0,high
11217,8964800695,2015-03-27,3,13529,1450000.0,high
7813,1689400375,2014-08-05,4,3900,1450000.0,high
17209,3025300225,2014-10-31,5,19865,1450000.0,high
19708,7324900016,2014-10-21,5,9090,1450000.0,high
19667,9831200172,2015-02-27,4,2199,1450000.0,high
6355,4340000080,2015-03-27,4,7809,1450000.0,high
19433,3528900330,2014-07-07,4,4103,1450000.0,high
6297,7855000460,2014-10-07,3,9671,1450000.0,high
21525,2625069038,2014-11-24,4,108865,1450000.0,high
7270,629800380,2014-10-13,4,24603,1450000.0,high
11572,6645950070,2015-04-01,4,38012,1450000.0,high
551,1373800295,2014-10-13,3,6320,1450000.0,high
125,4389200955,2015-03-02,4,17789,1450000.0,high
7644,6169901085,2014-08-07,4,3600,1445000.0,high
6121,1377300005,2015-04-01,4,8580,1445000.0,high
18005,5494000040,2014-12-01,4,9547,1444000.0,high
11924,9831200520,2014-10-06,4,5000,1443920.0,high
4535,5556300076,2015-04-23,3,9705,1442500.0,high
14639,8835900220,2014-08-28,2,16637,1442500.0,high
3687,809002680,2014-10-14,4,6000,1440000.0,high
8041,2025049111,2014-06-19,3,3819,1440000.0,high
8644,5456000025,2014-12-01,5,8000,1438890.0,high
6855,1102000527,2014-09-02,4,9231,1437500.0,high
6390,4139430250,2015-03-30,4,16582,1436000.0,high
19297,856000985,2014-11-06,4,7364,1430800.0,high
12104,4232900310,2014-10-29,5,3600,1430000.0,high
6823,8964800225,2015-03-03,3,12017,1430000.0,high
1818,9290900160,2014-09-11,4,27589,1430000.0,high
7135,868002335,2015-03-04,3,9204,1430000.0,high
14972,1336800670,2014-12-29,5,6240,1425000.0,high
17401,6819100020,2014-05-29,4,6000,1425000.0,high
15912,98000130,2015-03-24,4,24054,1425000.0,high
16106,4385700425,2014-05-05,2,4000,1425000.0,high
11676,7419500200,2015-04-01,5,11438,1420000.0,high
5675,7933250050,2014-10-28,5,4500,1419000.0,high
18427,4139900120,2014-06-05,4,43950,1415000.0,high
3906,4055700378,2014-10-09,4,38016,1415000.0,high
19068,6613001241,2014-08-11,4,4408,1415000.0,high
18991,7856400300,2014-07-02,2,9400,1411600.0,high
19600,284000025,2015-04-20,2,18525,1410000.0,high
18892,5427100150,2014-06-26,4,16684,1410000.0,high
21520,7237550100,2014-08-25,4,50621,1408760.0,high
8838,2524049018,2014-12-05,5,16789,1406890.0,high
4627,3225059223,2014-05-19,4,10769,1405000.0,high
18914,9253900408,2015-04-08,3,19530,1400000.0,high
11226,4054530240,2015-04-27,4,66613,1400000.0,high
14013,1336800880,2014-08-22,4,5160,1400000.0,high
11874,3931900510,2014-08-29,4,7800,1400000.0,high
1423,1370801331,2014-08-04,4,9630,1400000.0,high
9133,2102700025,2014-10-09,5,9270,1400000.0,high
2314,2451000070,2015-04-02,4,8879,1400000.0,high
16253,5315100277,2014-05-13,5,7924,1400000.0,high
20005,148000475,2014-05-28,4,9160,1400000.0,high
4335,4217401055,2014-05-02,4,4000,1400000.0,high
11695,5699000070,2014-05-28,4,7000,1400000.0,high
19357,3585300194,2015-03-24,5,32700,1400000.0,high
16025,1370801440,2015-03-25,4,7815,1400000.0,high
11268,328000160,2014-12-11,5,7920,1400000.0,high
3187,1118001645,2015-01-30,3,6073,1400000.0,high
4937,1250203070,2014-05-14,3,7200,1400000.0,high
10177,1370800935,2014-06-18,3,5500,1400000.0,high
11998,2068000270,2014-08-05,5,14990,1400000.0,high
2845,9359100750,2014-10-31,4,10550,1400000.0,high
16844,8823900290,2015-03-17,9,5508,1400000.0,high
314,4139480200,2014-12-09,4,12103,1400000.0,high
16524,3303850290,2015-04-09,5,22326,1400000.0,high
7236,1245002391,2014-10-22,5,6907,1400000.0,high
21150,1692900095,2014-06-18,4,10046,1399950.0,high
10390,5316100106,2014-10-10,3,3600,1399000.0,high
7501,2525049133,2015-04-02,5,14959,1398000.0,high
15245,629000605,2015-02-27,3,10044,1398000.0,high
9666,1338300180,2014-07-29,4,8640,1395710.0,high
6959,723000114,2014-05-05,5,8510,1395000.0,high
16831,2798000020,2014-08-15,4,16782,1395000.0,high
15229,1326059142,2014-10-28,4,128502,1395000.0,high
7426,2524000050,2014-12-12,3,21578,1393000.0,high
18861,3931900580,2015-03-13,4,3900,1389000.0,high
16933,6448000010,2015-04-28,4,20384,1388000.0,high
19471,2566300100,2015-03-27,5,11340,1388000.0,high
9695,524059250,2014-09-22,4,17400,1388000.0,high
18655,9829201020,2014-11-18,3,6653,1388000.0,high
17412,4122900020,2014-06-26,4,20001,1388000.0,high
18256,2225039103,2014-06-26,3,5500,1387800.0,high
16359,2579500101,2015-04-21,4,10880,1387000.0,high
7008,713500020,2015-04-21,4,24767,1387000.0,high
16081,3885801190,2014-07-30,4,7200,1385000.0,high
4015,6169901130,2014-09-11,3,3600,1385000.0,high
20345,5608000010,2014-08-11,4,15365,1385000.0,high
5049,7856410430,2014-05-30,6,20000,1385000.0,high
484,2625069070,2015-04-10,4,181319,1385000.0,high
2818,5035300850,2014-11-10,5,6480,1385000.0,high
18202,3204300455,2014-08-22,3,6000,1385000.0,high
313,4139480200,2014-06-18,4,12103,1384000.0,high
11207,191100672,2014-05-27,4,9525,1381000.0,high
17200,2524049108,2015-05-12,5,18827,1380000.0,high
2668,4139500200,2015-03-05,6,10312,1380000.0,high
3934,1269200229,2014-07-23,3,38038,1379900.0,high
11018,7153200160,2015-01-14,5,6360,1378600.0,high
21521,7430500110,2014-12-09,5,12230,1378000.0,high
14647,1234000704,2015-04-03,5,8680,1378000.0,high
10405,3885804260,2014-10-24,4,9523,1375000.0,high
17844,9528105305,2015-01-21,4,4500,1375000.0,high
19725,4083306045,2014-10-29,5,5042,1375000.0,high
21551,1561750040,2014-12-24,5,13405,1375000.0,high
1584,8964800370,2014-10-22,3,10572,1375000.0,high
14940,3627800050,2014-07-15,5,22763,1375000.0,high
8808,7855200120,2014-05-09,4,9450,1370000.0,high
11715,486000520,2014-06-06,2,16940,1370000.0,high
6916,9359100101,2015-04-14,5,13843,1370000.0,high
16038,4139420430,2014-06-11,5,17258,1365000.0,high
270,4054500390,2014-10-07,4,57346,1365000.0,high
2339,1724069062,2014-07-14,2,3444,1365000.0,high
10111,4217401180,2014-05-30,3,6000,1365000.0,high
17690,856001130,2015-02-23,4,8960,1364000.0,high
9323,3536900110,2014-10-09,3,21318,1362500.0,high
19564,1625069101,2014-07-07,4,108900,1360000.0,high
20340,6389970010,2015-03-23,4,12626,1360000.0,high
9112,7352200100,2015-02-24,2,14138,1360000.0,high
19562,3271800910,2014-07-01,4,5800,1356920.0,high
18266,9286000110,2014-08-14,5,13990,1355000.0,high
16729,4039800080,2014-05-29,5,13703,1355000.0,high
1440,7431500341,2015-04-24,3,21399,1355000.0,high
792,8081020370,2014-07-09,4,11000,1355000.0,high
10244,1689401230,2014-06-25,3,4775,1355000.0,high
3708,822069112,2015-04-23,4,89298,1350000.0,high
21321,2387600010,2015-03-03,4,12495,1350000.0,high
17930,3625049079,2014-08-01,3,9600,1350000.0,high
17569,1370800940,2014-07-21,3,5500,1350000.0,high
6545,2581300010,2014-06-09,4,15907,1350000.0,high
384,713500030,2014-07-28,5,14984,1350000.0,high
17289,6813600605,2015-01-28,4,7440,1350000.0,high
10499,8712100350,2014-09-09,4,5164,1350000.0,high
4027,8964800930,2015-03-17,4,10296,1350000.0,high
16335,191100275,2014-09-26,4,9525,1350000.0,high
13770,1795800040,2014-09-03,4,20388,1350000.0,high
12705,2804600155,2015-05-07,4,3728,1350000.0,high
9519,3401700150,2015-04-23,5,38816,1350000.0,high
16582,9103000715,2014-11-12,4,5217,1350000.0,high
20174,1424069056,2014-08-05,4,61419,1350000.0,high
49,822039084,2015-03-11,3,65005,1350000.0,high
6583,8562720420,2015-04-30,4,8611,1349000.0,high
9044,4151800410,2014-10-31,5,5971,1348000.0,high
16741,629860010,2015-04-29,4,9827,1348000.0,high
16004,4122900190,2014-05-12,5,20021,1346400.0,high
4674,2998800110,2015-03-25,4,4920,1345000.0,high
12349,1251200055,2014-06-26,4,5040,1340000.0,high
14923,6613000715,2014-07-21,4,4905,1340000.0,high
14199,1370803460,2014-05-07,3,5500,1340000.0,high
6518,3885806565,2015-01-30,4,6349,1339000.0,high
6477,7936500190,2014-10-21,4,34689,1339000.0,high
2254,1922000070,2014-06-09,4,19387,1339000.0,high
4426,7781600100,2014-09-05,3,38869,1338750.0,high
6561,1025039292,2014-10-30,4,21074,1337500.0,high
6770,1336800010,2014-06-13,5,5800,1335000.0,high
15840,7351200050,2014-12-18,4,13342,1335000.0,high
9333,3324079089,2014-11-21,4,202554,1335000.0,high
20244,5317100294,2014-11-13,4,5126,1333000.0,high
15297,6169900545,2014-06-25,3,2885,1330000.0,high
19895,2579500181,2015-04-07,4,9776,1330000.0,high
1471,5452800310,2015-04-20,5,10796,1328000.0,high
13491,1336800065,2015-03-24,4,4640,1328000.0,high
10098,868002015,2015-02-25,3,8330,1326000.0,high
10697,486000510,2014-05-23,4,7920,1325000.0,high
8906,4219400555,2014-11-24,3,5000,1325000.0,high
20813,9301300270,2015-02-23,3,2758,1325000.0,high
21532,324069112,2014-06-17,4,16526,1325000.0,high
18631,1337800665,2014-08-11,4,4800,1325000.0,high
3869,1732800820,2014-06-19,4,3600,1325000.0,high
3009,1342300265,2014-10-01,4,4760,1325000.0,high
9076,2424059052,2014-07-10,6,10213,1325000.0,high
13728,9578050120,2014-08-08,4,37076,1325000.0,high
11488,2883200139,2015-03-06,4,3672,1325000.0,high
6009,2125049024,2014-06-20,4,6280,1325000.0,high
69,1802000060,2014-06-12,5,20158,1325000.0,high
8028,9541600110,2015-04-30,3,8400,1325000.0,high
2125,4379600030,2014-07-29,3,76665,1325000.0,high
17723,7576700150,2014-10-01,3,5504,1325000.0,high
2836,7582700100,2014-11-11,3,4080,1324050.0,high
18004,1438700040,2014-08-25,5,19447,1321620.0,high
947,2925059135,2015-04-08,3,12968,1321500.0,high
17941,8081020330,2014-07-29,4,11843,1320000.0,high
16136,5556300114,2014-12-19,3,42693,1320000.0,high
8241,3262301355,2014-07-25,3,20104,1320000.0,high
17756,4139900210,2014-06-20,4,36200,1320000.0,high
7536,1860600535,2014-12-20,4,3600,1320000.0,high
3121,7237500590,2014-11-17,4,10369,1320000.0,high
9914,6137500310,2015-02-13,5,36342,1315000.0,high
18606,9533600100,2014-12-08,4,10292,1315000.0,high
5293,3856900507,2014-05-12,4,3997,1315000.0,high
1817,1337300070,2014-09-24,4,6105,1315000.0,high
12818,2397100975,2015-02-20,6,7200,1313000.0,high
20184,4221900305,2015-01-21,3,6300,1312000.0,high
15430,9550202140,2014-11-17,4,5625,1311000.0,high
757,9273200140,2015-01-21,2,3938,1310000.0,high
16594,9106000005,2015-05-27,4,5000,1310000.0,high
7436,3459600440,2014-11-25,5,16600,1310000.0,high
5117,9412400185,2014-06-19,4,13912,1309500.0,high
16187,6117500460,2014-06-30,4,12215,1309500.0,high
10766,269001331,2014-09-09,5,7863,1308000.0,high
16294,3528900086,2014-05-08,5,3200,1307000.0,high
3277,8085400490,2014-08-01,5,8100,1306000.0,high
15328,1257200050,2014-07-31,5,4080,1305000.0,high
12236,1025039320,2015-04-27,4,5000,1305000.0,high
20257,8924100372,2015-04-23,4,5334,1302000.0,high
9547,868001790,2015-03-16,3,7936,1300000.0,high
15213,1651800010,2014-07-02,4,21600,1300000.0,high
4255,913000315,2014-06-05,6,3880,1300000.0,high
3928,7135520300,2015-04-07,3,16365,1300000.0,high
427,9808650060,2015-02-25,3,15021,1300000.0,high
16184,1925059073,2014-10-10,5,19180,1300000.0,high
7458,7237550130,2014-05-20,4,74052,1300000.0,high
15835,5317100780,2014-05-12,4,9687,1300000.0,high
10278,1441600160,2014-07-23,4,14021,1300000.0,high
16837,4441300170,2015-01-12,4,11857,1300000.0,high
12854,1732800865,2014-10-02,4,4160,1300000.0,high
8337,2770604925,2014-07-15,5,6400,1300000.0,high
12005,1959700445,2014-07-25,4,5500,1300000.0,high
12204,1193000390,2014-06-20,5,7800,1300000.0,high
20252,8563010130,2014-07-25,3,7752,1300000.0,high
1539,3425059222,2014-11-24,6,32670,1300000.0,high
20939,1778500620,2014-07-07,4,4000,1300000.0,high
11606,4139910030,2015-03-02,5,33310,1300000.0,high
12609,269000970,2015-04-02,5,7680,1300000.0,high
738,6613000140,2014-11-13,3,5979,1300000.0,high
7200,3629890190,2014-06-06,4,6002,1300000.0,high
20569,8895800110,2014-08-05,5,5929,1299890.0,high
18866,2175100205,2015-03-23,5,10800,1298890.0,high
17142,191100235,2014-06-03,4,10125,1298000.0,high
16588,1370800825,2014-08-23,4,5658,1298000.0,high
5160,9551201585,2014-07-01,6,9420,1297000.0,high
6994,2954400190,2014-06-24,0,28008,1295650.0,high
11093,3179100055,2014-12-09,5,8504,1295000.0,high
15038,1370800680,2015-03-24,3,5350,1295000.0,high
8418,1924059254,2015-05-08,5,15246,1295000.0,high
12682,5460500040,2015-04-21,5,9270,1295000.0,high
14682,7278100515,2014-08-21,2,19449,1295000.0,high
11413,9472200060,2014-11-05,3,12690,1295000.0,high
15798,1525069134,2015-03-12,4,90169,1295000.0,high
5054,4217400305,2015-03-31,4,4000,1295000.0,high
3455,3026059085,2015-03-17,5,290980,1290000.0,high
7986,3886903615,2015-04-16,4,7200,1290000.0,high
20488,8691440220,2015-02-02,5,8030,1289990.0,high
2794,9808640320,2015-01-02,4,2261,1289000.0,high
12425,904000045,2014-06-23,3,11394,1289000.0,high
6465,2877104175,2014-09-10,5,4060,1289000.0,high
17246,4141010050,2015-01-21,3,12625,1288000.0,high
3664,8081030090,2014-08-15,4,13175,1288000.0,high
11909,1924059319,2015-03-20,5,11358,1288000.0,high
20422,6788200596,2014-10-16,4,3800,1285000.0,high
14215,8156600210,2015-03-26,5,5100,1285000.0,high
8474,4139490210,2014-07-30,4,14450,1285000.0,high
16199,4218400005,2015-01-30,3,9200,1285000.0,high
4211,9471200115,2014-05-28,4,10800,1285000.0,high
17600,7237500650,2015-02-13,5,9466,1284000.0,high
3439,5482700115,2014-10-20,4,15450,1280600.0,high
11787,8127700390,2014-12-15,4,5500,1280000.0,high
2466,9275700016,2014-07-06,4,4620,1280000.0,high
6079,9822700190,2014-08-08,9,5000,1280000.0,high
11727,811000055,2014-09-25,4,4500,1280000.0,high
489,5423010350,2015-02-10,5,9500,1280000.0,high
19531,3303850360,2014-06-25,4,17398,1280000.0,high
16020,5318100840,2014-06-06,4,3600,1280000.0,high
20039,1646502355,2015-04-03,4,4120,1280000.0,high
1133,7135520810,2014-07-30,4,17832,1278000.0,high
20838,3425069117,2014-08-28,6,27490,1275000.0,high
13593,1068000559,2014-10-03,4,8448,1275000.0,high
13257,9253900210,2014-07-07,3,46609,1275000.0,high
20864,1245003268,2014-11-06,4,8126,1275000.0,high
4275,8651100110,2014-12-09,4,16454,1275000.0,high
9512,8894200150,2014-12-17,4,10766,1275000.0,high
9935,2818100060,2014-05-20,4,7861,1275000.0,high
21105,9544200422,2014-07-31,4,8850,1274950.0,high
12657,1336300610,2015-04-02,4,5000,1272500.0,high
2641,1727850340,2014-09-29,4,13729,1272000.0,high
13466,4385701285,2014-12-23,4,4000,1272000.0,high
7663,8085400355,2014-12-04,5,9520,1270000.0,high
20996,1424059154,2014-05-16,4,8313,1270000.0,high
885,3323500030,2014-06-04,5,17204,1270000.0,high
18782,1126059201,2015-05-04,5,35192,1268890.0,high
20458,7237501380,2015-05-07,4,13404,1267500.0,high
19973,711000110,2014-09-15,3,9576,1266520.0,high
18327,4218400175,2015-02-23,3,5657,1265000.0,high
3129,1084000107,2014-12-02,4,6000,1265000.0,high
9176,5351200265,2014-09-11,4,3604,1265000.0,high
1706,1336300445,2015-04-22,4,2646,1265000.0,high
19649,2213000030,2014-05-12,4,9170,1264000.0,high
19912,7576200012,2014-07-17,2,3917,1262000.0,high
14547,9365700385,2014-07-14,4,16950,1260500.0,high
4559,9272201250,2015-03-30,2,7225,1260000.0,high
13107,9273200145,2014-10-10,3,3960,1260000.0,high
16567,7603100095,2014-11-10,3,8625,1260000.0,high
14803,3835502815,2014-09-25,3,9930,1260000.0,high
12033,4232400400,2014-09-29,4,5400,1260000.0,high
19908,1245003330,2014-07-31,4,9003,1260000.0,high
20841,3630200340,2014-10-01,4,6000,1258000.0,high
15768,3625500130,2014-05-30,4,13700,1256500.0,high
19837,4233600260,2014-12-30,5,12042,1255780.0,high
7172,1025049174,2014-05-15,4,7535,1255000.0,high
6778,3625600190,2015-04-09,4,13100,1255000.0,high
13153,5316100220,2015-03-19,4,7200,1250000.0,high
4439,3585900495,2014-11-10,3,18505,1250000.0,high
8148,9273200115,2014-12-17,4,12500,1250000.0,high
9713,723000226,2014-10-28,3,4815,1250000.0,high
669,7613700521,2014-08-02,4,5000,1250000.0,high
12918,7974700150,2015-05-01,5,4798,1250000.0,high
2084,5317100570,2014-12-15,3,4944,1250000.0,high
1530,4054510270,2014-08-27,4,41263,1250000.0,high
9954,7215720070,2014-08-06,5,32909,1250000.0,high
13163,9322800230,2014-12-12,4,20240,1250000.0,high
10977,6065300570,2014-06-24,4,15600,1250000.0,high
18057,736100065,2015-03-10,4,15375,1250000.0,high
20818,9279700013,2014-07-10,3,5353,1250000.0,high
8792,1370801020,2014-07-09,4,5500,1250000.0,high
10859,3505100126,2014-06-26,3,8500,1250000.0,high
2896,5451200600,2014-06-02,5,13238,1250000.0,high
6593,1125069102,2015-04-27,4,217800,1250000.0,high
11631,3585900045,2014-10-22,5,28300,1250000.0,high
11753,3134100023,2014-11-25,4,13000,1250000.0,high
16260,8965510190,2014-06-10,4,21755,1250000.0,high
16068,7856660130,2014-12-04,5,13874,1250000.0,high
3514,5452301800,2014-07-22,4,9240,1250000.0,high
18412,3124059006,2014-05-08,4,24166,1250000.0,high
8375,1125049140,2015-01-26,3,13120,1250000.0,high
5439,1923000050,2015-03-30,5,12719,1250000.0,high
7730,2600010220,2015-03-26,4,11350,1250000.0,high
8053,333100265,2014-09-24,4,10043,1250000.0,high
1935,6738700320,2015-04-14,4,6000,1249000.0,high
9422,2125059123,2015-04-14,5,44431,1249000.0,high
7428,1732801300,2014-10-08,2,3313,1248000.0,high
8445,724069023,2015-04-14,1,5070,1247000.0,high
7330,2450000290,2014-12-15,5,8113,1245000.0,high
10268,669000350,2014-09-26,3,8400,1245000.0,high
2516,2818600060,2014-09-04,6,14150,1245000.0,high
1072,7855300200,2015-03-19,4,8500,1242500.0,high
20973,1239400650,2014-11-07,4,10183,1242000.0,high
20563,715010110,2014-08-04,5,13726,1240420.0,high
18975,1778360150,2014-06-20,7,13782,1240000.0,high
6109,7613700950,2014-06-10,5,7500,1240000.0,high
8536,3879901295,2014-11-10,3,1973,1240000.0,high
3718,9294300600,2015-04-15,4,6139,1240000.0,high
6512,1250204835,2014-09-08,4,6990,1240000.0,high
21258,2424059163,2014-07-09,5,10327,1240000.0,high
13591,686550040,2014-06-19,4,13224,1240000.0,high
20322,5556300098,2014-06-12,5,14380,1240000.0,high
20069,3630200300,2014-07-25,4,6000,1238000.0,high
20136,3226069049,2014-12-08,4,41327,1237500.0,high
2578,2954400520,2015-04-30,4,49936,1237500.0,high
11763,8127700132,2015-03-26,5,4628,1236300.0,high
4523,7871500485,2015-04-27,3,3852,1236000.0,high
11215,8923100125,2014-06-20,5,6551,1234580.0,high
3452,2559950110,2015-04-22,2,609,1234570.0,high
9172,1338800785,2015-03-06,4,4600,1234000.0,high
18393,3879901285,2015-03-26,3,1967,1230000.0,high
3463,7768700315,2014-06-30,3,14630,1230000.0,high
1681,7355700171,2014-06-10,4,7000,1230000.0,high
18304,1425039029,2014-09-23,5,6656,1230000.0,high
1444,6137500320,2014-06-25,4,37034,1229000.0,high
10385,3225069301,2014-06-12,4,44947,1228000.0,high
10084,4141000060,2014-12-05,4,10319,1227500.0,high
19468,3271800870,2014-08-07,4,5800,1225000.0,high
16951,7151700585,2014-11-25,5,5000,1225000.0,high
11040,1118001631,2015-01-12,3,7700,1225000.0,high
14545,2326059080,2014-08-01,3,79279,1225000.0,high
3480,868000615,2014-12-31,4,11542,1225000.0,high
13988,5427110040,2014-06-09,4,16007,1225000.0,high
19255,1854750090,2014-07-16,3,11491,1225000.0,high
3891,1525059160,2014-07-31,4,95396,1225000.0,high
10511,1068000520,2014-05-06,4,6906,1225000.0,high
18722,7204200025,2014-10-28,4,49456,1225000.0,high
5,7237550310,2014-05-12,4,101930,1225000.0,high
1247,9103000393,2014-09-10,5,4426,1225000.0,high
19055,3625710100,2014-05-12,4,16028,1225000.0,high
15120,2533300680,2014-10-07,3,4500,1225000.0,high
14255,1338300555,2015-03-20,6,4320,1225000.0,high
21590,7430200100,2014-05-14,4,9444,1222500.0,high
15376,2652501470,2014-05-21,4,3600,1220000.0,high
9710,1250201610,2015-04-17,3,5600,1220000.0,high
599,8651100140,2014-08-05,4,15367,1220000.0,high
15467,1929300305,2014-06-23,4,3944,1220000.0,high
16441,4340000010,2014-10-30,3,7544,1220000.0,high
16074,7457000005,2014-09-26,4,8125,1220000.0,high
2455,1370800830,2015-05-05,3,6132,1220000.0,high
1498,9272200810,2015-03-16,4,4750,1218000.0,high
8328,2600020330,2014-08-13,4,15400,1218000.0,high
801,7855801610,2014-05-19,4,8684,1216000.0,high
17508,3761100257,2014-07-14,3,16339,1215000.0,high
2477,1300301840,2015-04-25,4,9600,1215000.0,high
5460,2050000020,2014-06-24,4,53574,1215000.0,high
7845,4139420590,2014-05-20,4,16643,1212500.0,high
18209,1762600090,2015-04-24,4,35120,1211000.0,high
4140,9184700600,2014-12-01,4,6000,1210000.0,high
6984,203100440,2014-09-11,3,24740,1210000.0,high
11934,3179101580,2014-05-28,4,6982,1210000.0,high
17778,1872900065,2015-04-10,3,13600,1210000.0,high
15108,7852160170,2015-04-22,4,18069,1210000.0,high
19981,1489300215,2014-10-13,4,9000,1210000.0,high
11517,629800520,2014-09-03,4,26162,1209000.0,high
8539,9808700650,2015-03-13,3,8520,1208000.0,high
3921,7237500110,2015-04-04,4,10925,1208000.0,high
3256,540100057,2015-04-28,4,10949,1208000.0,high
20275,1024069215,2014-09-12,5,12015,1206690.0,high
4599,3592500866,2015-04-02,3,5520,1206500.0,high
17306,6610000591,2014-10-21,4,5500,1205000.0,high
20344,1245003220,2014-08-19,5,8000,1205000.0,high
20370,6430500182,2015-04-03,4,7650,1205000.0,high
19759,8924100370,2014-09-15,4,5335,1205000.0,high
17956,2436200436,2014-07-08,4,5500,1205000.0,high
9052,7135520650,2014-12-12,5,13497,1205000.0,high
6285,1762600280,2014-07-14,3,28718,1202500.0,high
16625,4139660430,2015-05-05,5,28531,1200690.0,high
2075,3623500260,2014-05-12,3,8078,1200000.0,high
17521,8081020380,2015-02-17,4,11688,1200000.0,high
935,4441300240,2015-03-31,3,22410,1200000.0,high
16364,2663000345,2015-04-08,4,4200,1200000.0,high
16862,525069127,2014-05-23,4,172497,1200000.0,high
11598,7237501040,2014-06-17,4,9748,1200000.0,high
10427,742000060,2014-12-30,3,13310,1200000.0,high
8705,1257200315,2014-07-05,4,4275,1200000.0,high
4589,6852700246,2014-09-23,5,4000,1200000.0,high
20593,170000060,2014-10-08,5,4400,1200000.0,high
16377,3262300920,2015-04-08,4,8119,1200000.0,high
1123,7237501180,2014-06-25,4,13470,1200000.0,high
5043,4219400290,2014-05-02,5,9480,1200000.0,high
7846,4139420590,2014-08-27,4,16643,1200000.0,high
7271,8965520190,2014-10-30,3,16622,1200000.0,high
9925,3623500049,2015-05-01,4,13114,1200000.0,high
5886,9808590460,2015-02-18,4,10702,1200000.0,high
19613,7525950110,2014-08-28,4,19842,1200000.0,high
17180,1126059108,2015-04-23,4,43560,1200000.0,high
16100,7281300010,2014-08-22,3,10842,1200000.0,high
17341,4232902335,2014-08-14,5,2800,1200000.0,high
8478,4141000490,2014-10-21,4,13118,1200000.0,high
1328,4232400860,2014-06-30,4,3360,1200000.0,high
8764,8562720410,2014-08-07,5,10576,1200000.0,high
16225,284000095,2014-09-22,2,17861,1200000.0,high
5667,4128500380,2015-04-27,4,12796,1200000.0,high
12277,5315100784,2015-04-24,4,13044,1199500.0,high
472,8820902200,2014-11-13,4,8400,1199000.0,high
1627,1338801019,2014-07-01,4,3850,1198000.0,high
503,1245002952,2014-10-15,4,7800,1197350.0,high
10348,8712100435,2014-11-10,4,4407,1197000.0,high
2088,4139420070,2014-09-10,5,19606,1195000.0,high
4699,6648150090,2015-01-08,4,9517,1195000.0,high
12067,3622900200,2014-06-27,5,13297,1195000.0,high
5922,3024059126,2014-07-03,5,18129,1195000.0,high
2956,2597460090,2015-03-16,3,9645,1195000.0,high
14727,269000085,2014-07-08,4,6654,1195000.0,high
8047,5316100820,2015-01-22,3,1620,1195000.0,high
4173,4122500100,2015-02-11,5,14989,1191000.0,high
12211,1727850350,2014-11-12,4,12164,1190000.0,high
9252,7352200025,2014-10-13,2,8112,1190000.0,high
15977,8651200080,2014-06-19,5,19126,1190000.0,high
17919,7424700145,2014-07-30,3,3333,1190000.0,high
15526,4094800190,2014-06-23,4,13194,1190000.0,high
18923,809002290,2014-05-19,4,6000,1190000.0,high
16013,5536100020,2015-05-12,3,15788,1190000.0,high
4298,1794501390,2015-05-01,3,2700,1190000.0,high
2355,1425069116,2014-11-07,4,217800,1187500.0,high
15804,7363600185,2015-03-30,3,10625,1187500.0,high
12336,1422200496,2014-09-24,3,6117,1186040.0,high
19196,1525059198,2014-05-21,3,40946,1185000.0,high
17177,1336800185,2014-06-17,3,5568,1185000.0,high
16552,4217402162,2014-07-25,3,7875,1185000.0,high
16736,2818600010,2015-03-14,7,8342,1185000.0,high
16352,3303980470,2014-12-01,4,12895,1185000.0,high
6762,3754501235,2014-10-01,3,4600,1185000.0,high
2308,6788200800,2015-05-07,4,3000,1185000.0,high
11591,629000510,2014-07-30,4,8622,1185000.0,high
7391,8925100255,2014-06-12,4,7500,1184000.0,high
16520,9185700414,2014-05-22,3,7200,1180500.0,high
11471,2524049250,2014-09-21,5,16553,1180000.0,high
14811,1797500230,2014-08-18,4,4000,1180000.0,high
13123,2322069010,2014-10-07,5,94089,1180000.0,high
20578,424069279,2015-03-28,6,10955,1180000.0,high
19977,7237550110,2015-04-24,4,74052,1180000.0,high
15915,3885805896,2014-06-10,5,6000,1180000.0,high
8754,1025069255,2014-10-23,4,49503,1175000.0,high
1583,3271801090,2015-04-30,4,7220,1175000.0,high
1768,2721600125,2015-02-05,5,5618,1175000.0,high
9667,624110540,2014-12-05,4,20822,1175000.0,high
11115,7936500172,2014-05-28,3,23180,1175000.0,high
20921,3864000120,2015-04-08,4,10099,1175000.0,high
9808,1024069205,2015-01-14,4,49658,1175000.0,high
1417,7663700030,2015-05-03,2,7155,1175000.0,high
21375,6061500100,2014-07-17,6,7760,1174660.0,high
11379,3860900003,2014-06-17,4,6251,1170000.0,high
7461,5451200280,2015-04-02,5,12031,1170000.0,high
13470,4104500191,2014-05-22,3,12130,1170000.0,high
13425,809002295,2014-10-29,5,6000,1169000.0,high
12429,98001070,2014-08-18,5,13252,1169000.0,high
11322,6065301040,2014-08-14,5,15118,1168000.0,high
2618,9829200566,2014-06-30,3,5001,1165000.0,high
10541,5451200370,2015-02-09,4,10487,1165000.0,high
5025,3362401611,2015-03-25,4,4500,1165000.0,high
18716,669000210,2014-07-16,3,5000,1165000.0,high
3476,98000750,2014-10-21,5,15959,1165000.0,high
11352,1854750030,2015-04-07,3,8072,1164000.0,high
18968,327000100,2014-10-22,4,26742,1161000.0,high
13722,4039700870,2015-02-19,5,9680,1160000.0,high
15694,1624059224,2014-06-18,4,9700,1160000.0,high
14716,1922000180,2015-04-02,4,13959,1160000.0,high
5178,6447300345,2015-04-06,4,15438,1160000.0,high
15836,2597450250,2014-07-30,4,10361,1160000.0,high
9538,5608010750,2014-08-29,4,15724,1160000.0,high
4626,4178700100,2014-07-15,4,43995,1160000.0,high
13956,8805900065,2014-11-12,5,7019,1160000.0,high
18715,4218400395,2014-07-28,3,5572,1160000.0,high
7283,5605000430,2014-09-17,4,5450,1160000.0,high
5669,1338600185,2014-06-24,3,5925,1157400.0,high
9603,1926069192,2014-05-09,4,52889,1157200.0,high
18607,4139430410,2014-11-07,4,12305,1156000.0,high
6982,824059265,2014-10-01,3,10464,1155000.0,high
4295,7781600025,2014-10-23,3,24691,1155000.0,high
5295,1068000235,2014-06-05,4,8051,1155000.0,high
6471,4139480190,2014-09-16,3,10623,1153000.0,high
4878,8805900430,2014-12-29,4,4875,1151250.0,high
15241,1854750010,2014-08-20,3,9624,1150000.0,high
16726,1245000461,2014-07-03,5,8921,1150000.0,high
5099,1725059182,2014-07-01,4,10422,1150000.0,high
8593,3425059219,2014-09-29,3,34848,1150000.0,high
7779,8081010040,2014-09-11,3,24437,1150000.0,high
21501,4233600150,2015-02-03,5,8252,1150000.0,high
4413,868001030,2014-09-15,4,18000,1150000.0,high
18675,8925100115,2014-10-15,2,9300,1150000.0,high
6098,1424059022,2014-07-08,3,48743,1150000.0,high
1171,1117200390,2014-05-07,4,103382,1150000.0,high
7366,8917100020,2014-06-06,3,16600,1150000.0,high
10633,624110860,2015-04-27,4,20609,1150000.0,high
18957,327000165,2015-04-13,4,30122,1150000.0,high
19622,7351200295,2015-01-14,3,6788,1150000.0,high
4399,524069019,2014-11-20,4,262666,1150000.0,high
9945,2225059336,2014-10-06,6,49542,1150000.0,high
5751,3630180500,2014-10-06,5,6218,1150000.0,high
4369,4166600115,2014-11-21,3,75889,1150000.0,high
7868,8089500180,2014-07-30,4,19767,1150000.0,high
2740,1552100135,2014-06-09,3,10474,1150000.0,high
5561,2954400020,2015-02-05,4,35000,1150000.0,high
11947,3303980140,2015-04-02,4,13170,1150000.0,high
13853,6795100330,2014-06-25,3,18815,1150000.0,high
16697,3323500010,2015-01-07,3,15120,1150000.0,high
15222,1424069069,2014-05-22,6,219542,1150000.0,high
473,8651610890,2014-10-14,4,10259,1150000.0,high
19231,1853000530,2015-03-12,4,37034,1150000.0,high
1586,2954400400,2014-11-12,4,49091,1150000.0,high
20923,7852070210,2014-05-27,4,11533,1149000.0,high
12733,1245003006,2014-11-10,4,9889,1149000.0,high
13314,627300145,2014-08-14,10,10920,1148000.0,high
7579,6641040100,2014-05-15,4,10308,1146800.0,high
10460,3528900060,2014-06-26,3,4000,1145000.0,high
679,7852070060,2014-07-31,4,18361,1145000.0,high
3958,1925059194,2014-12-09,4,20242,1145000.0,high
11589,1118001820,2014-06-15,4,5801,1142000.0,high
9684,724069065,2014-07-03,3,33503,1140000.0,high
13418,2481630180,2014-06-25,4,127631,1140000.0,high
9840,7852011070,2015-01-09,6,20197,1140000.0,high
18367,1370803445,2014-09-09,4,6500,1140000.0,high
21114,1024069027,2014-07-23,4,11467,1139990.0,high
20434,8691440330,2014-09-29,5,6530,1138990.0,high
18512,4473400155,2015-04-17,4,4200,1137500.0,high
18594,3023069166,2014-07-08,5,217800,1135250.0,high
13002,7732650040,2014-09-03,4,10602,1135000.0,high
3189,3524039209,2014-05-06,4,8103,1135000.0,high
20738,7882600326,2014-12-03,5,11237,1135000.0,high
11685,1126069045,2014-06-20,6,244716,1135000.0,high
1803,3303980520,2015-04-23,4,11444,1135000.0,high
4363,2770605550,2015-03-10,4,4296,1135000.0,high
13110,3758900220,2014-12-26,4,17621,1135000.0,high
10749,3317500070,2015-04-08,4,10004,1135000.0,high
1374,6117500320,2014-07-08,3,13791,1131000.0,high
4680,9471201110,2015-04-06,4,8400,1130000.0,high
3103,6613000015,2014-12-23,4,4649,1130000.0,high
20729,3758900023,2014-05-21,4,8519,1130000.0,high
4623,2581900165,2014-10-21,4,8406,1130000.0,high
11927,3528000310,2015-04-27,5,28008,1130000.0,high
11037,3860400060,2014-08-01,4,11200,1130000.0,high
13496,5634500688,2015-03-25,6,24700,1127500.0,high
1106,2505500030,2014-07-03,4,8281,1127000.0,high
2446,7856640560,2014-06-04,5,13885,1126000.0,high
11482,6819100111,2014-12-11,4,2600,1125000.0,high
1882,2402100575,2014-06-13,6,4360,1125000.0,high
11442,4083305085,2014-05-20,6,3192,1125000.0,high
13293,5015001215,2015-04-23,4,4000,1125000.0,high
7681,9286000150,2015-03-30,6,18116,1125000.0,high
2920,4232400110,2014-11-11,5,5640,1125000.0,high
4701,1169000057,2014-10-06,6,9378,1125000.0,high
3076,1692900110,2015-03-20,5,13394,1125000.0,high
10989,1222069129,2015-03-27,4,422096,1125000.0,high
16488,9542100005,2014-10-24,5,10260,1125000.0,high
5307,3293200190,2014-12-13,4,62365,1122500.0,high
15286,7011201306,2015-02-12,4,1774,1120280.0,high
15698,3582900280,2014-06-06,5,18500,1120000.0,high
15594,2346800461,2014-06-13,5,6660,1120000.0,high
11045,2481620310,2014-05-14,4,60373,1120000.0,high
639,6379500640,2015-04-09,3,5750,1120000.0,high
394,1923000030,2014-07-28,4,16619,1118000.0,high
18554,6738700205,2015-05-05,4,4000,1115500.0,high
18731,3303980210,2015-04-27,4,14212,1115000.0,high
12364,9464700340,2014-07-08,4,31931,1115000.0,high
9249,2523039054,2015-02-10,3,22873,1115000.0,high
14456,1373800330,2015-04-20,4,11191,1115000.0,high
7669,4232401265,2014-10-20,5,3600,1112750.0,high
6077,8941100095,2014-09-23,6,6224,1112500.0,high
20769,5244801550,2014-09-16,4,2650,1112000.0,high
2713,7851980260,2014-07-30,5,12231,1110000.0,high
8413,2021200530,2015-02-25,4,6600,1110000.0,high
12096,9541600295,2015-04-24,4,8640,1110000.0,high
12149,1424200070,2014-05-07,4,13300,1110000.0,high
11602,2436200200,2014-07-01,5,4000,1110000.0,high
5961,8155800050,2015-04-22,3,31796,1110000.0,high
15522,3459900305,2014-12-11,4,19354,1110000.0,high
8556,8965500880,2014-09-16,4,9380,1108000.0,high
21426,1070000180,2014-10-15,4,4760,1107460.0,high
20816,5556300116,2014-12-29,5,7560,1105000.0,high
15009,809001060,2014-05-13,4,4000,1105000.0,high
11108,9287800135,2014-07-14,5,5000,1105000.0,high
20197,9206500250,2014-09-09,4,8899,1104500.0,high
14157,6908200155,2015-01-22,4,5040,1103990.0,high
1504,6202600070,2014-11-06,5,27311,1102030.0,high
2367,3508100135,2015-03-16,3,4830,1101000.0,high
13426,7533800325,2014-05-20,3,6888,1100000.0,high
3257,2652500300,2014-06-03,4,3200,1100000.0,high
15529,1818800235,2014-09-05,4,7750,1100000.0,high
14275,5430300120,2014-11-13,5,7620,1100000.0,high
4430,3526039160,2014-08-14,3,16857,1100000.0,high
16660,3835500005,2014-05-28,2,11900,1100000.0,high
822,2021200370,2014-09-01,3,5000,1100000.0,high
5760,623059016,2014-07-17,4,11774,1100000.0,high
21196,1238900130,2015-01-05,4,4164,1100000.0,high
18529,9241900115,2015-03-24,4,5760,1100000.0,high
19859,8895800200,2014-10-17,4,5625,1100000.0,high
19989,1725059330,2015-03-27,4,9470,1100000.0,high
12019,7533800885,2014-10-27,3,7200,1100000.0,high
6667,1245500950,2015-05-04,4,6300,1100000.0,high
18588,4389200761,2015-01-28,3,8570,1100000.0,high
3438,7000100711,2014-06-21,3,20000,1100000.0,high
8816,7855400330,2014-06-04,5,8737,1100000.0,high
13345,1370801565,2014-10-30,4,8881,1100000.0,high
9858,3720800070,2015-01-27,4,5500,1100000.0,high
12696,2344300220,2014-07-14,4,7597,1100000.0,high
9215,7856400410,2014-07-29,4,8540,1100000.0,high
9775,5318100200,2014-05-27,3,4050,1100000.0,high
10081,3592500340,2015-03-13,5,4643,1100000.0,high
5063,7237550020,2014-07-03,4,60123,1100000.0,high
18183,2424059119,2014-10-14,4,41636,1100000.0,high
1838,7855000550,2014-12-01,4,13800,1100000.0,high
6072,7511000050,2015-03-02,5,22547,1100000.0,high
3352,5021900090,2015-03-06,5,18050,1100000.0,high
799,6838800140,2015-02-24,4,40097,1100000.0,high
91,5036300431,2015-03-11,5,6353,1099880.0,high
8987,5035300650,2014-06-03,4,6000,1099500.0,high
14638,2225059170,2014-09-17,6,107362,1098000.0,high
5718,98000980,2015-04-27,4,16219,1098000.0,high
18111,3303990410,2014-11-11,5,12110,1096500.0,high
20894,3364900040,2014-08-28,3,5100,1095000.0,high
875,6306400140,2014-06-12,0,4764,1095000.0,high
9352,8127700735,2014-06-16,4,8400,1095000.0,high
185,825059270,2014-11-21,5,12850,1095000.0,high
17629,1247100035,2014-06-30,4,9143,1095000.0,high
512,7322910030,2014-07-21,5,57063,1095000.0,high
9664,2944010210,2015-02-18,4,21894,1093000.0,high
9402,425069020,2014-05-05,4,141570,1090000.0,high
8673,4151800530,2014-10-28,4,6837,1090000.0,high
15560,1326059182,2015-04-06,5,107157,1089000.0,high
4401,7855900110,2014-07-18,4,11350,1088890.0,high
21593,8672200110,2015-03-17,5,8142,1088000.0,high
103,2450000295,2014-10-07,3,8113,1088000.0,high
5742,1224049005,2014-07-08,2,11340,1087500.0,high
5509,8121100715,2015-02-09,3,6041,1086000.0,high
12561,3760500730,2014-07-28,4,10830,1085500.0,high
15230,3754501205,2015-04-29,3,7500,1085000.0,high
21143,1121000357,2014-08-27,4,6541,1085000.0,high
5065,4385700660,2014-08-07,3,4000,1085000.0,high
17234,7796000095,2015-01-06,3,34850,1085000.0,high
9129,5700002510,2014-06-11,5,6000,1085000.0,high
18776,4147200040,2015-04-14,5,13068,1085000.0,high
13203,624110610,2014-05-15,4,12080,1085000.0,high
2177,3317500030,2015-03-16,3,11019,1085000.0,high
10433,5364200695,2015-03-17,4,5000,1084500.0,high
11692,8818400340,2015-04-23,4,4325,1081000.0,high
15055,2469000010,2015-03-23,4,12172,1081000.0,high
13529,7504021490,2014-05-12,3,11610,1080000.0,high
17709,3271300365,2015-04-07,3,5800,1080000.0,high
19554,224059025,2014-06-20,3,43560,1080000.0,high
21071,2163900081,2015-02-20,3,1891,1080000.0,high
21248,2911700010,2015-03-03,3,21477,1080000.0,high
14703,8123450450,2015-03-10,5,11340,1080000.0,high
9305,7701960720,2014-10-17,4,35267,1080000.0,high
11272,6154500030,2014-06-26,4,5267,1080000.0,high
9745,1102000270,2014-07-01,3,7216,1080000.0,high
20751,2856100935,2014-09-23,5,5610,1079000.0,high
19856,7237501370,2014-07-17,4,12727,1079000.0,high
11340,3407700012,2014-11-06,4,41458,1078500.0,high
3490,203100690,2015-04-25,4,42733,1078000.0,high
1355,6844703240,2014-07-02,3,10302,1075000.0,high
21052,5556300109,2014-11-21,5,7560,1075000.0,high
12591,7922900040,2014-05-22,4,9200,1075000.0,high
8978,1724069060,2015-05-07,2,1767,1075000.0,high
3459,5451200110,2014-12-04,4,10920,1075000.0,high
15501,2581900235,2014-11-10,4,8100,1075000.0,high
15681,1726059134,2014-10-10,3,56628,1075000.0,high
14037,5700003221,2014-12-10,4,7389,1075000.0,high
4316,7639900025,2014-06-28,4,8750,1075000.0,high
13250,2523089025,2015-02-10,3,435600,1075000.0,high
3853,9184700535,2015-04-13,4,5000,1075000.0,high
4696,7851980100,2014-06-05,5,17811,1075000.0,high
12331,6329000070,2014-10-15,3,21480,1072500.0,high
218,1250202145,2014-08-28,2,14864,1072000.0,high
8909,2436200395,2014-06-10,3,4622,1070000.0,high
11168,624110810,2015-03-25,3,13264,1070000.0,high
5304,3303980660,2014-06-03,4,12320,1070000.0,high
17087,3585900080,2015-03-26,6,21400,1070000.0,high
14840,2424059018,2014-06-12,4,35445,1070000.0,high
7380,1370801435,2014-11-05,3,6090,1070000.0,high
17305,452002135,2015-04-22,4,5000,1070000.0,high
12455,3303960060,2014-06-19,5,9938,1068000.0,high
486,9286000240,2014-07-11,6,11793,1067000.0,high
8954,3524039202,2015-04-20,3,7232,1065500.0,high
7833,3125079013,2015-04-30,3,263538,1065000.0,high
21357,3797001702,2014-12-16,5,3000,1065000.0,high
7272,925059193,2014-07-09,4,9800,1065000.0,high
2596,8056000075,2014-05-21,2,9466,1065000.0,high
10690,1245000685,2014-06-25,5,7947,1065000.0,high
21158,4233600190,2015-03-16,3,8252,1065000.0,high
18400,3024059149,2014-11-12,4,12930,1065000.0,high
9204,809003085,2015-04-01,3,3545,1065000.0,high
11507,3885806840,2015-03-16,3,5002,1065000.0,high
18200,624110110,2015-02-22,5,13165,1063000.0,high
1396,98000060,2014-07-14,4,20041,1062500.0,high
18426,6788201240,2015-03-18,4,6000,1062500.0,high
3233,2877104265,2015-04-15,4,4000,1062000.0,high
21204,2428100080,2014-10-01,4,6695,1061600.0,high
20085,6790830090,2015-04-15,4,8417,1060000.0,high
12044,5456000570,2014-12-30,3,22343,1060000.0,high
14821,7525950180,2014-07-01,4,16015,1060000.0,high
6866,1236300290,2014-10-22,4,8100,1060000.0,high
5024,98000950,2014-12-10,4,14757,1060000.0,high
20625,3630200960,2014-08-26,4,9979,1060000.0,high
3726,1437580600,2015-03-31,5,7924,1060000.0,high
10584,191100140,2015-03-16,4,10160,1060000.0,high
19625,2856102105,2014-06-10,5,3825,1059500.0,high
19226,98000870,2014-10-01,4,16271,1059000.0,high
6153,3585900460,2015-05-01,6,20000,1058800.0,high
16267,1561600095,2014-05-14,4,11137,1058000.0,high
16299,472000895,2014-09-22,4,5000,1057000.0,high
21548,8835770330,2014-08-19,2,184231,1057000.0,high
4098,3407700047,2014-10-29,3,189852,1055000.0,high
20674,7768800160,2014-08-27,4,6481,1054710.0,high
19685,1070000390,2014-07-02,4,3979,1054690.0,high
9110,8650700090,2014-08-13,4,12840,1052500.0,high
18685,3325069064,2015-03-26,3,44431,1052000.0,high
5989,9275700005,2015-04-27,3,6092,1052000.0,high
15192,3625059109,2014-05-08,4,33976,1051000.0,high
20166,3630200780,2014-05-22,4,5474,1051000.0,high
18378,2025049161,2014-05-06,3,1970,1050000.0,high
9000,6742700210,2014-11-19,3,4500,1050000.0,high
1593,1250203335,2014-05-27,4,7200,1050000.0,high
18626,2485000076,2015-01-22,4,8580,1050000.0,high
2209,269000240,2014-10-30,5,7680,1050000.0,high
9381,7732650120,2014-07-28,4,9949,1050000.0,high
9969,8722100810,2014-07-08,4,3433,1050000.0,high
2456,7632400400,2015-03-20,3,29982,1050000.0,high
20755,7172200125,2014-08-27,3,5119,1050000.0,high
8807,3303980090,2015-03-06,4,11054,1050000.0,high
10683,5451300105,2014-07-20,3,12076,1050000.0,high
19790,2391601195,2015-04-30,4,5750,1050000.0,high
6243,5536100010,2015-02-04,4,9729,1050000.0,high
19149,7935000450,2014-09-19,3,15022,1050000.0,high
17493,2804600005,2014-12-19,3,4077,1050000.0,high
1052,1762600260,2014-05-22,4,35021,1050000.0,high
4928,7203230010,2014-10-15,4,8331,1050000.0,high
15060,4122500095,2015-04-13,5,18625,1050000.0,high
7542,5332200515,2015-02-09,3,5512,1050000.0,high
13403,524069020,2015-04-22,4,54013,1050000.0,high
10981,98000960,2014-05-13,4,16625,1050000.0,high
5205,3303960250,2015-05-07,4,11588,1050000.0,high
21179,2224069109,2015-04-27,4,25020,1050000.0,high
4474,5701700011,2014-05-23,3,42769,1050000.0,high
10469,2025069037,2015-02-10,4,48037,1050000.0,high
21469,1245002281,2014-05-12,4,11000,1050000.0,high
18890,3394100230,2014-05-22,4,12590,1050000.0,high
17513,1370802455,2014-08-13,4,4606,1050000.0,high
14808,7855000325,2015-02-20,4,10757,1050000.0,high
10782,8562720390,2014-08-25,4,8709,1050000.0,high
4379,223039330,2015-04-07,3,5093,1050000.0,high
460,6154500070,2014-06-26,4,7832,1050000.0,high
20250,635000009,2014-11-12,2,2390,1050000.0,high
16343,293760050,2014-06-27,4,13833,1050000.0,high
21425,8924100308,2015-02-03,4,5974,1050000.0,high
4581,5460600110,2015-04-23,6,12741,1050000.0,high
21033,7203230040,2014-10-27,5,9588,1049990.0,high
2884,2523069192,2014-07-08,4,126759,1049000.0,high
16694,8722100825,2015-04-29,3,3357,1049000.0,high
11305,486000597,2014-08-11,3,7005,1047500.0,high
15535,5015000346,2014-11-04,4,4000,1047000.0,high
15358,5316100255,2014-09-04,2,3600,1046250.0,high
1904,2397101200,2014-12-21,4,3600,1045000.0,high
14589,6861700156,2014-10-27,4,4000,1045000.0,high
13448,2426059124,2014-12-16,4,47480,1045000.0,high
7254,5015001045,2014-08-26,4,4000,1045000.0,high
4192,4083304535,2014-11-14,4,4560,1045000.0,high
627,8925100390,2015-04-06,3,9375,1042500.0,high
14899,2125059163,2014-07-03,4,43560,1042030.0,high
20267,8835800010,2014-12-23,4,270236,1042000.0,high
19647,2937300550,2014-10-29,5,7232,1040890.0,high
14700,293760150,2014-10-17,4,8490,1040000.0,high
70,1525059190,2014-09-12,5,50094,1040000.0,high
20025,3758900259,2014-05-07,4,8391,1040000.0,high
6754,5700001640,2014-05-08,4,5000,1039000.0,high
6191,3935900005,2015-05-01,4,11343,1039000.0,high
4106,7701450110,2014-08-15,4,10893,1038000.0,high
7068,2025059150,2014-07-02,4,13296,1038000.0,high
1754,5608000700,2014-09-18,3,10615,1038000.0,high
5240,31200020,2015-03-19,5,8904,1038000.0,high
13433,7237500530,2014-07-09,4,10660,1037000.0,high
19987,2726059144,2015-04-10,5,10194,1037000.0,high
1061,7203220260,2014-07-16,5,6642,1035480.0,high
20077,1070000110,2014-12-18,4,5932,1035290.0,high
15352,1238501188,2014-08-08,4,9131,1035000.0,high
4673,7631800025,2014-06-06,4,11240,1035000.0,high
6602,1762600190,2014-12-29,4,47502,1035000.0,high
10737,4054510310,2014-12-01,4,51908,1035000.0,high
7802,1245500690,2014-06-02,3,5750,1035000.0,high
15101,686800080,2014-06-12,4,10858,1034500.0,high
20501,8895800090,2014-05-12,4,5187,1033890.0,high
13672,3179100220,2015-04-27,4,6708,1031000.0,high
15237,1241500351,2014-09-29,3,35741,1031000.0,high
16327,3776300010,2015-02-24,4,5607,1030000.0,high
11944,7856410030,2014-05-05,5,16920,1030000.0,high
12536,644200065,2015-03-06,4,11200,1030000.0,high
6015,9551201660,2014-06-13,4,4800,1030000.0,high
6913,6738700225,2014-09-12,4,4000,1030000.0,high
14894,7855400630,2014-09-22,5,8200,1030000.0,high
446,2024069128,2014-11-10,3,9816,1030000.0,high
20072,3760500407,2014-05-21,3,13095,1030000.0,high
949,4139430340,2014-10-15,3,13384,1029900.0,high
20216,6061500130,2014-07-14,4,18645,1029280.0,high
5902,3303980500,2014-09-05,4,11200,1029000.0,high
19133,7151700360,2014-12-11,5,3011,1028950.0,high
6214,3271300345,2015-03-23,3,5800,1028000.0,high
2215,2600140070,2015-04-09,4,10202,1027500.0,high
18770,2344300180,2014-06-19,3,10500,1027000.0,high
2091,2175100270,2014-06-04,3,8000,1025000.0,high
7476,1337801060,2015-03-05,3,4800,1025000.0,high
21208,323059327,2014-07-03,4,10860,1025000.0,high
5001,3625710080,2014-06-26,4,19850,1025000.0,high
14526,1930301325,2015-04-23,3,4000,1025000.0,high
10283,98001000,2014-10-07,5,16500,1025000.0,high
235,1762600320,2014-06-10,5,28040,1025000.0,high
21460,825059349,2014-07-01,4,8501,1020000.0,high
16649,1860600290,2014-06-27,3,4800,1020000.0,high
3957,7525530100,2014-09-08,5,17841,1020000.0,high
14971,4217400680,2014-10-06,4,4800,1020000.0,high
11013,3693900885,2014-12-02,6,5000,1020000.0,high
16805,1240700170,2014-06-09,4,19290,1017100.0,high
5656,7796100050,2014-07-30,4,41041,1017000.0,high
11421,9808630260,2015-03-18,3,2216,1017000.0,high
2408,8562900240,2014-11-14,3,11340,1015000.0,high
6511,1024039049,2014-05-12,3,34527,1015000.0,high
2007,2207500695,2015-03-04,4,4760,1015000.0,high
12199,9275702405,2015-01-14,3,8502,1015000.0,high
4633,1370802600,2014-07-03,3,4000,1015000.0,high
16891,1370802335,2014-07-28,3,5629,1015000.0,high
20425,2526069092,2014-08-08,4,207141,1015000.0,high
13735,5332200530,2015-04-24,5,4000,1015000.0,high
3547,1257201130,2014-10-01,4,4590,1015000.0,high
8387,4389201021,2014-07-01,3,12855,1014250.0,high
10946,2025059204,2014-07-30,4,12688,1013050.0,high
2486,2600140370,2014-07-03,4,16263,1012000.0,high
4250,6905200215,2015-03-31,3,4480,1011000.0,high
21477,7010700308,2014-11-12,4,4000,1010800.0,high
891,1962200435,2014-11-10,4,5400,1010000.0,high
19526,7011201325,2014-10-28,4,5400,1010000.0,high
5786,2944000170,2014-06-11,4,29224,1010000.0,high
20143,1563102965,2014-08-11,4,5000,1010000.0,high
8831,3885804225,2014-06-24,2,9052,1010000.0,high
10665,7852160310,2014-08-14,4,15877,1010000.0,high
8615,9301300215,2014-06-17,3,1923,1010000.0,high
2153,2880100160,2014-11-19,4,3752,1010000.0,high
2931,7977201240,2015-03-11,4,4080,1010000.0,high
4025,7605800090,2015-01-08,3,5805,1010000.0,high
13224,5016002240,2014-10-08,3,7500,1010000.0,high
14356,1245500730,2014-12-08,5,10930,1010000.0,high
3550,1525059112,2014-10-18,3,41339,1008000.0,high
9409,1257202430,2014-06-17,4,3060,1008000.0,high
21606,7936000429,2015-03-26,4,7200,1007500.0,high
14192,723000150,2015-04-08,3,5000,1005000.0,high
11980,3425069083,2014-06-25,4,284011,1005000.0,high
15587,4139910170,2014-12-16,5,35600,1005000.0,high
8819,5191100180,2014-11-06,5,3080,1005000.0,high
3282,2125059112,2015-03-26,5,50094,1003000.0,high
19194,1337800220,2014-09-08,4,3600,1003000.0,high
8177,1257200115,2014-05-21,4,6120,1003000.0,high
19024,6815100085,2014-12-24,4,8000,1001000.0,high
2717,9808590310,2015-04-08,3,10739,1000750.0,high
5690,1453602360,2015-04-06,3,24500,1000000.0,high
18794,126059310,2014-11-30,3,52302,1000000.0,high
6085,7605800050,2014-06-02,3,5832,1000000.0,high
15686,1311030430,2014-08-04,5,15857,1000000.0,high
6836,1024039001,2014-07-17,4,16538,1000000.0,high
2653,5459500125,2014-08-05,6,9675,1000000.0,high
15431,7855300460,2014-09-23,3,8900,1000000.0,high
19260,3276940100,2014-05-22,4,18687,1000000.0,high
16539,5605000440,2014-12-15,3,5450,1000000.0,high
655,5196410260,2015-04-22,3,10492,1000000.0,high
9809,5426300060,2014-10-08,3,15952,1000000.0,high
2241,7015200136,2015-05-03,5,5210,1000000.0,high
4960,5606000233,2015-04-24,5,5700,1000000.0,high
8804,1186000065,2015-04-16,3,3750,1000000.0,high
11059,6669000070,2014-08-05,4,11436,1000000.0,high
7710,644200040,2014-05-15,5,16258,1000000.0,high
4959,868001402,2015-03-05,4,12528,1000000.0,high
13798,3585900150,2014-05-19,2,23400,1000000.0,high
432,3454000060,2014-07-22,4,3277,1000000.0,high
14607,629000704,2014-07-29,4,15648,1000000.0,high
13573,1251200155,2014-09-11,4,4200,1000000.0,high
3252,3343301910,2014-10-20,5,8944,1000000.0,high
12351,9551200270,2014-08-25,5,9450,1000000.0,high
7854,9129100040,2014-08-25,4,8587,1000000.0,high
18188,3885808210,2015-01-20,3,5610,1000000.0,high
18748,5457800740,2015-04-07,3,6360,1000000.0,high
5689,4083306345,2015-05-04,4,4560,1000000.0,high
21533,524059322,2015-02-26,3,4097,999999.0,high
9742,686900030,2015-03-23,3,22464,999950.0,high
20865,8010100220,2014-10-14,4,4684,999950.0,high
8516,3425059141,2014-05-28,7,34830,999000.0,high
21328,1238501184,2014-07-08,4,10849,999000.0,high
2964,2322029048,2014-11-19,3,505166,999000.0,high
18756,424069112,2014-06-16,4,19168,999000.0,high
15322,3585900305,2014-10-30,3,23292,999000.0,high
14402,1623300325,2014-10-21,5,2700,999000.0,high
11057,868000575,2014-08-19,3,8000,998800.0,high
11034,1337800830,2015-01-07,3,4800,998500.0,high
13028,9839301165,2014-10-01,2,4400,998500.0,high
6458,7856410020,2015-03-09,2,16050,998160.0,high
8908,3317500100,2015-02-20,5,10207,998000.0,high
3949,722069232,2014-09-05,4,982998,998000.0,high
14798,424069018,2014-09-05,3,34412,998000.0,high
5676,2600140500,2014-12-16,4,10189,998000.0,high
14713,714000210,2014-09-03,4,6820,998000.0,high
1941,2600010070,2015-04-14,3,11757,998000.0,high
10776,5451220200,2014-06-24,4,10200,998000.0,high
20426,2424059061,2014-11-11,4,43560,998000.0,high
14398,293760210,2014-08-26,5,10404,998000.0,high
17191,2624079028,2014-10-27,4,117176,997950.0,high
5214,3303980680,2015-02-28,4,13609,997000.0,high
14538,6648150150,2014-09-22,3,8131,996000.0,high
19876,2126059295,2014-08-05,5,8465,995500.0,high
10637,8670900140,2014-07-29,3,3800,995000.0,high
12298,4139460390,2014-06-20,4,13551,995000.0,high
11728,7154200070,2014-11-24,5,8029,995000.0,high
2395,8565900160,2015-03-26,4,13406,995000.0,high
10842,1526059051,2014-08-28,2,64468,995000.0,high
16888,1424130050,2014-12-16,5,22529,995000.0,high
7203,2927600630,2015-04-16,4,9550,995000.0,high
8646,6133100120,2014-09-23,3,10300,995000.0,high
1261,7636800041,2014-06-25,3,47044,995000.0,high
6608,2944000050,2015-04-22,4,20012,995000.0,high
20161,2895730280,2014-08-28,5,7197,995000.0,high
5148,7203220130,2015-01-27,4,6556,994900.0,high
15900,1193000280,2014-05-27,3,6339,994000.0,high
6235,1437580480,2014-09-18,5,7861,994000.0,high
12256,7511000140,2014-08-08,4,20445,994000.0,high
17189,5450900010,2014-08-21,4,23321,993500.0,high
2309,824059083,2014-09-02,4,14810,993000.0,high
2425,2162000160,2015-03-03,3,15207,992000.0,high
2983,375000165,2014-07-23,4,2350,991700.0,high
19527,1424130220,2015-03-09,4,26895,991500.0,high
5735,524059323,2015-02-19,3,4097,990400.0,high
17711,9829200580,2014-09-17,3,6350,990000.0,high
2248,3047700105,2015-04-23,4,4940,990000.0,high
7076,269000950,2014-07-30,3,3900,990000.0,high
13949,3024059044,2014-09-09,3,24586,990000.0,high
6721,2138700345,2014-08-18,4,6325,990000.0,high
12568,6681500150,2015-04-23,4,5930,990000.0,high
3133,9547202265,2015-04-27,3,4182,990000.0,high
17776,4217401240,2014-07-17,3,6000,990000.0,high
15405,3394100020,2014-11-20,4,11049,990000.0,high
15437,4094800380,2015-04-27,3,12899,990000.0,high
925,2465400036,2014-12-03,4,10480,990000.0,high
21057,2937300540,2014-10-16,4,7150,989990.0,high
14734,5460900120,2014-12-08,5,11350,989900.0,high
15793,7013200280,2014-07-02,6,4800,989000.0,high
14918,4447300137,2014-06-04,5,4000,989000.0,high
2113,1888120140,2014-07-09,5,13474,989000.0,high
21283,2937300050,2015-02-27,4,6303,988990.0,high
4851,7203220050,2014-11-18,5,7910,988830.0,high
19971,2623039019,2014-05-08,3,16807,988500.0,high
17080,2721600010,2015-01-07,3,3800,988000.0,high
431,2944010240,2014-09-08,4,19700,988000.0,high
7394,3625700080,2015-01-08,4,15760,987500.0,high
16012,5536100020,2014-12-15,3,15788,987000.0,high
1073,2485000202,2015-04-10,3,16080,986000.0,high
16894,1231000895,2014-11-05,4,5900,986000.0,high
3070,1454600038,2015-03-23,5,13261,985000.0,high
5488,9533600185,2015-04-01,3,8534,985000.0,high
729,1853000510,2014-05-09,4,37769,985000.0,high
10153,7631200310,2014-11-06,2,26761,985000.0,high
2438,824059277,2014-12-15,3,11920,985000.0,high
6930,1824079073,2015-03-31,5,108464,985000.0,high
17897,4054500180,2014-07-24,4,36762,985000.0,high
9003,5318101765,2014-06-02,3,5400,985000.0,high
14585,6672900220,2015-01-12,4,12292,984000.0,high
17594,3720800115,2015-03-31,3,5500,982218.0,high
17505,2600130190,2014-11-07,4,10289,982000.0,high
20620,3901100030,2014-06-27,4,8580,982000.0,high
15944,7856600170,2014-09-24,4,10100,981000.0,high
19258,6710100131,2015-04-10,3,9588,981000.0,high
18023,5364200620,2014-08-14,3,4590,980000.0,high
699,6664000030,2014-10-09,4,11034,980000.0,high
19108,2025059131,2014-09-04,4,11780,980000.0,high
13134,5451220150,2014-11-12,4,9800,980000.0,high
5838,9551202130,2014-07-14,5,6000,980000.0,high
5645,3342101937,2015-04-10,5,5400,980000.0,high
2651,7501000340,2014-08-18,4,10962,980000.0,high
896,8566100200,2014-05-08,5,11470,980000.0,high
14428,8562720230,2014-11-07,4,7150,980000.0,high
11981,7613700270,2014-09-16,4,4000,980000.0,high
1035,2021201000,2014-05-23,4,5854,980000.0,high
16585,2652500795,2014-06-09,4,4800,980000.0,high
3500,2288000090,2015-04-29,4,17711,980000.0,high
7985,510001280,2014-07-14,4,4560,980000.0,high
17444,1959703070,2014-10-29,5,5500,979700.0,high
10378,1370800560,2014-10-13,4,6000,979700.0,high
12387,1226069045,2014-08-27,4,361548,979500.0,high
4070,1872900076,2014-06-20,3,14133,979000.0,high
19868,7518506715,2014-05-06,3,4047,979000.0,high
3903,1068000110,2015-04-29,3,7080,978500.0,high
4354,2024059058,2015-04-28,4,7821,978000.0,high
11405,5700004485,2014-05-20,4,13777,978000.0,high
7740,4217400120,2014-11-25,3,4000,978000.0,high
10804,269000030,2014-08-25,4,7680,976000.0,high
1778,9414100030,2015-03-31,4,17533,975000.0,high
13481,4128500210,2014-05-13,4,7494,975000.0,high
6028,5450500010,2015-03-13,4,9990,975000.0,high
3102,5605000590,2014-12-15,4,4950,975000.0,high
14286,2024059052,2014-08-14,6,22421,975000.0,high
20041,1964700054,2014-12-22,3,1344,975000.0,high
16989,7871500280,2015-04-13,4,3600,975000.0,high
8666,425049146,2014-07-15,3,7410,975000.0,high
12134,2767604170,2015-04-06,3,5000,975000.0,high
17895,7110000068,2014-07-03,6,54160,975000.0,high
9195,7935000625,2015-04-09,3,7000,975000.0,high
18366,2225059273,2014-11-14,5,35071,975000.0,high
20866,7974200452,2014-06-25,5,5477,975000.0,high
15197,6979900010,2014-09-05,4,183387,975000.0,high
1122,293760310,2014-07-11,5,12250,975000.0,high
8799,686050100,2014-11-28,4,52322,975000.0,high
13945,524059052,2014-12-09,4,15482,975000.0,high
4758,1370801585,2014-06-03,4,5350,975000.0,high
13638,5459500145,2014-06-13,5,10014,975000.0,high
12744,2141310540,2015-05-06,5,9648,975000.0,high
3904,2600020100,2014-09-30,4,10455,975000.0,high
11883,2806300070,2014-05-21,5,36450,975000.0,high
3385,9290850740,2014-06-18,4,43386,975000.0,high
66,3394100030,2014-09-09,4,11049,975000.0,high
15160,9304400010,2014-07-30,4,35083,975000.0,high
14412,2592220040,2014-07-24,4,10730,974350.0,high
15178,3303960080,2015-03-31,5,10457,972800.0,high
14975,1373800170,2014-06-30,4,6300,972000.0,high
16897,3303990380,2014-12-04,4,13797,972000.0,high
20087,9477580110,2014-06-26,4,6738,971971.0,high
943,8820901670,2014-08-11,5,10140,971000.0,high
8996,191100410,2014-06-20,3,10125,970500.0,high
15831,8001470480,2015-03-06,4,9209,970000.0,high
14078,7284900385,2014-05-21,4,5420,970000.0,high
7319,5101403915,2015-04-03,2,5376,970000.0,high
4932,3629870420,2014-09-12,4,20023,970000.0,high
17566,7785000230,2014-05-27,5,15185,970000.0,high
20157,1102000514,2014-10-22,5,9804,970000.0,high
12517,5700004525,2014-06-24,3,9950,970000.0,high
17601,3100500065,2014-07-08,5,5040,970000.0,high
17608,6933600456,2015-03-13,4,5040,970000.0,high
8097,4054560120,2014-10-08,3,53696,970000.0,high
15010,2771604120,2014-11-11,4,4000,970000.0,high
18071,6392002550,2014-10-22,3,10000,970000.0,high
532,4403600270,2015-02-24,4,76230,970000.0,high
3378,3629921240,2014-07-28,4,5906,970000.0,high
5831,2386000170,2015-03-26,4,74358,970000.0,high
8405,1726600150,2015-02-26,4,12410,970000.0,high
20592,4215270070,2014-06-06,4,8436,969990.0,high
18002,7518506716,2014-08-27,3,3750,969950.0,high
17742,4278900110,2014-10-09,3,3025,969500.0,high
6759,7603100020,2014-08-05,4,5000,969000.0,high
2407,3888100128,2014-07-28,4,7304,968933.0,high
18272,7882600332,2014-08-19,4,16200,968060.0,high
19508,3472800068,2014-07-17,5,9799,968000.0,high
11642,5569700075,2014-05-28,6,17580,968000.0,high
16576,5454200080,2014-08-11,4,9645,968000.0,high
14748,5040800120,2014-05-27,3,5797,967500.0,high
12905,5100403882,2015-04-27,4,7250,967000.0,high
3499,2331300025,2015-03-11,4,4356,967000.0,high
11498,1853080640,2014-05-14,5,8019,966000.0,high
15758,9534400010,2015-04-23,4,8725,965800.0,high
2582,9290850800,2014-12-02,4,57587,965000.0,high
9035,2597450120,2015-03-12,5,12673,965000.0,high
10079,2481630030,2015-04-27,4,41206,965000.0,high
17002,8835700250,2015-04-26,4,17411,965000.0,high
3231,1924069058,2014-10-10,4,49222,965000.0,high
17551,2481610170,2014-06-09,4,34560,965000.0,high
13597,5608010650,2015-04-08,4,9575,965000.0,high
10404,1814800060,2015-02-20,4,5559,965000.0,high
3912,5332200405,2014-06-02,4,5000,965000.0,high
13270,1825069072,2015-04-30,3,9475,964000.0,high
9900,7203220030,2014-07-24,4,6765,963990.0,high
2811,7203220370,2015-03-20,4,6364,963990.0,high
21154,1235700052,2014-06-30,4,8589,963000.0,high
5899,4139380050,2014-06-16,4,6603,963000.0,high
19088,8965410150,2014-08-25,4,23623,962800.0,high
15754,8651611980,2015-03-24,4,11775,962800.0,high
19816,9477580030,2014-10-14,4,5700,962000.0,high
1990,7856560320,2015-03-17,4,20100,962000.0,high
5096,7804700020,2014-08-12,3,14000,961500.0,high
9540,9550203690,2014-11-20,5,6120,961000.0,high
16171,8081900101,2014-05-28,4,4560,960000.0,high
17122,1441600020,2014-05-27,5,15200,960000.0,high
2772,2325069117,2014-08-05,5,16305,960000.0,high
20534,2126059294,2015-01-05,4,7746,960000.0,high
1341,4139440830,2014-06-03,5,10257,960000.0,high
9861,7805450560,2014-08-20,4,11397,960000.0,high
1662,1925069121,2015-03-30,3,4102,960000.0,high
4023,8691360490,2015-04-24,4,11676,960000.0,high
7656,1952200410,2014-11-19,3,6857,960000.0,high
15733,3616600231,2014-06-03,4,9150,960000.0,high
9325,2125059161,2014-10-23,4,43560,960000.0,high
14274,5318101075,2014-08-11,3,4800,960000.0,high
17472,3629200020,2015-02-02,4,10105,960000.0,high
15918,5135000050,2014-08-01,4,5934,960000.0,high
10606,98000560,2014-08-16,4,15151,959900.0,high
17494,7431500280,2014-11-10,4,50002,959750.0,high
18971,7518506717,2014-09-17,3,3750,959000.0,high
19262,1224049095,2015-02-04,6,17424,959000.0,high
18281,3761700067,2015-03-06,3,11875,959000.0,high
8716,5016003146,2014-07-10,4,6400,958000.0,high
1554,4458800060,2015-04-09,4,11523,957500.0,high
17640,1175001075,2014-09-16,4,3836,957000.0,high
17013,2225039130,2014-06-25,5,5000,957000.0,high
11788,9560500105,2015-04-24,4,11545,957000.0,high
8592,7203220360,2014-10-20,5,6507,955990.0,high
3445,2851200100,2014-07-01,4,5080,955500.0,high
8588,2125059124,2014-06-02,3,43560,955000.0,high
18974,5451210150,2014-05-14,5,9887,955000.0,high
8195,2526069095,2014-06-05,4,193593,955000.0,high
20619,7203180370,2015-03-24,4,6765,955000.0,high
7990,4039701280,2015-04-08,3,9689,954500.0,high
20493,7974200948,2014-05-20,4,5086,953007.0,high
19881,2526059225,2015-01-23,4,6558,952990.0,high
18375,8712100790,2014-07-01,4,5055,952500.0,high
14841,1959700540,2014-11-04,3,4400,952000.0,high
4892,2424059127,2014-08-20,2,88909,952000.0,high
9049,2770605548,2014-12-18,3,4500,952000.0,high
10593,5036300575,2014-10-16,5,8227,951250.0,high
11263,1102001274,2015-04-15,3,12825,951000.0,high
58,7922800400,2014-08-27,5,14342,951000.0,high
19726,6666830320,2015-03-24,5,5081,950968.0,high
20484,3630200900,2014-06-30,4,7680,950000.0,high
17827,4139450360,2014-05-14,4,7644,950000.0,high
7341,526069024,2014-05-12,5,258746,950000.0,high
13846,9241900150,2014-08-27,3,8448,950000.0,high
14193,2493200155,2015-04-03,4,5320,950000.0,high
10836,9290850810,2014-06-13,4,35081,950000.0,high
21275,8725950170,2015-01-23,2,2043,950000.0,high
12297,3224500240,2014-06-17,3,18029,950000.0,high
8928,7501000220,2014-06-20,4,11548,950000.0,high
2986,3860400100,2014-11-21,4,20000,950000.0,high
7250,722039049,2014-10-09,4,438213,950000.0,high
16527,7856640460,2014-12-18,4,12200,950000.0,high
18980,2327000110,2014-07-14,4,15293,950000.0,high
20974,8835800450,2015-05-04,3,275033,950000.0,high
6307,2524049056,2014-07-14,3,15093,950000.0,high
18955,1959701695,2014-11-24,5,5500,950000.0,high
11259,3629921000,2014-11-21,4,7051,950000.0,high
2146,3861400030,2014-11-24,4,19025,950000.0,high
11424,5119400075,2014-06-20,3,18892,950000.0,high
381,624111000,2014-08-05,3,14338,950000.0,high
4840,2804600010,2015-03-31,4,4418,950000.0,high
16626,1338800430,2014-07-28,3,3503,950000.0,high
6456,1337800284,2014-08-27,3,2975,950000.0,high
1794,6819100310,2015-04-14,4,4800,950000.0,high
11540,2771600550,2014-11-12,4,4200,950000.0,high
7883,7135520610,2014-05-29,4,13392,950000.0,high
10007,2332700060,2014-08-06,4,10920,950000.0,high
751,1563102435,2014-12-10,3,4200,950000.0,high
3065,4473400195,2014-07-16,5,3650,950000.0,high
20457,3342100569,2014-08-13,3,6947,950000.0,high
19825,8562710550,2014-05-21,5,6000,950000.0,high
10648,724069070,2014-09-13,4,21303,950000.0,high
4490,2726059100,2014-09-09,4,44431,950000.0,high
4869,3293400010,2015-03-04,5,35880,950000.0,high
9368,3307700150,2015-04-13,3,9830,950000.0,high
20296,521049227,2014-12-01,4,9695,950000.0,high
17904,8651200040,2014-08-14,4,15653,950000.0,high
11006,3024059036,2014-05-30,4,92347,950000.0,high
10219,4219400465,2015-01-12,4,4600,950000.0,high
21149,7203160190,2014-10-29,5,8120,950000.0,high
19958,5015001452,2015-04-14,3,2296,950000.0,high
13148,3693900155,2014-09-05,6,5000,950000.0,high
4760,4178300130,2015-04-13,7,16264,950000.0,high
5129,662350050,2014-05-23,5,7452,950000.0,high
14151,7779200355,2015-04-22,3,17483,950000.0,high
19381,868000905,2014-07-08,3,7800,950000.0,high
3386,3025059089,2015-05-05,3,8050,950000.0,high
19811,293070310,2015-02-13,4,7314,949990.0,high
8224,7129303045,2015-04-17,5,1989,949950.0,high
19743,6790830060,2014-09-15,4,8258,949950.0,high
4676,824059140,2014-05-27,4,10687,949880.0,high
16919,293800680,2015-04-15,4,85643,949000.0,high
1208,3885804305,2014-09-11,4,7834,949000.0,high
3795,2225059118,2014-12-02,4,42253,949000.0,high
11644,3299610260,2015-04-21,3,9824,948000.0,high
10550,1923000370,2014-05-12,4,12329,947500.0,high
14187,7631200085,2014-05-12,3,27144,947500.0,high
18718,2600140120,2014-08-12,4,9058,946000.0,high
8155,7856601110,2015-03-25,4,9100,945800.0,high
8487,98000740,2015-04-01,5,14925,945000.0,high
3012,148000375,2014-06-19,2,7089,945000.0,high
12651,1424200035,2014-05-23,4,13367,945000.0,high
10832,7779200105,2014-07-18,4,9000,945000.0,high
19547,8825900410,2015-02-18,4,4680,945000.0,high
12396,824059293,2014-10-28,3,10890,943500.0,high
21515,2937300040,2014-12-15,4,6218,942990.0,high
756,9323600060,2014-07-15,5,9612,942500.0,high
5901,7852160250,2014-10-24,4,14408,942500.0,high
7872,1454100650,2014-08-04,4,37200,942000.0,high
6636,226039316,2014-06-03,5,9680,941500.0,high
6507,9550204590,2014-06-24,4,3825,941000.0,high
13527,9542100085,2014-10-28,4,18673,940000.0,high
334,191100045,2014-07-03,4,9525,940000.0,high
7053,5196420290,2015-03-17,4,9231,940000.0,high
10116,9201000030,2015-03-13,4,24897,940000.0,high
4078,3262300940,2015-02-10,3,8119,940000.0,high
85,4232902595,2014-11-14,3,3600,940000.0,high
18316,9287802380,2014-05-22,4,4000,940000.0,high
6430,4232903295,2015-04-16,3,4800,940000.0,high
11953,7701950060,2014-07-29,4,39960,940000.0,high
2044,5315100806,2014-09-15,4,11740,940000.0,high
19001,5318101695,2015-04-09,4,3600,940000.0,high
13990,7855800730,2015-02-10,4,9238,940000.0,high
12542,1338600175,2014-05-07,4,5940,940000.0,high
20108,925059137,2014-06-02,4,12880,939000.0,high
20661,2937300560,2014-12-12,4,6049,939000.0,high
4385,8651600110,2015-04-21,4,9684,939000.0,high
15081,7935000595,2014-10-08,3,9248,939000.0,high
3649,5451210100,2015-04-23,4,9886,938000.0,high
10489,4139430310,2015-04-19,3,10940,938000.0,high
15129,8824900020,2015-03-27,4,3560,937750.0,high
9714,225079036,2015-01-07,4,871200,937500.0,high
1557,7852160070,2015-01-05,5,14599,937500.0,high
4091,3585900090,2015-04-15,4,21100,937500.0,high
4791,2210500019,2015-03-24,3,8500,937500.0,high
26,1794500383,2014-06-26,3,2691,937000.0,high
12916,6352600650,2015-04-02,4,8897,936000.0,high
19389,2998300146,2014-06-17,3,12420,936000.0,high
12017,424069271,2014-10-24,7,21802,936000.0,high
7423,1693600080,2014-10-30,4,8049,935100.0,high
6327,7785350010,2015-04-02,3,15151,935000.0,high
3267,4045500625,2014-08-22,3,38509,935000.0,high
16387,5101402618,2014-08-20,4,7105,935000.0,high
1055,5416300240,2015-02-02,4,84267,935000.0,high
11439,2225059240,2014-10-28,5,35283,935000.0,high
14980,8089510170,2014-10-27,5,9701,935000.0,high
21317,1732800199,2015-05-11,2,977,935000.0,high
5388,6851700381,2015-04-14,4,4500,935000.0,high
14669,4139430910,2014-10-21,4,15488,935000.0,high
15235,809003105,2015-04-08,3,2000,935000.0,high
19190,7974200457,2015-01-22,5,5001,935000.0,high
1533,4395600060,2014-06-30,2,2067,935000.0,high
7530,7228501745,2015-02-19,4,7489,935000.0,high
13456,3303980650,2014-08-27,4,11200,935000.0,high
4756,1250201680,2015-05-07,4,5900,934550.0,high
18443,8823901445,2015-03-13,9,4480,934000.0,high
1363,5556300102,2014-07-14,3,10360,933399.0,high
3603,6848200475,2014-11-26,3,3300,933000.0,high
19809,2937300060,2014-12-01,4,6389,932990.0,high
12586,4139450760,2014-12-15,5,6705,932808.0,high
1536,5363200200,2015-04-02,5,7095,932800.0,high
9244,9541600490,2015-05-05,4,17400,931088.0,high
13076,809001970,2014-12-31,3,6600,931000.0,high
1946,3528000510,2014-09-05,5,96574,930800.0,high
12837,9274203036,2014-09-15,3,4446,930000.0,high
14463,5700003705,2014-06-19,5,9385,930000.0,high
8143,3585900785,2014-05-14,3,20553,930000.0,high
19202,8818400450,2014-05-08,3,4080,930000.0,high
14555,4083300620,2015-02-27,3,4240,930000.0,high
15162,3025049028,2014-12-16,2,4500,930000.0,high
884,7871500070,2014-06-03,4,4000,930000.0,high
4887,1331900020,2014-09-25,3,35273,930000.0,high
21350,6132600655,2014-10-16,3,5000,930000.0,high
18543,2869200110,2014-06-21,3,6830,930000.0,high
1807,2025770560,2014-11-03,4,24663,930000.0,high
577,1526069135,2014-12-11,4,84942,930000.0,high
1947,627300105,2014-07-29,4,10400,930000.0,high
19286,8682281960,2014-06-03,2,11214,930000.0,high
8647,5608000590,2014-07-14,3,10829,929950.0,high
2860,1025069192,2014-11-05,4,57499,929000.0,high
20407,2895730540,2014-12-10,5,7100,929000.0,high
21355,2937300430,2014-09-29,4,6054,928990.0,high
7440,2024059130,2015-01-09,4,6000,928950.0,high
393,1653500070,2014-05-12,4,12090,927000.0,high
9271,3760500475,2014-11-06,4,17802,926500.0,high
4356,4232900940,2014-05-22,3,4800,926300.0,high
16393,7785000130,2015-03-30,4,17717,926250.0,high
12326,8001470560,2014-11-17,4,7828,925900.0,high
18868,2597531020,2014-11-04,6,14923,925850.0,high
10707,1315300070,2015-03-19,3,5200,925500.0,high
18086,2883200760,2015-02-09,3,7419,925000.0,high
6603,7796100080,2014-05-20,4,41984,925000.0,high
1182,1224069074,2014-08-06,4,101930,925000.0,high
20944,2754700035,2014-11-25,5,4216,925000.0,high
15073,8825900020,2014-08-11,5,4200,925000.0,high
14812,3459600330,2015-02-09,3,10300,925000.0,high
14926,9551201155,2014-07-28,3,4500,925000.0,high
8333,1525059020,2015-04-10,4,48351,925000.0,high
13907,7851990120,2014-07-01,5,12637,925000.0,high
10623,7856610160,2014-08-12,4,11400,925000.0,high
15708,3250500103,2015-04-08,3,10796,925000.0,high
14502,6190000035,2014-07-15,5,9457,925000.0,high
19831,2895730070,2014-06-20,4,8014,925000.0,high
4049,8927600100,2014-05-28,3,7000,925000.0,high
6012,7588700080,2015-04-21,4,4501,925000.0,high
1296,5458800125,2014-05-14,4,7350,925000.0,high
2644,7018000560,2015-04-20,4,13058,925000.0,high
4915,6117500430,2014-08-19,5,13495,925000.0,high
16249,8925100440,2015-03-23,4,6375,925000.0,high
19201,8089510150,2014-12-02,4,18168,925000.0,high
4468,1454600266,2014-10-27,4,9492,925000.0,high
20843,2225069036,2014-08-15,4,60086,925000.0,high
2815,9294300615,2014-09-18,4,11793,925000.0,high
5911,1860600840,2014-08-15,3,3600,925000.0,high
4733,9562200090,2014-06-24,4,35261,925000.0,high
20131,2425059174,2015-03-17,4,10034,925000.0,high
14262,1224049080,2014-06-20,4,10437,925000.0,high
10321,325049234,2014-09-09,4,11422,925000.0,high
19046,3224510300,2015-01-26,3,10558,925000.0,high
9107,2024059110,2015-04-20,3,20900,925000.0,high
7726,2856100515,2014-08-05,4,5100,925000.0,high
13598,5350200870,2015-03-26,4,3400,925000.0,high
9369,809001400,2014-09-22,3,3200,925000.0,high
14604,1525069095,2014-06-19,4,209088,925000.0,high
5990,1089000190,2015-04-12,4,13894,925000.0,high
17678,1370801800,2014-05-19,3,5000,924000.0,high
21359,1853080130,2014-11-05,5,8001,924000.0,high
20126,2937300440,2014-09-08,4,6055,923990.0,high
20682,293070270,2014-11-04,4,4951,922755.0,high
7344,2818100255,2014-10-29,4,14126,922000.0,high
19635,1025039326,2014-08-28,4,7024,921800.0,high
3299,7409700215,2015-03-13,3,5000,921500.0,high
145,1526069017,2014-12-03,4,315374,921500.0,high
18273,5078400210,2014-06-16,4,9496,921000.0,high
4748,644200090,2014-07-15,3,11200,921000.0,high
3319,9829200495,2015-03-25,4,5362,921000.0,high
9628,9274200365,2014-06-06,4,5750,920000.0,high
16943,7202360430,2014-07-01,4,10666,920000.0,high
1784,7504010560,2014-05-09,4,11025,920000.0,high
6025,2158900290,2015-04-16,4,3600,920000.0,high
19132,7855600730,2014-09-08,4,9085,920000.0,high
10110,3525069037,2014-11-20,3,223027,920000.0,high
13479,823000174,2014-07-28,3,5353,920000.0,high
14070,2902200874,2015-04-10,5,4400,920000.0,high
12016,5608000860,2014-09-26,4,10045,920000.0,high
14328,8085400410,2015-03-31,3,9656,920000.0,high
7766,8965460090,2015-04-07,4,12381,920000.0,high
14932,5608010050,2014-12-29,4,10233,920000.0,high
8886,324059161,2014-10-13,4,13579,920000.0,high
9785,3975400045,2014-12-26,6,4218,920000.0,high
7953,8682282070,2015-01-12,3,7694,920000.0,high
20098,925059313,2015-03-12,4,7009,920000.0,high
7052,3224510290,2014-10-16,3,11884,920000.0,high
8030,7579200915,2015-04-01,5,5750,920000.0,high
20487,9103000455,2015-04-24,4,4265,920000.0,high
17649,4206901215,2014-06-12,4,4000,920000.0,high
20421,1623089165,2015-05-06,4,503989,920000.0,high
54,4217401195,2015-03-03,5,6000,920000.0,high
11401,4141800030,2014-10-14,3,4000,920000.0,high
18911,822069118,2014-07-29,3,66211,920000.0,high
19819,3767300041,2014-08-26,4,7258,920000.0,high
20290,6705600020,2015-03-24,5,6352,919990.0,high
18829,1853080120,2014-09-03,5,7062,919950.0,high
20125,2872100345,2014-05-30,4,5000,919204.0,high
17353,8835700010,2015-01-16,4,17133,919000.0,high
20028,9510860750,2015-01-08,5,5150,918000.0,high
173,1762600070,2015-01-16,4,35003,917500.0,high
17012,5608000080,2014-07-22,4,10891,917000.0,high
18073,7805450040,2015-03-16,5,11536,915557.0,high
944,8712100575,2014-08-28,5,5589,915000.0,high
5308,1862000010,2014-08-28,4,35062,915000.0,high
13091,629000410,2015-02-17,3,9750,915000.0,high
19686,2524059269,2014-06-10,6,14980,915000.0,high
1893,3528000260,2014-11-11,4,28052,915000.0,high
16162,5078400190,2014-10-16,3,8232,915000.0,high
21494,2413910120,2014-07-02,3,62726,915000.0,high
15211,810000080,2015-03-10,3,2750,915000.0,high
15011,9541800190,2014-10-10,5,18850,915000.0,high
14878,1925069099,2014-08-25,3,9808,915000.0,high
15472,1024000050,2014-07-18,3,7000,915000.0,high
13978,9103000365,2014-06-20,3,4000,915000.0,high
8244,5078400090,2014-12-09,5,7630,915000.0,high
6874,1277000020,2014-08-12,4,8532,915000.0,high
21153,2419700080,2015-05-05,4,4356,915000.0,high
7545,1323059143,2015-04-23,4,48352,915000.0,high
1428,2481630070,2015-01-28,4,80837,914600.0,high
21441,9544700730,2014-05-15,4,10856,914500.0,high
20666,2428100070,2014-09-18,3,6431,914154.0,high
14205,7856570150,2014-06-25,5,15512,913888.0,high
9387,4083302485,2015-04-20,3,4000,913000.0,high
2448,8691310070,2014-06-18,4,10576,913000.0,high
10720,4139430810,2014-08-01,3,17313,912000.0,high
4272,2919201335,2014-07-31,4,4095,912000.0,high
15745,3295610080,2015-04-01,4,10888,912000.0,high
8501,4019300155,2014-08-21,4,33826,911100.0,high
4415,3295610490,2015-05-04,4,15958,911000.0,high
15651,871001980,2014-05-06,3,4082,910000.0,high
863,1937300270,2015-03-03,3,3200,910000.0,high
14876,1125059071,2014-05-22,4,10890,910000.0,high
20991,8725950220,2015-02-26,3,1160,910000.0,high
545,2944000240,2015-04-22,4,29242,910000.0,high
10507,9290850060,2014-10-22,4,32430,910000.0,high
11089,255400060,2014-12-08,5,8279,910000.0,high
13734,5332200530,2014-06-13,5,4000,910000.0,high
15547,1257200290,2014-05-12,3,6120,910000.0,high
13867,7524950210,2015-04-01,4,9798,910000.0,high
13233,7974200456,2014-12-01,5,5096,910000.0,high
15929,5453700020,2014-08-25,3,9865,910000.0,high
18948,3982700088,2015-04-02,3,7250,910000.0,high
4477,4054500590,2014-06-26,4,50479,910000.0,high
8378,2426059097,2015-03-05,4,49222,910000.0,high
15254,3293400020,2015-01-16,4,27699,910000.0,high
16911,3754501060,2014-09-18,2,5150,910000.0,high
4118,8669400100,2014-08-05,4,38912,910000.0,high
8254,5250300035,2014-10-08,4,9000,910000.0,high
20681,1233100710,2015-04-16,5,8972,909950.0,high
19879,8562710640,2015-02-11,4,5940,909500.0,high
18941,7805450870,2014-08-14,4,11648,909000.0,high
20560,8691450120,2015-02-27,4,6844,908990.0,high
5942,2024059127,2015-01-09,4,6200,908950.0,high
6577,1250202285,2014-10-20,3,7826,908800.0,high
19887,7768800270,2014-07-15,4,6786,907687.0,high
14806,4370700065,2015-05-04,3,6281,907500.0,high
15631,7732410380,2014-06-04,4,8642,907500.0,high
1438,9413600350,2014-08-29,3,12220,907000.0,high
7360,4217400420,2014-11-24,3,6000,907000.0,high
13133,5606000120,2015-02-25,4,5000,906000.0,high
17944,9828702588,2015-03-11,3,1800,906000.0,high
17356,2481610050,2014-11-24,4,47959,905000.0,high
3346,4039701080,2014-06-25,5,10200,905000.0,high
6347,5608000840,2014-07-24,4,12193,905000.0,high
11798,3629920990,2014-06-23,4,7661,905000.0,high
13550,3401700040,2015-04-01,3,48787,905000.0,high
1841,4139460200,2015-03-25,4,9557,905000.0,high
18461,2597530760,2014-06-23,5,10155,905000.0,high
13276,8127700720,2015-01-20,4,4268,905000.0,high
9671,1088700100,2014-11-18,3,9280,905000.0,high
9826,9528104660,2014-08-27,4,3000,905000.0,high
4081,3321069006,2014-12-31,3,237402,905000.0,high
15046,9187200275,2015-04-20,4,5000,905000.0,high
95,1483300570,2014-09-08,4,10250,905000.0,high
900,1923000160,2014-06-20,4,14486,905000.0,high
11033,2592210370,2014-10-31,3,12786,903000.0,high
9314,4389200610,2014-12-01,2,7800,903000.0,high
11910,4067600160,2015-04-02,3,23522,902500.0,high
8060,3889100027,2014-06-16,4,8507,902000.0,high
1184,7856610200,2014-05-23,4,9200,902000.0,high
12213,4154303215,2014-08-28,3,7200,902000.0,high
10536,3761100240,2014-10-27,4,18400,901000.0,high
1786,2492200335,2015-04-23,4,4080,901000.0,high
10157,629810800,2014-06-17,5,8225,900000.0,high
12632,293620180,2015-03-31,4,6745,900000.0,high
6449,2344300122,2014-08-08,3,7215,900000.0,high
2654,825059271,2014-09-10,3,12600,900000.0,high
4555,1445500100,2015-05-11,5,35691,900000.0,high
15350,5450300020,2014-06-18,6,13783,900000.0,high
2828,148000705,2015-03-05,4,4440,900000.0,high
11645,4441300075,2014-09-24,3,9577,900000.0,high
11779,7740100260,2014-08-25,3,11535,900000.0,high
11950,6383500295,2014-08-15,4,10214,900000.0,high
18787,9551202875,2014-07-09,4,4372,900000.0,high
162,7215720160,2015-03-04,3,16603,900000.0,high
20468,8691440410,2014-12-15,4,6543,900000.0,high
1535,1115300270,2015-04-28,6,6105,900000.0,high
19558,6169901095,2014-08-15,4,7200,900000.0,high
17779,9285800180,2014-06-26,4,5000,900000.0,high
1012,865100055,2014-06-12,4,44431,900000.0,high
21050,2424059170,2015-02-19,5,40806,900000.0,high
4593,1024000100,2015-04-08,3,7200,900000.0,high
1030,2267000160,2014-10-20,4,8190,900000.0,high
15260,3521059134,2014-05-23,3,217697,900000.0,high
19213,5332200375,2014-12-03,3,5000,900000.0,high
2298,6345000160,2014-08-27,5,37169,900000.0,high
9789,2424059139,2015-02-06,3,33980,900000.0,high
358,325059171,2014-05-05,3,77972,900000.0,high
6893,6169901197,2014-11-26,3,2260,900000.0,high
5851,326069026,2015-01-21,4,217800,900000.0,high
11911,9828700685,2015-05-13,3,8400,900000.0,high
3354,7518508625,2015-04-16,3,3825,900000.0,high
11680,2926069083,2014-05-07,5,226076,900000.0,high
587,7504010570,2014-07-08,3,12600,900000.0,high
7196,1959702045,2014-11-19,2,5500,900000.0,high
1595,5315100737,2014-05-28,6,24773,900000.0,high
1170,3131201290,2015-03-17,4,3672,900000.0,high
18182,3052700921,2015-02-11,6,4350,900000.0,high
16689,5418650080,2014-08-14,4,11468,900000.0,high
3116,4019300195,2015-01-24,3,30869,900000.0,high
2389,6669100070,2014-05-12,4,38412,900000.0,high
2958,4188000490,2014-09-22,4,42580,900000.0,high
9452,2769600590,2014-10-16,8,7500,900000.0,high
15888,3754500010,2014-06-16,4,5414,899950.0,high
20129,3885802135,2014-06-10,4,3909,899900.0,high
4301,5452800495,2015-04-22,5,15300,899100.0,high
10241,868002080,2014-06-19,4,6000,899000.0,high
20998,3885802136,2014-07-23,4,3943,899000.0,high
3773,9348700490,2015-04-10,4,9349,899000.0,high
12424,9808700370,2014-06-23,3,6978,899000.0,high
5410,3625059071,2015-01-08,4,40946,899000.0,high
5852,4070700290,2015-02-26,3,3730,899000.0,high
12795,8691330330,2015-04-09,4,10295,899000.0,high
21432,7104100110,2015-05-11,4,5500,899000.0,high
10850,3528000140,2014-10-23,4,30649,899000.0,high
3738,4070700300,2015-05-04,3,3729,898888.0,high
9154,2877101745,2014-08-04,4,5000,898500.0,high
18844,3303900090,2014-10-23,3,12845,898000.0,high
13860,2332700081,2014-09-01,3,11060,898000.0,high
8534,2387000110,2014-11-10,2,9874,898000.0,high
4641,4054520100,2015-02-10,4,63991,898000.0,high
14968,4139460290,2014-08-28,3,9753,898000.0,high
13644,5035300871,2014-10-14,2,7658,898000.0,high
2316,7732410370,2014-09-09,5,9000,898000.0,high
5662,686900010,2014-05-28,5,28014,898000.0,high
11991,1330910370,2014-10-20,4,217882,897500.0,high
19988,5363200100,2014-10-20,4,6120,897000.0,high
13545,4054530210,2015-02-18,4,46644,896000.0,high
2997,8825900855,2014-10-14,4,3520,896000.0,high
10099,321100260,2014-06-30,5,16100,896000.0,high
18291,7203220300,2014-07-24,4,6565,895990.0,high
21341,2862500190,2015-04-09,5,9255,895950.0,high
20225,2326600130,2015-02-25,4,4983,895900.0,high
12148,5700001895,2015-03-02,4,6200,895000.0,high
1601,2125049139,2014-08-06,3,7746,895000.0,high
14571,2025069025,2015-04-29,4,10273,895000.0,high
2569,292000070,2015-04-06,5,14197,895000.0,high
5504,5700003280,2015-04-19,6,6533,895000.0,high
8679,1239400064,2015-03-04,4,8526,895000.0,high
4818,6926700225,2014-07-02,4,5950,895000.0,high
7980,2021200770,2014-09-09,2,3618,895000.0,high
2645,4147200140,2014-08-21,4,13444,895000.0,high
12329,686800070,2014-06-10,5,20875,895000.0,high
3389,1523059066,2015-02-19,3,105415,895000.0,high
17791,8712100530,2014-08-13,4,4178,895000.0,high
20048,8691440100,2014-06-06,4,5562,895000.0,high
5211,1868900675,2014-09-12,4,4000,895000.0,high
8772,7856000110,2015-02-03,3,10000,895000.0,high
4943,9290850950,2014-12-18,4,38985,895000.0,high
5658,3622910190,2014-05-21,5,13927,895000.0,high
15775,425069136,2015-04-10,3,45738,894400.0,high
8957,3121500150,2015-04-23,4,22029,894000.0,high
9939,7856700060,2015-04-13,6,8600,893880.0,high
10627,3585300445,2014-08-22,3,56192,892500.0,high
13942,8835700330,2014-12-11,3,20785,891500.0,high
934,2301400640,2014-07-17,4,5000,891000.0,high
15719,3630180380,2014-07-25,4,6233,890900.0,high
21488,1853080150,2014-08-11,5,8093,890776.0,high
10173,5452800800,2014-06-13,4,13500,890000.0,high
21424,8691430330,2014-08-31,5,7578,890000.0,high
6287,3523069008,2015-05-05,4,210254,890000.0,high
16341,366000095,2014-10-09,5,4652,890000.0,high
5247,7284900460,2014-11-20,4,7200,890000.0,high
519,1923069078,2014-08-05,4,194278,890000.0,high
6805,3117100130,2014-07-14,3,12765,890000.0,high
9851,9350900550,2015-04-29,4,8393,890000.0,high
16755,1186000095,2014-07-08,4,4020,890000.0,high
18964,2768200090,2015-03-17,6,5000,890000.0,high
20381,8562710250,2014-05-05,4,5750,890000.0,high
5454,9413600420,2014-06-12,3,8640,890000.0,high
146,809001525,2014-06-25,4,4000,890000.0,high
20762,8562710520,2014-05-05,5,6000,890000.0,high
2559,9828202255,2014-09-22,4,4400,890000.0,high
19172,925069152,2015-03-04,2,50965,890000.0,high
12948,3825310720,2015-04-21,4,9158,890000.0,high
12646,924069106,2015-03-13,4,11171,890000.0,high
15517,7701960250,2014-08-11,4,15467,890000.0,high
20378,1853080840,2015-02-11,5,7055,889950.0,high
19746,9492500160,2014-07-23,4,7242,889950.0,high
3835,8827901450,2014-10-31,4,4480,889000.0,high
3601,2487200940,2014-08-14,4,5000,889000.0,high
17118,7202360670,2015-04-08,4,9555,889000.0,high
15688,98020630,2015-04-14,4,10976,889000.0,high
20975,293070120,2014-09-18,4,5500,888990.0,high
19450,9290850330,2014-07-07,3,38322,888550.0,high
659,708000030,2014-09-02,3,8710,888000.0,high
12231,617000030,2014-12-23,3,54977,887500.0,high
20019,2254100090,2015-04-07,5,7502,887250.0,high
14569,9550200155,2015-04-07,3,5100,887200.0,high
19325,6649900090,2015-04-18,3,22040,887000.0,high
16298,3999300080,2014-09-04,6,11180,887000.0,high
17815,6788201781,2014-06-05,4,3900,886000.0,high
4660,6821600300,2015-03-18,3,6000,886000.0,high
18454,2725069156,2014-07-16,4,49658,885250.0,high
3300,1337800855,2015-05-12,3,2880,885000.0,high
19707,7625703435,2015-01-21,3,6500,885000.0,high
19145,7805460760,2015-04-27,3,11443,885000.0,high
9750,2581300055,2014-11-21,3,16090,885000.0,high
9870,809001505,2014-09-18,3,3750,885000.0,high
19480,2397101460,2014-08-11,2,3600,885000.0,high
6912,2386000020,2014-10-08,4,86225,885000.0,high
6279,1681400010,2014-05-19,4,3560,885000.0,high
16515,7625701795,2015-03-02,4,6000,885000.0,high
14044,1245000438,2015-04-13,4,9157,885000.0,high
55,9822700295,2014-05-12,4,5000,885000.0,high
5624,98020480,2014-08-28,4,11225,885000.0,high
12151,5457801925,2015-04-11,4,3520,885000.0,high
16583,8732300430,2014-06-20,3,9552,885000.0,high
3721,5451100490,2015-01-15,7,10800,884900.0,high
1487,2909300640,2014-07-23,4,9414,884744.0,high
2071,8691350200,2015-04-17,4,12151,884250.0,high
18087,1797500985,2014-09-02,4,4000,883000.0,high
10646,2725069157,2014-06-13,4,54450,883000.0,high
9091,5317100325,2015-03-03,4,6874,883000.0,high
1781,2481630200,2014-06-14,4,41656,883000.0,high
21162,8691440440,2014-10-03,4,6562,882990.0,high
21009,6666830230,2014-06-30,4,5265,882566.0,high
18319,1250202990,2014-06-11,5,4125,881000.0,high
11516,3179101070,2014-06-30,4,4392,880000.0,high
15375,3271800185,2014-11-21,4,5800,880000.0,high
11087,3701000060,2014-12-16,3,9000,880000.0,high
7382,6745700190,2015-04-07,3,5000,880000.0,high
1628,3592500565,2014-10-29,2,6350,880000.0,high
3931,3592500985,2015-05-04,4,4675,880000.0,high
4613,7555210100,2014-11-17,4,7961,880000.0,high
19626,3343301343,2014-11-20,5,8764,880000.0,high
10325,1824059070,2014-10-24,4,10800,880000.0,high
8783,926069192,2014-09-26,4,52707,880000.0,high
21173,3885802134,2015-01-09,4,3436,880000.0,high
330,3179100060,2014-09-16,4,6750,880000.0,high
1244,5309100140,2014-06-24,4,3841,880000.0,high
3811,1241900028,2015-04-17,5,9187,880000.0,high
8496,1824059079,2015-03-11,4,10800,880000.0,high
13993,9541600355,2014-08-13,4,8250,880000.0,high
20934,1237500577,2015-02-12,4,8618,880000.0,high
5446,7645900235,2014-07-10,6,3680,880000.0,high
8541,1126059095,2014-05-26,3,35169,880000.0,high
562,6431500140,2014-12-17,3,5163,880000.0,high
21219,9492500010,2014-06-06,4,7215,879950.0,high
19053,9322800210,2014-05-20,4,13875,879950.0,high
20357,9492500170,2014-07-23,4,7203,879950.0,high
11908,7504020960,2015-01-07,4,12000,879900.0,high
295,9510920070,2014-07-10,4,22111,879000.0,high
7390,2481630290,2014-06-26,4,31747,879000.0,high
9399,926069140,2014-07-21,4,89640,879000.0,high
17560,7015201015,2014-10-28,3,5156,879000.0,high
7253,5608010980,2014-10-07,4,13421,878000.0,high
5166,1853081060,2015-04-16,4,7728,878000.0,high
11145,5700001920,2015-02-19,4,8000,877500.0,high
3897,5482700100,2014-05-12,3,12508,876650.0,high
11936,8691300260,2015-04-13,4,13292,875909.0,high
14125,8086000201,2014-12-04,3,6848,875000.0,high
8345,1962200475,2014-07-25,3,6000,875000.0,high
14034,7701960210,2015-04-27,4,16000,875000.0,high
2079,1336800160,2014-06-05,5,5568,875000.0,high
7194,7834800225,2014-08-20,3,4000,875000.0,high
9769,8691360200,2014-06-04,4,10669,875000.0,high
19337,9136100056,2014-05-28,3,4280,875000.0,high
7070,1425069071,2015-03-23,4,256132,875000.0,high
9498,7203100730,2015-02-10,4,6874,875000.0,high
7799,2883201055,2014-09-10,4,4600,875000.0,high
13861,9201000610,2014-06-03,4,12384,875000.0,high
9797,1563102685,2015-04-22,3,3750,875000.0,high
19534,5078400035,2015-04-02,4,8286,875000.0,high
11364,5453700060,2015-02-24,4,9726,875000.0,high
4987,644000185,2014-07-07,3,12686,875000.0,high
2863,324069015,2014-07-08,4,108464,875000.0,high
2233,255400070,2014-07-01,5,8279,875000.0,high
16593,8615800500,2014-08-14,6,4536,875000.0,high
9024,1685800100,2014-06-24,4,22588,875000.0,high
17036,1118500010,2015-03-27,5,21455,875000.0,high
10954,510002010,2014-06-30,4,3245,875000.0,high
4099,9542100165,2014-11-07,4,14125,875000.0,high
14920,4458300190,2015-04-24,3,10592,875000.0,high
1183,7625700935,2014-06-05,3,6000,875000.0,high
13088,2331300395,2014-05-10,4,6000,875000.0,high
2027,9553200125,2015-03-31,3,5750,875000.0,high
16358,1644500050,2015-03-12,6,11453,875000.0,high
8895,269000615,2014-05-16,3,6641,875000.0,high
4077,3262300940,2014-11-07,3,8119,875000.0,high
3292,7701961030,2015-01-29,4,21794,875000.0,high
10815,2325069032,2014-07-31,5,18741,875000.0,high
8142,1853000300,2015-02-24,3,39586,875000.0,high
9850,8861000060,2014-12-31,3,10732,875000.0,high
4199,9482700475,2014-09-27,4,4416,875000.0,high
21465,6400700389,2014-07-10,5,15152,875000.0,high
3225,8082400076,2014-11-18,4,4876,875000.0,high
6738,4054560170,2014-06-11,4,32109,875000.0,high
4524,1370802540,2015-01-08,2,4913,875000.0,high
9229,7856610490,2014-08-05,5,8564,875000.0,high
19336,6021500970,2015-04-07,2,4000,874950.0,high
1685,4055700955,2014-06-22,4,14406,874150.0,high
5619,3213200314,2014-12-26,4,6867,874000.0,high
11332,3879901290,2015-04-01,3,941,874000.0,high
19178,1924069115,2015-02-24,3,54450,873000.0,high
11949,11500240,2015-04-28,3,13695,872750.0,high
15151,809000525,2014-08-26,3,6000,872500.0,high
19444,582000644,2015-05-01,4,6000,872500.0,high
2652,7611200136,2014-07-23,4,9750,872000.0,high
19043,2426059103,2015-04-22,4,40284,872000.0,high
8409,7855800910,2015-03-21,4,8536,871000.0,high
17858,3096000040,2015-04-30,5,6150,871000.0,high
20309,7768800280,2014-07-22,4,5697,870515.0,high
11851,4083300070,2014-05-12,4,3150,870300.0,high
12827,524059241,2015-03-19,4,11000,870000.0,high
12210,3299610240,2015-04-29,4,7621,870000.0,high
2108,3225069239,2014-07-07,4,36246,870000.0,high
7018,9523102750,2014-08-12,3,5000,870000.0,high
6671,475001235,2014-08-08,5,5000,870000.0,high
13924,3893100456,2014-08-13,3,8630,870000.0,high
21261,3524039224,2014-05-13,4,6773,870000.0,high
21024,745530180,2015-03-17,5,10079,870000.0,high
17530,925069134,2014-09-10,4,41147,870000.0,high
12315,1924059248,2014-06-02,4,21780,870000.0,high
13974,2877103615,2015-05-11,4,5000,870000.0,high
20467,2919700735,2015-04-27,4,3100,870000.0,high
6376,1888120080,2014-09-22,4,12811,870000.0,high
13048,7011200515,2014-11-12,4,3600,870000.0,high
12410,191100810,2014-08-11,5,9525,870000.0,high
3615,3426049031,2014-06-17,4,4887,870000.0,high
17516,2592210290,2014-10-10,4,12001,870000.0,high
6530,1240700006,2015-05-11,3,65340,870000.0,high
7006,6738700275,2014-06-25,4,4000,870000.0,high
11363,7701960990,2014-08-19,4,14565,870000.0,high
16304,7856570190,2014-08-22,4,23000,870000.0,high
11068,9275700765,2014-06-10,4,12248,870000.0,high
3110,7625703885,2014-09-17,4,7108,870000.0,high
21413,1853080790,2014-12-15,4,7928,869950.0,high
11742,1994200260,2014-08-19,6,4400,869900.0,high
13508,1331900410,2014-06-20,4,30884,869000.0,high
16333,8073000480,2014-07-22,2,13122,869000.0,high
9432,1924069039,2014-05-19,5,49222,869000.0,high
471,8651611170,2015-02-13,3,6161,868700.0,high
13084,518500210,2014-05-08,3,3942,868500.0,high
14127,2287000330,2014-09-15,5,9639,868500.0,high
10970,3271300955,2015-02-24,4,4350,868000.0,high
18984,486000085,2014-08-15,4,5000,866800.0,high
3729,952003585,2015-02-09,4,4945,866500.0,high
2754,4139680070,2014-06-17,5,4797,866059.0,high
5698,7202360010,2014-07-07,4,9786,866000.0,high
19670,745530240,2014-12-26,5,12039,865950.0,high
16207,7443000480,2015-05-07,4,5527,865000.0,high
673,1959701890,2014-07-29,4,4180,865000.0,high
16429,3425059173,2014-10-28,4,16117,865000.0,high
15887,8861000095,2014-09-30,3,7526,865000.0,high
2533,8691330310,2014-05-05,4,9892,865000.0,high
7625,1794500360,2015-04-23,2,5400,865000.0,high
3341,2326300090,2014-06-04,3,4725,865000.0,high
14851,2301400276,2014-09-08,4,4950,865000.0,high
9670,8861000210,2015-04-08,3,8163,865000.0,high
19130,3758900037,2015-05-05,4,10631,865000.0,high
5281,1126059007,2015-03-23,3,150270,865000.0,high
18120,2924079044,2014-07-23,3,219106,865000.0,high
6495,8691360380,2015-04-14,4,13981,865000.0,high
8005,2050100450,2014-11-05,3,12558,865000.0,high
4634,5452800645,2014-09-22,4,13600,865000.0,high
4244,1926069143,2014-10-16,4,99170,865000.0,high
9694,3262301610,2014-11-18,3,10827,865000.0,high
11260,7519000335,2014-12-03,6,5150,865000.0,high
8146,8562900590,2015-01-22,4,11270,865000.0,high
4241,4003000110,2014-10-29,4,4069,865000.0,high
20165,923000425,2014-07-18,5,8160,865000.0,high
2830,7974200820,2014-08-21,5,6730,865000.0,high
3529,5456000110,2015-04-16,5,8854,865000.0,high
4412,7574910490,2014-11-14,4,35991,864500.0,high
21144,1042700290,2014-08-04,5,6507,864327.0,high
5480,1330910280,2015-04-27,4,105850,864000.0,high
7674,3179101945,2014-07-15,4,6600,864000.0,high
4418,2725069085,2014-12-08,4,49658,864000.0,high
2827,7805450750,2015-01-20,3,13554,864000.0,high
6130,9126101511,2015-04-28,4,2760,863500.0,high
18603,6814600150,2014-09-05,4,5400,863000.0,high
563,2725069050,2014-06-13,4,22370,863000.0,high
9128,7701990300,2014-05-16,4,24440,862500.0,high
14240,2021201085,2014-12-12,4,4400,862500.0,high
3588,8127700215,2015-04-09,4,4200,862000.0,high
11362,7701960990,2014-06-16,4,14565,862000.0,high
42,7203220400,2014-07-07,5,5639,861990.0,high
21524,6453550090,2015-05-05,4,7090,861111.0,high
15400,8819900170,2014-08-25,3,3959,861000.0,high
14779,4122700040,2014-10-10,3,15064,860000.0,high
9011,5700000975,2014-08-19,5,6000,860000.0,high
20966,3825310180,2014-10-07,4,8400,860000.0,high
15930,4139400630,2014-05-29,3,9136,860000.0,high
874,7805450810,2014-05-30,3,12095,860000.0,high
12846,424069275,2014-12-26,4,10005,860000.0,high
4980,1370804295,2015-02-12,3,5584,860000.0,high
7566,3886902950,2014-09-11,4,8098,860000.0,high
12871,8146300180,2015-05-12,5,8592,860000.0,high
10132,2324800350,2014-05-06,4,32417,860000.0,high
9117,1454600156,2014-06-25,5,9648,860000.0,high
2305,2538400060,2014-06-12,4,7012,860000.0,high
1543,1239400570,2014-11-17,3,14135,860000.0,high
9499,8644400180,2015-03-19,3,55321,860000.0,high
8003,1241500032,2014-08-19,4,6923,860000.0,high
10620,7856550240,2014-07-10,5,9200,860000.0,high
16110,4309700130,2014-06-04,3,32467,860000.0,high
13931,8815400410,2015-04-03,4,4500,860000.0,high
5845,1982200675,2015-05-06,4,3840,860000.0,high
2761,8691330060,2015-04-07,4,9600,860000.0,high
13447,2652501215,2014-07-02,4,3720,860000.0,high
7763,2925059294,2015-03-27,3,8494,860000.0,high
14671,1954700365,2015-03-17,3,4190,860000.0,high
20196,2547200190,2014-05-20,4,8097,860000.0,high
13357,9808590210,2014-05-13,4,11119,860000.0,high
19948,293070090,2014-07-11,4,5500,859990.0,high
20655,2862500070,2014-12-09,6,6551,859950.0,high
474,1853080570,2014-08-11,4,6298,859900.0,high
20104,1777600850,2014-06-24,4,13900,859000.0,high
5073,2322059136,2015-03-09,3,434728,859000.0,high
17638,1853080540,2014-11-24,5,7977,858450.0,high
9902,8651611260,2015-03-17,3,9751,858450.0,high
4274,3864000090,2015-02-19,5,12778,858000.0,high
2474,9346700270,2015-03-02,4,13720,858000.0,high
19156,1020069042,2014-10-01,4,422967,858000.0,high
12194,9523100550,2014-10-03,3,3960,857500.0,high
12043,2998300075,2015-01-27,4,5040,857500.0,high
20981,3746700120,2014-11-04,3,11632,857326.0,high
11290,1246700251,2014-05-27,4,29043,857000.0,high
758,9542300320,2015-02-02,4,13430,856600.0,high
17257,9348700480,2014-07-15,4,8147,856500.0,high
2854,1344300090,2015-02-17,3,2700,856000.0,high
3826,3629921140,2014-10-30,5,5500,856000.0,high
2752,151000075,2015-02-06,3,3920,856000.0,high
19630,1152200030,2015-03-05,4,5050,855169.0,high
18814,2652500740,2014-06-18,4,4080,855000.0,high
15042,8924100305,2015-03-25,4,6250,855000.0,high
14625,7856620870,2014-08-13,3,9400,855000.0,high
2969,8965520100,2014-10-08,3,10628,855000.0,high
20343,7768800290,2015-03-04,4,5911,855000.0,high
5919,1896700080,2015-01-05,4,35074,855000.0,high
21169,8691420050,2014-11-07,4,7702,855000.0,high
15772,6788201440,2015-04-07,5,4500,855000.0,high
20587,7518507055,2015-04-02,4,2550,855000.0,high
8941,6790950150,2014-08-17,4,52062,855000.0,high
11767,8562740520,2014-08-06,5,5669,855000.0,high
351,2757000030,2014-09-22,4,10460,855000.0,high
3283,2028700535,2015-02-25,4,5300,855000.0,high
11485,207500012,2014-05-05,4,5390,855000.0,high
7769,2323089009,2015-01-19,4,1024068,855000.0,high
16281,1445500010,2015-01-13,4,36974,855000.0,high
10459,5249802085,2014-09-02,4,10800,855000.0,high
17397,6815100380,2015-05-14,3,4000,855000.0,high
9807,7732501000,2014-06-17,4,38865,854000.0,high
9659,1683400165,2015-04-30,7,2665,853800.0,high
17362,3760500514,2014-09-12,3,14890,853505.0,high
19102,3528000210,2015-03-23,4,35025,853000.0,high
20635,1042700270,2014-06-16,4,6184,852880.0,high
8943,2600000210,2014-06-11,4,11901,852600.0,high
13493,9113200180,2014-09-05,4,6315,852500.0,high
5223,98030630,2014-12-15,5,8131,852500.0,high
18130,7856000150,2014-06-09,3,10100,852500.0,high
15187,7237600130,2015-03-26,4,3588,852000.0,high
6361,3723800414,2015-03-20,4,7328,852000.0,high
17879,9287802410,2014-08-22,5,3750,852000.0,high
2118,6762700340,2015-04-27,3,4000,852000.0,high
3799,3260200110,2014-12-08,3,18184,851500.0,high
4592,8965500820,2014-07-02,5,9792,851000.0,high
11028,7922900030,2014-10-03,3,10350,851000.0,high
954,8691300860,2015-04-21,4,13202,851000.0,high
16632,3528000470,2014-05-09,3,107290,851000.0,high
100,1952200240,2014-06-11,3,13241,850830.0,high
21484,323079058,2015-01-05,4,22000,850000.0,high
11955,205000310,2014-06-24,4,37122,850000.0,high
19620,3902100175,2014-07-28,5,5250,850000.0,high
10757,825069078,2015-03-24,5,97661,850000.0,high
1756,3295610350,2015-03-23,5,15119,850000.0,high
3356,3260000300,2014-11-18,4,10451,850000.0,high
14230,3325059177,2014-11-05,5,11325,850000.0,high
10545,8732300060,2014-05-12,4,11914,850000.0,high
13513,9808640040,2015-03-06,3,1919,850000.0,high
3180,4318200405,2014-06-20,3,8170,850000.0,high
19969,5457801833,2015-01-27,2,2210,850000.0,high
9786,5451200520,2014-06-12,4,11843,850000.0,high
19319,4083302225,2014-10-14,4,3784,850000.0,high
17817,323089085,2015-04-22,3,101930,850000.0,high
18896,2397101055,2014-08-12,3,3600,850000.0,high
5608,3024079063,2014-07-01,4,112750,850000.0,high
1808,225069017,2014-07-14,4,183823,850000.0,high
12352,3226059128,2014-06-18,5,28324,850000.0,high
12468,2386000240,2014-09-29,5,65556,850000.0,high
17960,8952900245,2014-07-15,6,20590,850000.0,high
4594,6132600165,2014-07-03,3,5000,850000.0,high
16279,8682280170,2015-03-30,3,8708,850000.0,high
21499,6891100090,2014-10-14,5,5400,850000.0,high
20542,8679200100,2015-01-07,4,5559,850000.0,high
1506,2771601940,2015-05-04,3,4600,850000.0,high
754,4385700765,2014-06-03,3,3850,850000.0,high
3112,5035300750,2014-07-31,3,8603,850000.0,high
19083,8682230760,2014-07-24,2,6750,850000.0,high
7856,524069101,2014-07-23,4,90968,850000.0,high
1051,7625704510,2014-10-22,4,6500,850000.0,high
15401,3999300290,2014-10-16,3,11148,850000.0,high
11454,2719100240,2014-05-19,4,5900,850000.0,high
1174,3250500140,2014-10-08,3,9900,850000.0,high
16284,3586500630,2014-09-24,2,25732,850000.0,high
9211,1726069198,2014-09-18,3,91911,850000.0,high
11470,8682292190,2014-12-15,2,9854,850000.0,high
12690,4078300040,2015-02-24,3,7050,850000.0,high
13759,7645900355,2015-03-13,3,3680,850000.0,high
3617,8965450110,2014-09-12,3,11570,850000.0,high
1876,8163300320,2014-06-14,5,11880,850000.0,high
5195,624100950,2015-03-11,3,18450,850000.0,high
8042,7576700131,2014-07-14,3,3707,850000.0,high
6385,4122700020,2014-07-10,5,13430,850000.0,high
15955,7151700190,2015-03-31,2,5000,850000.0,high
6372,9222400605,2015-04-11,5,4500,850000.0,high
14662,3052700610,2014-12-16,6,5400,850000.0,high
10527,5318100935,2014-10-20,3,3600,850000.0,high
11165,2592210510,2015-02-17,3,12406,850000.0,high
17958,3975400085,2014-06-24,4,4000,850000.0,high
13881,1732800175,2014-06-30,3,2387,850000.0,high
12932,3867400175,2015-02-24,2,4144,850000.0,high
11599,7284900030,2014-05-22,4,6744,850000.0,high
11011,2597530070,2015-03-18,3,10809,850000.0,high
18415,5021900945,2014-07-03,3,8800,850000.0,high
19402,1797500600,2014-08-25,5,4120,850000.0,high
9478,1931300665,2014-10-09,3,4800,850000.0,high
14355,1370801465,2014-06-19,2,5136,850000.0,high
19479,3127200021,2014-06-16,4,7089,850000.0,high
20895,9578090180,2015-04-03,4,7150,850000.0,high
13498,1624059219,2014-11-05,2,13939,850000.0,high
6628,3322049005,2014-09-30,4,239580,850000.0,high
13506,4139440360,2014-09-18,4,9972,850000.0,high
11740,1525059074,2014-07-23,4,35802,850000.0,high
15729,2194100050,2014-09-29,4,11652,850000.0,high
20305,293070010,2014-10-28,4,4987,849990.0,high
482,6189200125,2015-03-25,3,9773,849950.0,high
13477,822039004,2014-06-13,2,641203,849900.0,high
11524,5701700640,2014-07-29,3,42159,849000.0,high
8544,3523069047,2014-08-25,4,87555,849000.0,high
17855,868000175,2014-10-01,4,8040,849000.0,high
18516,1370802770,2014-09-19,3,4534,849000.0,high
7356,1563102880,2014-06-21,4,6300,849000.0,high
4877,446000190,2014-12-08,5,6534,849000.0,high
8966,2767601280,2014-07-22,6,5000,848750.0,high
14305,1689400150,2015-02-06,3,2738,848000.0,high
11440,4397650160,2014-09-22,3,5717,848000.0,high
6261,8823902005,2015-03-26,5,4320,848000.0,high
10407,1778350160,2014-07-10,5,10260,847700.0,high
20496,2428100100,2014-11-17,4,5670,847093.0,high
1306,853400240,2015-03-25,6,17864,847000.0,high
16265,1556200005,2014-06-03,5,4623,847000.0,high
6252,1150900080,2015-04-27,4,7491,846450.0,high
19395,1231000645,2014-08-01,4,4000,846000.0,high
20982,745530040,2014-09-11,5,9600,845950.0,high
5462,7501000080,2014-11-21,4,12750,845800.0,high
3349,1423089055,2014-06-13,4,115434,845000.0,high
3219,624110930,2014-07-24,3,15745,845000.0,high
12563,9290850760,2014-10-28,4,35610,845000.0,high
17076,5351200280,2015-04-07,4,5071,845000.0,high
2812,1651500060,2014-09-29,5,9972,845000.0,high
11063,6815100370,2014-10-30,4,4000,845000.0,high
12004,1965200075,2015-03-16,3,2538,845000.0,high
18152,7574910450,2015-02-03,4,40471,845000.0,high
13517,3825310970,2014-07-24,4,7675,845000.0,high
9816,4139400060,2015-04-09,4,9072,845000.0,high
17721,472000590,2014-06-24,3,4750,845000.0,high
4253,6667400090,2015-05-01,4,35315,845000.0,high
4093,871001105,2014-10-22,4,7143,845000.0,high
7046,8644210470,2015-03-18,4,19487,845000.0,high
20428,8149600065,2015-04-01,4,6350,844000.0,high
5427,3528000545,2014-08-15,4,67518,844000.0,high
8869,540100056,2014-06-01,4,16475,843500.0,high
3278,2355010090,2014-12-07,3,11448,843500.0,high
437,11500890,2015-03-12,3,8750,843000.0,high
1350,7234600786,2014-05-11,4,5298,842500.0,high
17374,1338300010,2014-10-13,3,3996,842500.0,high
6371,9222400605,2014-11-15,5,4500,842500.0,high
5771,4457300630,2014-07-16,4,9525,842000.0,high
9065,4083301380,2014-10-17,3,4774,842000.0,high
7494,4178300040,2015-02-19,4,13870,841000.0,high
15386,8073000585,2014-07-15,4,12174,840500.0,high
12525,1794501415,2014-05-28,3,5400,840500.0,high
16043,9113200250,2015-04-13,4,4602,840000.0,high
409,1560930070,2014-09-11,4,40139,840000.0,high
1937,2926069062,2014-08-11,3,33920,840000.0,high
1020,7701990560,2014-07-29,4,21810,840000.0,high
9394,5100403876,2014-08-20,3,9715,840000.0,high
17094,4099500605,2015-04-17,4,9600,840000.0,high
17360,2436700280,2014-05-28,4,4000,840000.0,high
205,3456000310,2014-08-04,4,11010,840000.0,high
13463,7701990040,2014-06-17,4,18334,840000.0,high
13255,5210200410,2014-11-14,5,20824,840000.0,high
17570,8691300900,2014-08-21,4,9847,840000.0,high
14989,8562740480,2015-04-14,4,6327,840000.0,high
15873,2600110250,2015-04-30,4,9796,840000.0,high
19957,1732800194,2014-11-13,2,975,840000.0,high
15063,7856610130,2014-07-21,4,8712,840000.0,high
16197,2653000005,2014-05-12,4,2750,840000.0,high
5931,853600020,2014-07-10,4,85728,840000.0,high
2657,486000565,2014-05-15,4,11562,840000.0,high
13046,8651611590,2014-05-28,4,8405,840000.0,high
17586,326069164,2015-04-29,4,43216,840000.0,high
14829,2391601445,2015-03-04,3,6250,840000.0,high
4458,6848200018,2014-05-28,4,2800,840000.0,high
4853,8712100605,2014-10-28,4,3671,840000.0,high
11544,8566100160,2014-10-22,5,11617,840000.0,high
12879,1868900035,2015-04-07,3,4800,840000.0,high
10091,4319200060,2014-07-09,3,11177,840000.0,high
18460,2616800600,2014-05-30,7,37607,840000.0,high
19492,7203100850,2015-04-27,4,5960,840000.0,high
8905,5282200015,2015-01-26,5,3800,840000.0,high
11679,3303990030,2014-10-27,4,13559,840000.0,high
10329,7203220310,2014-08-22,4,5637,839990.0,high
19710,9492500140,2014-07-12,4,7200,839950.0,high
11972,8651610240,2014-11-19,4,7462,839900.0,high
902,2296500136,2014-05-09,4,13592,839900.0,high
19658,8562790310,2015-03-24,4,4161,839704.0,high
14945,627300190,2014-08-12,4,12469,839000.0,high
18555,1778350150,2014-08-11,5,11307,839000.0,high
15410,8146100095,2014-05-15,3,12305,839000.0,high
17727,1026069095,2014-06-24,3,203425,839000.0,high
12786,191100870,2014-08-05,4,9525,838400.0,high
2825,6383900090,2014-09-04,6,12978,838300.0,high
13850,2423059060,2015-04-20,3,150945,838000.0,high
20392,7936000463,2015-04-16,4,7210,838000.0,high
17038,2326059099,2014-05-02,4,42998,838000.0,high
1090,11501160,2014-06-17,5,12611,837700.0,high
5729,1245002125,2014-06-04,4,9320,837500.0,high
20451,1853080850,2014-06-06,5,7679,837219.0,high
20821,6719600030,2015-04-22,5,5225,837000.0,high
17376,4154305575,2014-09-03,3,7200,836500.0,high
5477,4178300080,2014-12-12,4,12987,836000.0,high
1641,9542000030,2014-07-22,4,12573,835100.0,high
18313,1853080730,2014-12-10,3,6856,835000.0,high
2020,3760500516,2014-07-24,5,14720,835000.0,high
16889,7942601435,2015-03-24,6,5120,835000.0,high
9981,1824069083,2015-04-29,3,30166,835000.0,high
5607,8651611060,2014-08-04,4,6027,835000.0,high
12587,8682220150,2014-06-06,2,6815,835000.0,high
1294,2025760160,2014-07-03,4,25714,835000.0,high
18832,1525059165,2014-06-29,3,54014,835000.0,high
5424,5480900010,2014-06-23,4,29163,835000.0,high
1879,3885803625,2014-12-03,3,3840,835000.0,high
184,11510310,2014-09-05,4,13412,835000.0,high
11608,2568200070,2014-07-16,4,7784,835000.0,high
5228,2124079093,2015-01-12,2,392475,835000.0,high
14642,3530210180,2014-07-23,4,42717,835000.0,high
12935,3222049044,2014-06-12,3,12523,835000.0,high
8774,1925069199,2015-02-09,3,13124,835000.0,high
3336,8081900011,2014-09-16,3,4625,835000.0,high
19465,6431000206,2014-05-08,4,6960,835000.0,high
5180,9285800275,2014-08-14,3,6690,835000.0,high
7165,4217400185,2014-06-03,4,4000,835000.0,high
15349,930000415,2014-12-04,4,10240,835000.0,high
12706,5101402296,2014-09-25,5,7830,835000.0,high
18694,424069206,2015-01-12,4,48351,835000.0,high
13199,624110450,2015-02-25,4,16025,835000.0,high
20261,1042700250,2014-08-04,5,5225,834995.0,high
21322,8946780080,2014-09-08,5,4911,834950.0,high
19638,2862500060,2015-01-15,5,6500,834950.0,high
14825,3902600150,2014-08-20,3,4171,834800.0,high
21118,2428100130,2014-12-10,3,6187,834538.0,high
4315,1376800025,2014-09-08,3,6000,834500.0,high
310,3416600800,2015-02-09,4,4000,834000.0,high
13950,5015000596,2014-12-01,3,4089,834000.0,high
8628,823069044,2015-03-25,5,269345,833450.0,high
16109,8691310840,2014-05-09,4,10308,833000.0,high
17561,9348700450,2014-08-18,4,7178,833000.0,high
5846,1201500010,2015-03-30,4,12690,833000.0,high
5097,9542300430,2015-03-31,4,12238,833000.0,high
5114,510002995,2015-04-07,4,4200,832600.0,high
11999,7732500700,2014-11-26,4,35100,832500.0,high
75,3276920270,2014-11-05,4,35102,832500.0,high
4924,5021900050,2014-08-18,3,9527,832500.0,high
1878,4403600240,2015-01-13,4,52953,832000.0,high
21294,1042700080,2014-08-22,5,4919,831548.0,high
13662,1152600220,2014-06-23,5,35124,831500.0,high
1278,9828700200,2014-05-05,4,4000,831000.0,high
11968,9445300045,2014-06-09,4,3905,831000.0,high
9770,9541600350,2015-01-20,3,8800,831000.0,high
7463,582000010,2015-03-20,3,4990,830200.0,high
16426,586000020,2014-08-28,4,7904,830005.0,high
1373,8032700140,2014-10-28,5,2808,830000.0,high
8740,1546600120,2015-03-25,4,12202,830000.0,high
14086,8146200150,2014-11-10,4,11056,830000.0,high
21403,8562790580,2015-04-28,4,4287,830000.0,high
1664,65000260,2014-08-20,3,6550,830000.0,high
3839,3885801450,2015-02-26,2,6000,830000.0,high
13287,3760500222,2014-06-03,3,10521,830000.0,high
2004,1426049083,2014-10-22,3,11287,830000.0,high
16918,9346700280,2014-06-20,5,10192,830000.0,high
20341,9578090050,2014-05-05,4,9692,830000.0,high
1720,5450900140,2014-05-08,5,9601,830000.0,high
2694,6891100260,2014-11-11,5,5400,830000.0,high
3636,191101015,2014-12-11,3,10125,830000.0,high
14336,2607801120,2015-04-20,5,14207,830000.0,high
13715,6909200355,2015-04-24,5,3750,830000.0,high
1976,1241500350,2015-01-05,2,35679,830000.0,high
9839,1325059083,2014-05-27,4,50662,830000.0,high
3688,5450300195,2015-03-27,4,13500,830000.0,high
7653,2523089110,2014-09-09,3,145054,830000.0,high
18021,1807900300,2014-12-17,6,9000,830000.0,high
10344,1025059094,2015-01-28,5,21780,830000.0,high
6797,8691400010,2015-03-27,4,7809,830000.0,high
6678,9541800010,2014-10-27,5,19800,830000.0,high
3156,6821100195,2015-03-31,4,6000,830000.0,high
19946,1042700300,2014-08-04,5,6120,829995.0,high
18451,293800900,2014-10-06,4,42775,829950.0,high
6617,2436200185,2015-02-23,4,4000,829900.0,high
10264,5694500200,2014-08-13,4,4500,829000.0,high
16763,8682300010,2015-02-06,3,10443,829000.0,high
13412,624069003,2015-01-02,4,59677,829000.0,high
20676,629890070,2014-05-15,4,5680,828950.0,high
1565,4215250310,2014-09-19,4,35000,828500.0,high
4686,4140930110,2014-12-10,4,7081,828200.0,high
18098,629810720,2014-08-18,4,9901,828000.0,high
2792,9323610260,2014-08-25,4,10841,828000.0,high
4714,3885802970,2014-12-03,3,7200,827500.0,high
11441,3629860060,2015-03-12,5,5823,827500.0,high
15881,1877500005,2014-12-01,3,8560,827235.0,high
6068,9528100899,2015-04-28,3,1330,827000.0,high
19117,3459600180,2014-06-26,4,12100,827000.0,high
7860,9191200490,2015-03-24,4,5000,826600.0,high
17952,272000945,2015-03-25,3,4000,826000.0,high
9294,1257201095,2015-03-23,2,6120,826000.0,high
17365,811000050,2014-12-31,3,5000,826000.0,high
1180,3630180400,2014-06-26,4,7140,826000.0,high
21346,8562790080,2015-02-09,4,3737,825750.0,high
19624,3026059204,2014-05-30,3,11964,825500.0,high
4036,3423600025,2015-03-05,4,3680,825050.0,high
7459,1250202660,2014-09-24,4,6300,825000.0,high
20577,461003835,2014-12-18,3,3000,825000.0,high
1081,7567600045,2014-08-27,2,12775,825000.0,high
9330,4237901345,2014-12-17,4,4477,825000.0,high
13215,3026059011,2014-08-13,3,24192,825000.0,high
14467,9103000360,2014-12-18,4,4000,825000.0,high
11526,3629860160,2014-10-28,3,5260,825000.0,high
15369,3526039193,2015-04-07,4,8027,825000.0,high
8067,2771104965,2015-01-30,2,4000,825000.0,high
5793,1125069134,2015-04-30,3,86636,825000.0,high
20489,7202300540,2014-07-01,4,6637,825000.0,high
826,3362400640,2015-05-12,3,3090,825000.0,high
11138,3897100640,2014-11-03,3,7975,825000.0,high
4447,1954700615,2014-10-22,4,6900,825000.0,high
14847,1193000450,2015-04-10,5,6000,825000.0,high
10936,8562750060,2015-04-20,5,6770,825000.0,high
1692,7701990700,2014-12-31,4,18901,825000.0,high
9541,5423010180,2014-07-24,4,9340,825000.0,high
14144,5451200530,2014-07-05,4,12653,825000.0,high
13027,6817850040,2014-11-11,3,26413,825000.0,high
14785,3342103282,2014-10-17,2,42247,825000.0,high
17681,7851990230,2015-03-16,4,11086,825000.0,high
8782,7856600900,2014-06-16,4,9800,825000.0,high
10800,809002030,2014-09-11,2,3600,825000.0,high
9158,6021501635,2014-11-02,4,4000,825000.0,high
19917,2597490140,2015-03-26,4,4155,825000.0,high
15709,2624300080,2014-07-24,3,35900,825000.0,high
1338,3630180340,2014-11-04,4,5000,825000.0,high
4151,9523104345,2014-12-18,5,7500,825000.0,high
3918,9274201730,2014-06-16,4,6938,825000.0,high
15988,455000190,2014-10-06,3,5000,825000.0,high
4974,280610020,2014-09-02,4,14219,825000.0,high
15687,3585900190,2014-10-06,3,38400,825000.0,high
13653,2663000580,2014-09-19,4,4000,825000.0,high
11373,5418500800,2015-04-29,3,10418,825000.0,high
7597,685000265,2015-01-02,3,8442,825000.0,high
16854,8861000235,2015-03-24,4,11925,825000.0,high
18402,6329000385,2014-06-18,4,9792,825000.0,high
4879,3629921060,2014-07-15,5,5110,825000.0,high
18670,3305100210,2014-10-21,5,8474,825000.0,high
4209,2619920110,2014-12-30,4,5262,825000.0,high
18185,1980200384,2014-10-22,4,6499,825000.0,high
11323,2600010390,2014-10-15,4,10050,825000.0,high
1842,3931900295,2015-04-23,4,3500,824500.0,high
19327,2771604190,2014-06-17,7,4000,824000.0,high
14190,6821600145,2014-11-10,2,8400,824000.0,high
766,8146100270,2015-03-24,4,9864,824000.0,high
2468,8563080270,2014-08-21,4,14240,824000.0,high
12784,293800410,2014-09-24,4,57538,824000.0,high
5396,9187200285,2014-05-05,6,5000,823000.0,high
5092,2592201350,2015-03-24,3,9825,823000.0,high
12280,1623300055,2015-03-23,5,7722,823000.0,high
16449,9323600280,2015-02-11,4,9600,822600.0,high
2082,4401200350,2015-02-10,3,7708,822500.0,high
128,2331300505,2014-06-13,5,4960,822500.0,high
18407,3025049052,2014-08-12,2,7098,822500.0,high
6030,8856700130,2014-06-12,4,40386,822000.0,high
5161,7856620050,2015-02-25,3,13300,822000.0,high
14194,2592210150,2014-09-23,3,9158,822000.0,high
16513,2581900284,2014-07-07,3,8476,821000.0,high
21120,7853280250,2015-04-24,5,9387,820875.0,high
9933,4054560140,2014-09-26,3,35108,820000.0,high
4014,2755200110,2014-06-02,3,6272,820000.0,high
13623,8965400210,2014-07-01,3,9750,820000.0,high
3301,7015200615,2014-05-29,4,6660,820000.0,high
14181,1623069023,2014-07-29,4,252648,820000.0,high
20988,3305100230,2014-06-18,4,8523,820000.0,high
12235,629810560,2014-12-17,4,8633,820000.0,high
2676,3204300860,2014-07-23,2,4440,820000.0,high
20455,3303970100,2015-03-06,4,26772,820000.0,high
9390,925069100,2015-03-27,3,46538,820000.0,high
19322,3362400650,2015-01-16,4,4635,820000.0,high
19345,2597530650,2014-08-15,3,9600,820000.0,high
19932,2419700030,2014-08-25,4,3862,820000.0,high
18056,7015200900,2015-04-10,4,5737,820000.0,high
17657,3222049151,2014-10-30,3,10711,820000.0,high
11603,2716600273,2014-05-28,3,5503,820000.0,high
16847,5456000280,2015-03-10,5,8000,820000.0,high
4926,7701960130,2014-10-17,3,18935,820000.0,high
1877,1853081000,2014-07-17,5,6137,820000.0,high
19583,2538400040,2014-05-24,4,7000,820000.0,high
19324,2024059111,2014-10-23,3,38830,820000.0,high
10476,8691330260,2014-12-08,4,13515,820000.0,high
7914,6352600490,2015-01-14,4,8049,820000.0,high
21482,4216500110,2014-05-15,5,10335,819995.0,high
320,325059286,2014-05-13,5,7119,819900.0,high
10831,521049200,2014-07-08,3,13391,819000.0,high
1531,2864600105,2014-06-24,3,6150,819000.0,high
19513,6821101285,2014-08-14,3,6000,819000.0,high
15954,3223039109,2015-02-20,3,226512,819000.0,high
4438,4232902615,2015-04-28,3,3600,819000.0,high
18174,9528102870,2015-03-04,3,4120,818900.0,high
13697,3343301490,2014-09-09,5,12957,818500.0,high
12911,1136100087,2015-02-05,4,44431,818000.0,high
18204,1930301015,2015-04-28,3,4800,818000.0,high
20007,8682320090,2014-05-19,2,9374,818000.0,high
9844,9552701000,2015-03-16,4,8001,818000.0,high
1104,3276930270,2015-04-25,4,35679,817500.0,high
6467,1425059193,2014-10-09,5,9312,817500.0,high
7737,8651611110,2014-09-05,3,7639,817500.0,high
5926,1233100321,2015-03-27,3,7202,817250.0,high
6366,2652500285,2014-10-28,3,3360,817000.0,high
16376,9323600380,2014-08-05,4,10660,817000.0,high
3788,8562400025,2014-09-16,3,8545,816000.0,high
8887,4217400540,2014-09-29,5,4800,815241.0,high
12286,727500030,2014-07-15,3,8671,815000.0,high
13078,3299600040,2015-02-14,3,12442,815000.0,high
19766,2597490030,2014-10-02,4,4006,815000.0,high
1360,6821600390,2015-01-08,3,6000,815000.0,high
8929,8562901910,2014-07-30,3,21494,815000.0,high
4908,8691300420,2014-08-04,5,10794,815000.0,high
14231,2652500155,2014-10-29,4,4500,815000.0,high
12137,8920100041,2015-04-28,4,14880,815000.0,high
4975,2487200938,2014-11-26,5,5000,815000.0,high
6679,2619920010,2014-07-03,4,4203,815000.0,high
1978,629810350,2014-05-21,4,9614,815000.0,high
6752,426069099,2015-04-20,3,53143,815000.0,high
18604,9828200790,2014-10-28,4,4800,815000.0,high
12462,8082400136,2014-06-26,4,4743,815000.0,high
11506,6669200370,2014-06-26,3,11989,815000.0,high
4240,6071800100,2015-03-27,6,17853,815000.0,high
16468,4397650080,2014-10-15,3,5002,815000.0,high
6510,6043400006,2014-07-29,4,16110,815000.0,high
5518,1525059215,2015-02-24,5,35536,815000.0,high
7711,9808640090,2015-03-19,3,2186,815000.0,high
21178,3326059253,2015-03-30,4,7187,815000.0,high
2344,2887703066,2014-05-28,4,3800,815000.0,high
17338,1890000275,2015-04-29,3,3570,815000.0,high
5263,98030660,2015-03-11,4,7208,815000.0,high
11084,9433000060,2014-11-18,4,6626,814950.0,high
16070,3026059368,2014-07-11,3,6899,814842.0,high
6592,6616000010,2014-08-25,4,8820,814000.0,high
16869,2330000130,2014-07-23,4,15520,813500.0,high
5198,4100000050,2014-10-30,3,11866,813000.0,high
18775,6909700040,2014-06-11,4,6675,813000.0,high
15404,4401200460,2014-10-20,4,7508,813000.0,high
11296,2725069121,2014-09-03,4,52707,813000.0,high
8975,2597531110,2014-09-09,4,10159,812500.0,high
9515,7856620210,2014-08-08,4,10300,812500.0,high
20967,3630220180,2014-07-08,4,3634,812000.0,high
15734,6758700050,2015-04-01,3,3420,812000.0,high
19328,6638900265,2014-09-25,4,5000,812000.0,high
10834,871000435,2015-05-09,4,6122,812000.0,high
19612,9828201885,2014-08-22,3,4559,812000.0,high
4443,8651611690,2014-06-20,3,8338,812000.0,high
9256,8562750220,2014-11-20,5,4500,811500.0,high
454,2287000030,2014-10-14,3,9897,811000.0,high
19050,3526039019,2014-07-02,3,7410,811000.0,high
8860,325059086,2014-08-25,2,17986,811000.0,high
11906,5151800045,2014-08-22,5,17654,810000.0,high
3778,8819901030,2014-11-18,3,8025,810000.0,high
19010,9542200220,2015-02-13,6,9500,810000.0,high
2412,11520640,2014-08-01,4,10450,810000.0,high
367,1118500030,2014-10-01,4,15420,810000.0,high
21504,8682291050,2014-07-08,2,8572,810000.0,high
21599,7202300110,2014-09-15,4,7838,810000.0,high
5791,2025059134,2015-01-13,3,16928,810000.0,high
4170,9294300495,2014-11-14,4,5600,810000.0,high
8741,4139440100,2015-01-28,3,8481,810000.0,high
13916,3395350210,2015-03-24,5,67475,810000.0,high
5471,1224059049,2014-06-13,3,13503,810000.0,high
1639,8952900204,2014-10-29,5,9600,810000.0,high
3993,2597520090,2014-06-22,4,10613,810000.0,high
7738,5411600210,2014-08-12,4,4322,810000.0,high
13743,1853080180,2014-10-26,5,6422,810000.0,high
6457,3867400130,2014-07-09,4,3988,810000.0,high
20685,6358900070,2014-12-22,4,46173,810000.0,high
13378,2321300325,2015-01-22,4,5000,810000.0,high
10413,2224079050,2014-07-18,4,209523,810000.0,high
2745,8934100125,2014-08-29,3,6360,810000.0,high
8235,1257202215,2014-07-14,4,4080,810000.0,high
1529,3629920830,2015-05-06,4,5608,810000.0,high
21030,325059287,2014-09-10,4,8384,810000.0,high
19954,925059311,2014-07-22,4,6555,810000.0,high
4526,4389201064,2014-07-03,3,9041,810000.0,high
21034,8121100155,2015-02-25,4,2868,810000.0,high
6234,2195700050,2014-05-19,4,59242,810000.0,high
11551,1938000140,2015-04-28,4,10424,810000.0,high
18568,8820902350,2014-12-03,4,7396,810000.0,high
16457,7525530470,2014-07-25,3,10983,810000.0,high
6880,3889100029,2014-06-17,3,10481,810000.0,high
4636,7645900165,2014-10-16,4,3588,810000.0,high
5773,6817850050,2015-02-17,4,25211,810000.0,high
14132,1962200145,2015-03-20,3,3300,810000.0,high
10796,9542400075,2014-06-06,4,9900,809950.0,high
17741,6352600210,2014-06-11,4,6181,809950.0,high
20084,8946780110,2014-08-04,4,4903,809950.0,high
7539,1339300025,2014-06-02,4,4337,809000.0,high
6773,2680700280,2015-04-02,4,8372,809000.0,high
15303,7732410420,2014-06-17,3,7720,809000.0,high
19751,7853280350,2014-05-12,5,6324,809000.0,high
2424,3630180240,2014-07-11,5,5901,808900.0,high
11559,2425039017,2014-09-04,3,2640,808250.0,high
8480,3034200666,2014-11-07,4,13457,808100.0,high
18495,7732410220,2014-07-01,4,8866,808000.0,high
20898,7202300040,2014-08-04,4,6262,808000.0,high
10026,8805900570,2014-09-11,4,4104,808000.0,high
9497,3586500770,2014-09-23,3,32380,808000.0,high
10382,579002220,2014-08-27,3,6240,808000.0,high
16668,5608010420,2014-11-20,4,7230,808000.0,high
12885,8813400155,2014-12-19,8,4600,808000.0,high
14772,1240100065,2015-04-24,4,24170,807500.0,high
167,1836980160,2015-03-24,4,4499,807100.0,high
5964,7010700660,2015-04-28,3,4000,807000.0,high
9023,225069013,2014-06-23,4,206474,806000.0,high
13566,8691310040,2014-08-26,4,9629,806000.0,high
3269,1266200015,2015-01-27,3,10330,805500.0,high
14963,9530100225,2015-04-09,4,4500,805000.0,high
3194,6979940100,2015-01-29,5,7266,805000.0,high
6558,56000095,2014-06-26,3,5875,805000.0,high
5528,3224510080,2014-11-20,4,23781,805000.0,high
1764,8565000030,2015-04-29,4,33460,805000.0,high
17834,439000230,2015-04-29,4,9889,805000.0,high
15173,2927600415,2014-08-21,3,11250,805000.0,high
17648,2226069018,2014-11-12,4,38615,805000.0,high
5442,8163000020,2015-01-26,5,18265,805000.0,high
20607,7853280370,2014-11-14,5,7810,805000.0,high
7611,2597520580,2014-10-08,4,9000,805000.0,high
17402,1868902745,2014-05-02,3,4500,805000.0,high
1334,573000685,2014-07-17,2,6000,805000.0,high
20368,3630200630,2014-08-05,4,3600,805000.0,high
17147,1177000130,2014-05-22,4,6000,805000.0,high
3548,7526400100,2014-08-26,4,35225,805000.0,high
1846,4083306175,2015-04-01,3,3200,805000.0,high
3464,4154305290,2014-11-20,5,6480,805000.0,high
19365,7574910650,2014-09-11,4,38032,805000.0,high
14859,3585900665,2014-06-06,5,19831,805000.0,high
14041,2050100210,2014-11-17,3,17461,805000.0,high
12074,4046600070,2014-06-19,3,19023,805000.0,high
5008,1870400635,2015-03-11,4,4750,805000.0,high
19916,1042700060,2014-05-16,5,5402,804995.0,high
13453,8921000040,2014-06-25,4,8086,804100.0,high
10181,8965500030,2014-09-23,5,9305,804000.0,high
11558,2391600335,2015-02-03,4,5060,804000.0,high
20278,9510860840,2014-05-15,4,5404,803100.0,high
5089,1926059027,2015-01-09,2,33747,803000.0,high
3637,4249000100,2015-04-14,4,7673,803000.0,high
19907,7853440140,2015-04-09,5,9234,802945.0,high
685,2346200030,2015-01-05,5,6768,802541.0,high
7024,1102001112,2015-02-13,4,7000,802500.0,high
14660,98020410,2014-07-21,4,8030,802500.0,high
2985,7855600820,2014-09-04,4,8734,802000.0,high
3521,1997200165,2014-09-16,3,5001,802000.0,high
15477,7732400280,2014-05-14,3,13096,802000.0,high
18630,8682230610,2014-06-02,2,6327,802000.0,high
5906,5700001045,2014-06-22,3,5000,802000.0,high
14100,7784400035,2014-08-13,2,8700,802000.0,high
13604,2159800120,2015-03-17,4,13500,801501.0,high
19963,2224069165,2014-09-02,4,8059,801000.0,high
4759,7501000130,2014-05-05,5,13806,800866.0,high
14337,9542200610,2015-02-19,4,11130,800500.0,high
16750,3630180470,2015-02-05,4,5500,800000.0,high
14212,8653900150,2014-05-05,3,7857,800000.0,high
8812,9542300530,2014-11-24,4,9963,800000.0,high
21082,8562900430,2014-07-18,4,11088,800000.0,high
12637,5249804655,2014-10-17,4,7200,800000.0,high
12379,9482700075,2015-01-12,4,3302,800000.0,high
1602,3623500135,2015-03-26,4,10664,800000.0,high
7280,922059169,2014-12-01,6,189050,800000.0,high
901,7574910860,2014-08-11,4,50308,800000.0,high
6377,862000020,2015-02-06,6,20620,800000.0,high
17588,9348700610,2014-12-17,4,6766,800000.0,high
16845,8691400080,2014-06-20,4,7035,800000.0,high
6939,686450080,2014-07-11,4,8436,800000.0,high
14362,3630180450,2015-04-07,4,5000,800000.0,high
17349,2825079001,2014-08-14,5,501376,800000.0,high
16125,8923600185,2014-08-29,3,9471,800000.0,high
4024,9175600025,2014-10-07,7,41664,800000.0,high
6073,2925059260,2015-05-06,5,10560,800000.0,high
16235,224069169,2014-10-23,4,20662,800000.0,high
20776,97600140,2014-07-29,4,5000,800000.0,high
9428,1853081250,2014-12-29,4,5000,800000.0,high
13324,2025049025,2015-03-25,4,4400,800000.0,high
2095,9178600135,2014-08-26,4,2800,800000.0,high
17164,475000605,2014-06-23,4,4895,800000.0,high
2083,6402300070,2014-12-08,4,10000,800000.0,high
10318,2323089065,2014-12-17,4,322188,800000.0,high
5664,139000185,2015-04-28,3,4440,800000.0,high
1960,6430500186,2014-11-04,4,3952,800000.0,high
6808,3025059136,2014-08-13,2,8750,800000.0,high
16781,3022039071,2014-05-30,2,31491,800000.0,high
2124,9551202025,2014-06-25,2,5719,800000.0,high
13976,7524950540,2015-04-03,4,9921,800000.0,high
238,326069104,2014-07-01,3,221284,800000.0,high
21431,2725079018,2014-05-09,4,159430,800000.0,high
11638,2397100560,2014-11-21,3,3600,800000.0,high
3271,2386000300,2014-12-02,4,67369,800000.0,high
4718,7575700015,2014-07-10,3,4000,800000.0,high
923,3456000160,2014-06-23,3,11824,800000.0,high
5747,2771104830,2014-06-11,4,4000,800000.0,high
12479,3226059083,2014-06-26,3,75794,800000.0,high
4621,3886902870,2014-05-27,4,7200,800000.0,high
17666,2902200076,2015-01-28,3,3200,800000.0,high
10139,5453700140,2014-12-08,3,10292,800000.0,high
3734,1828300100,2015-03-30,4,7807,800000.0,high
6793,6979940050,2014-09-16,5,9024,800000.0,high
1716,9839300875,2014-05-14,3,4400,800000.0,high
16443,567000020,2015-04-28,2,5000,800000.0,high
4367,824059211,2014-11-17,4,9148,800000.0,high
12655,1604590230,2015-04-24,4,18303,800000.0,high
18050,7701961220,2014-06-26,4,16809,800000.0,high
6392,4058801702,2015-02-06,4,10037,800000.0,high
21237,9293000170,2015-04-08,5,4726,800000.0,high
6609,7971300020,2015-03-31,5,10960,800000.0,high
5113,2533300130,2014-07-16,3,2640,800000.0,high
4360,8682230590,2015-04-26,2,6143,800000.0,high
3055,2652500015,2014-06-10,3,4500,800000.0,high
5150,9526600250,2015-04-20,4,7427,800000.0,high
8483,3491300082,2015-01-27,4,5808,799990.0,high
15680,1330850130,2015-02-18,3,21780,799990.0,high
20608,2937300520,2014-08-01,4,6050,799990.0,high
15654,9433000480,2014-09-22,4,5494,799950.0,high
20520,1926059236,2014-10-10,5,4702,799950.0,high
3381,7854800090,2014-11-07,3,11769,799950.0,high
12844,3221059044,2014-05-23,4,196817,799950.0,high
15727,6116500290,2014-07-14,6,36721,799950.0,high
21304,4385700185,2014-08-12,3,1386,799950.0,high
20042,1926059039,2014-10-06,4,7429,799950.0,high
20809,2524059267,2014-09-17,4,18223,799900.0,high
16098,3982700250,2015-04-23,4,7800,799900.0,high
16627,1338800491,2014-10-21,4,5750,799500.0,high
6280,6850700670,2014-05-13,6,2370,799200.0,high
20645,6844700575,2014-10-10,3,4794,799000.0,high
20530,6891100330,2015-03-25,4,5677,799000.0,high
1714,1513800036,2014-05-16,4,5000,799000.0,high
192,2287000060,2014-09-12,3,9897,799000.0,high
681,3526069070,2014-05-28,4,209523,799000.0,high
10619,3222049159,2014-12-01,4,20107,799000.0,high
9967,9541600060,2014-08-07,5,19783,799000.0,high
17787,7010700936,2014-06-13,3,4442,799000.0,high
2856,3825310820,2014-07-29,4,6742,799000.0,high
18465,2883200775,2014-11-13,3,4178,799000.0,high
1422,6127600036,2014-11-05,4,6820,799000.0,high
3810,1250202430,2014-06-11,3,6300,799000.0,high
9105,164000361,2015-04-21,4,6583,799000.0,high
14960,1424059142,2014-06-05,4,8547,799000.0,high
17752,126059019,2015-03-16,4,94855,799000.0,high
385,8651600160,2014-11-11,4,11585,799000.0,high
4604,5210200077,2014-06-19,4,7910,799000.0,high
20453,518500610,2014-06-16,3,3738,798800.0,high
5020,8129700255,2015-02-13,2,2578,798750.0,high
20871,666000142,2015-03-26,3,1833,798500.0,high
2894,8651611130,2014-06-05,3,6402,798000.0,high
7308,6352600680,2014-10-21,3,9588,798000.0,high
5415,2568200170,2015-03-11,5,5934,798000.0,high
5706,5051800130,2014-07-24,4,10260,798000.0,high
18643,293620220,2015-04-21,4,8223,797500.0,high
15616,809002705,2014-07-10,3,1911,797000.0,high
1569,98030160,2015-02-12,3,9473,797000.0,high
14723,4038500210,2015-04-22,4,8610,797000.0,high
17205,4139440480,2014-12-01,3,12063,796500.0,high
5962,4403200255,2014-07-22,4,4960,796000.0,high
14580,9528104910,2014-09-09,4,3000,796000.0,high
4404,2025049064,2014-09-15,3,3243,796000.0,high
12319,2386000070,2014-10-29,4,91158,795127.0,high
7917,2757000040,2014-06-05,4,13084,795000.0,high
16835,4401200010,2014-08-08,4,7501,795000.0,high
12463,6352600350,2014-12-09,2,8630,795000.0,high
20679,3630220140,2014-06-13,4,3250,795000.0,high
10681,4178300070,2014-12-26,4,14210,795000.0,high
3803,7012200215,2014-12-31,3,3727,795000.0,high
872,6665800060,2015-03-05,3,13650,795000.0,high
20596,2324059314,2014-07-02,4,7798,795000.0,high
10821,4139700260,2014-11-17,5,3705,795000.0,high
3733,6744700900,2015-04-29,4,13450,795000.0,high
20640,7203180070,2014-09-19,4,5250,795000.0,high
16666,7701990380,2014-10-15,4,16397,795000.0,high
16711,1818800289,2015-01-21,3,7517,795000.0,high
7026,8691300380,2015-05-01,3,12487,795000.0,high
14954,11501330,2014-09-02,3,10223,795000.0,high
364,7855801090,2014-09-17,5,9570,795000.0,high
14354,7574910220,2014-07-31,4,32219,795000.0,high
6418,5569700020,2014-07-30,4,19193,795000.0,high
6135,1829300130,2014-07-17,4,16564,795000.0,high
700,9349900105,2015-04-07,2,5000,795000.0,high
17450,6751500185,2015-04-21,5,10000,795000.0,high
14942,5458800425,2015-04-23,3,9600,795000.0,high
8586,4055701110,2014-06-12,3,17859,795000.0,high
19425,9528102865,2015-02-26,5,4120,794500.0,high
19580,6821102170,2014-05-07,4,8556,794154.0,high
13478,3735900205,2015-04-02,4,4080,793000.0,high
6090,7167000020,2014-06-16,4,175421,792500.0,high
5200,7871500345,2014-12-02,3,2400,792500.0,high
16286,7527000020,2015-04-25,3,19270,792000.0,high
18357,8644210110,2015-05-01,3,12840,792000.0,high
6208,4401200130,2014-08-19,4,10245,792000.0,high
9403,4232901120,2014-05-20,3,1050,792000.0,high
337,2877103726,2014-07-22,4,3500,791500.0,high
10874,8653900070,2014-08-04,4,8970,791500.0,high
18169,4083303540,2015-03-20,5,4800,791000.0,high
19127,3885807362,2014-06-04,3,5500,791000.0,high
9415,7203220410,2014-08-13,4,5416,790500.0,high
14958,7525570020,2015-04-21,4,9341,790100.0,high
3492,3223059303,2015-01-16,4,157875,790000.0,high
3990,7202360600,2014-10-08,4,7519,790000.0,high
3494,2023069059,2014-10-30,3,206910,790000.0,high
18392,7202360760,2014-07-11,4,9198,790000.0,high
8785,5100403405,2015-01-07,3,6380,790000.0,high
20241,3630200460,2015-03-27,3,3600,790000.0,high
11355,1370803510,2014-05-15,3,6117,790000.0,high
13464,3420069060,2014-11-07,3,432036,790000.0,high
20234,9319800050,2015-04-21,4,5000,790000.0,high
1062,3524039204,2014-08-13,4,11900,790000.0,high
10171,98030400,2014-07-11,4,6098,790000.0,high
13494,4215250220,2014-12-09,3,34670,790000.0,high
4986,3625059120,2014-10-23,5,20446,790000.0,high
4441,3626079040,2014-07-30,2,982278,790000.0,high
15591,1315300095,2014-08-12,4,3000,790000.0,high
329,9542850320,2014-07-25,3,10289,790000.0,high
3864,9275702350,2014-12-22,3,4452,790000.0,high
18849,7732410120,2014-08-19,4,8036,790000.0,high
6911,3530200020,2015-04-02,4,36893,790000.0,high
13161,5101402428,2014-11-12,4,12760,790000.0,high
4178,3856904580,2014-11-25,3,4080,790000.0,high
11662,2600400030,2014-07-24,4,9000,790000.0,high
9596,472000620,2014-05-02,3,4750,790000.0,high
20754,323079065,2014-06-24,4,31450,790000.0,high
13948,9530100085,2015-04-01,4,6137,790000.0,high
4456,4385700735,2015-03-11,2,4400,790000.0,high
7724,1159400220,2014-05-29,5,12160,790000.0,high
8997,6151800330,2015-04-21,3,15084,790000.0,high
13407,6678900150,2014-08-19,4,8664,790000.0,high
9313,7504010590,2014-11-14,4,12070,790000.0,high
3061,6744700302,2014-06-20,4,10920,790000.0,high
1157,8069000075,2014-12-29,4,10061,790000.0,high
20892,7299810040,2015-04-06,4,69848,790000.0,high
5834,7856640170,2014-07-08,3,25150,789900.0,high
19078,3343301393,2015-03-30,5,7860,789888.0,high
14094,9808630210,2015-03-13,3,2216,789800.0,high
20205,7203120050,2014-10-08,4,4852,789500.0,high
1568,9510970310,2014-06-12,4,6100,789500.0,high
4580,6398000011,2014-06-02,3,39640,789000.0,high
17347,7202360170,2014-05-23,4,7200,788600.0,high
1329,2723069082,2015-04-24,4,133729,788500.0,high
13146,8562740530,2014-05-12,4,5759,788000.0,high
9552,4100000040,2014-10-23,5,9454,788000.0,high
18700,2600100110,2014-11-19,4,8778,788000.0,high
8258,4351300978,2014-08-26,4,21115,787888.0,high
12811,5425700150,2014-08-04,4,9382,787500.0,high
12978,223039229,2014-09-02,2,6928,787500.0,high
8084,8146100325,2014-05-05,3,7500,787000.0,high
7358,629420480,2014-09-26,4,8808,786000.0,high
9578,3204300625,2014-09-03,4,4560,785950.0,high
1886,98030140,2014-10-13,4,8448,785500.0,high
4513,9363600457,2014-06-03,3,3500,785200.0,high
21573,8562790760,2014-05-20,4,4684,785000.0,high
20280,7203120020,2014-08-14,4,4850,785000.0,high
18831,3216000090,2014-07-29,4,21781,785000.0,high
368,424069250,2015-04-23,4,69415,785000.0,high
19677,7853220390,2014-05-02,5,11995,785000.0,high
873,7504110030,2015-02-11,4,10514,785000.0,high
19619,6817850110,2015-04-21,4,24527,785000.0,high
20350,9544700500,2014-05-08,3,1842,785000.0,high
5914,5021900779,2015-04-04,3,9638,785000.0,high
47,4178300310,2014-07-16,4,13416,785000.0,high
5416,9545250010,2014-11-07,4,9578,785000.0,high
11261,5459000240,2014-06-04,3,9600,785000.0,high
2558,2021200058,2015-04-23,3,5200,785000.0,high
21213,666000143,2014-12-29,3,1983,785000.0,high
10341,3134100162,2014-07-17,4,17400,785000.0,high
1740,4309720160,2014-11-07,3,33981,785000.0,high
14483,2725069164,2014-08-05,4,9374,785000.0,high
7923,1931300035,2014-05-16,3,5440,785000.0,high
6453,2215800050,2015-04-15,4,56192,785000.0,high
11253,2025770310,2014-06-11,3,21870,785000.0,high
20141,825079024,2015-05-06,3,207781,785000.0,high
7606,3885801970,2014-08-12,2,4800,785000.0,high
11948,4206901200,2014-08-25,4,4000,785000.0,high
13438,8712100720,2014-08-15,3,5015,785000.0,high
13661,1026069044,2014-10-10,4,53357,785000.0,high
5456,3423059153,2014-10-08,4,100681,785000.0,high
13541,3630110220,2014-10-12,4,4750,785000.0,high
9894,9433000390,2014-12-18,4,4227,784950.0,high
18414,5469650040,2015-03-16,4,13906,784500.0,high
132,1243100136,2014-06-12,3,111078,784000.0,high
15820,1193000480,2014-07-24,4,7091,784000.0,high
14295,9829201058,2014-05-04,3,7130,783500.0,high
3382,4054530090,2015-04-29,4,35001,783350.0,high
10600,7011200830,2014-09-09,4,5400,783200.0,high
2208,1370804100,2015-03-24,4,5000,783000.0,high
21001,8562790150,2014-06-26,4,3898,782900.0,high
16034,8651611640,2015-04-24,3,7821,782500.0,high
7929,4379400220,2014-09-09,4,7806,782500.0,high
15932,9808610190,2014-05-09,4,20345,782000.0,high
8362,7937600395,2014-07-08,4,53428,782000.0,high
6633,7205930050,2015-01-02,4,7769,782000.0,high
14473,2397101075,2014-07-02,2,3600,782000.0,high
546,4139400710,2014-05-23,4,9614,782000.0,high
2218,5309100295,2014-10-17,4,6820,782000.0,high
21394,3299710110,2014-05-28,4,8095,782000.0,high
12924,3636800180,2015-01-23,4,24604,782000.0,high
19281,1564000410,2015-02-18,4,6332,781500.0,high
6067,3275850020,2015-04-13,4,8571,781000.0,high
13260,7517500610,2015-03-04,3,1896,781000.0,high
16385,9533100080,2014-08-20,3,8175,781000.0,high
3148,5418200245,2015-03-30,3,8729,781000.0,high
13405,3186600515,2015-01-22,3,4463,781000.0,high
16129,4232400010,2014-08-04,5,4264,780500.0,high
260,8722101360,2014-12-02,3,4400,780000.0,high
4234,5452800735,2014-07-22,4,13449,780000.0,high
5991,9523103000,2014-10-20,3,4524,780000.0,high
1342,6772200055,2014-09-17,4,3600,780000.0,high
9481,3630120880,2015-02-27,3,5558,780000.0,high
1425,319500570,2014-05-05,4,10281,780000.0,high
17089,8563500020,2014-07-25,3,11782,780000.0,high
18806,525069133,2014-08-05,4,40962,780000.0,high
9354,5700000120,2014-07-22,4,4500,780000.0,high
10498,8651611230,2014-07-11,3,6776,780000.0,high
13579,7266200085,2015-03-25,5,3800,780000.0,high
1246,8691300060,2014-10-23,4,13609,780000.0,high
19724,9578090240,2014-08-15,4,6500,780000.0,high
5426,4078300050,2015-05-04,3,3094,780000.0,high
12501,4083801395,2014-07-24,3,2600,780000.0,high
1972,8965500320,2015-03-26,4,16188,780000.0,high
17386,7525900050,2014-12-05,3,82031,780000.0,high
14554,4027700666,2015-04-26,4,9603,780000.0,high
1796,7202430060,2015-01-22,3,7567,780000.0,high
2710,5016002180,2014-07-08,2,2500,780000.0,high
9749,7011201550,2014-07-07,4,4800,780000.0,high
13502,5451100220,2014-05-13,3,10495,780000.0,high
19362,9510920120,2014-07-30,4,14421,780000.0,high
15353,644210020,2015-01-05,4,15164,780000.0,high
19709,3575303430,2014-10-16,6,10000,780000.0,high
1606,3286800260,2015-05-06,5,74052,780000.0,high
20203,821079102,2014-10-17,4,213073,780000.0,high
14765,9510920040,2015-03-05,3,15875,780000.0,high
8704,2450500110,2014-05-08,4,9195,780000.0,high
19454,3425059076,2014-09-22,2,24004,780000.0,high
6763,8691330500,2014-12-16,4,12511,780000.0,high
20822,3204930510,2015-02-24,5,4247,780000.0,high
13620,7011201475,2014-05-27,3,2152,780000.0,high
13458,9547200530,2015-01-12,6,5720,780000.0,high
18434,5244800915,2014-10-16,5,4000,780000.0,high
17396,2331300415,2014-06-20,3,3000,780000.0,high
12718,7880010150,2014-06-23,4,59863,780000.0,high
8981,1498303700,2014-08-22,5,12000,780000.0,high
1744,2883200966,2015-03-18,5,4800,780000.0,high
16046,8815400670,2014-10-16,3,6000,780000.0,high
6140,8965500020,2015-03-17,3,9773,780000.0,high
11291,5315101716,2015-02-25,3,13500,780000.0,high
283,7202360350,2014-06-30,4,7048,780000.0,high
21097,7203100660,2014-11-17,4,6787,780000.0,high
7059,323069120,2014-08-27,4,231739,780000.0,high
9278,8129700644,2015-04-24,3,2250,780000.0,high
3161,579000096,2014-10-10,3,7500,780000.0,high
16464,9433000470,2014-09-19,4,4864,779950.0,high
7215,9433000460,2014-10-07,4,4298,779950.0,high
19419,8682220230,2014-10-17,2,7625,779950.0,high
20622,6666830390,2014-07-18,5,7084,779380.0,high
5379,269000221,2014-08-26,3,6400,779000.0,high
21395,3879900754,2014-09-15,3,1487,779000.0,high
9308,5035300572,2014-10-16,4,4912,779000.0,high
15513,8931100095,2014-08-21,2,5920,779000.0,high
15677,3956900480,2014-09-03,3,5600,779000.0,high
16412,2141310020,2015-04-16,5,7738,779000.0,high
2727,5071401000,2014-08-29,6,12000,779000.0,high
20258,6666830170,2014-08-11,4,5647,778983.0,high
9280,4443800385,2015-05-06,2,4080,778100.0,high
15926,2600130020,2014-11-06,3,10156,778000.0,high
17900,1245003740,2014-07-23,3,6000,778000.0,high
3742,687600110,2014-10-20,3,33080,778000.0,high
13040,822039025,2015-05-01,3,251460,777700.0,high
4028,2260800110,2014-05-13,3,59677,777000.0,high
3641,369000881,2014-09-05,4,6000,777000.0,high
14291,4178310040,2014-10-16,4,9900,777000.0,high
1572,1245001820,2015-04-29,4,10372,776500.0,high
21496,1283800110,2014-05-06,4,6425,776000.0,high
17633,1093000090,2015-04-16,2,6180,776000.0,high
20302,6666830430,2014-06-20,4,4400,775950.0,high
21053,2326600150,2015-04-22,3,5764,775900.0,high
4705,4083302370,2015-03-13,5,3040,775000.0,high
7731,9290870040,2014-11-17,4,38448,775000.0,high
6476,2301400655,2014-11-25,4,5050,775000.0,high
5365,8691390280,2014-07-31,4,5250,775000.0,high
3926,1668500100,2014-12-10,3,35016,775000.0,high
8589,7284900405,2014-07-14,4,8400,775000.0,high
14361,9405800040,2014-10-16,4,4800,775000.0,high
2214,2767800140,2015-03-13,3,4300,775000.0,high
5855,2877103070,2015-02-23,4,5000,775000.0,high
21175,3630200080,2014-08-07,4,3960,775000.0,high
8037,9522100375,2014-07-15,5,5000,775000.0,high
4181,7986400945,2014-10-10,2,3600,775000.0,high
7712,5104531120,2015-03-23,5,12077,775000.0,high
7703,9294300515,2014-10-24,3,7017,775000.0,high
21234,5276200020,2014-08-05,5,4284,775000.0,high
1525,4188000640,2014-09-11,4,28563,775000.0,high
16670,629400480,2014-06-19,4,15992,775000.0,high
7350,1604590190,2015-05-13,5,16679,775000.0,high
20874,5416300230,2014-07-17,4,77832,775000.0,high
12202,3935900030,2014-07-30,5,9970,775000.0,high
21399,3630220220,2014-09-23,4,4573,775000.0,high
6849,524059093,2014-08-25,3,18730,775000.0,high
13855,3735900770,2014-10-17,4,7650,775000.0,high
5817,9577800005,2014-10-22,3,5467,775000.0,high
17715,924069042,2014-11-25,3,13747,775000.0,high
13800,2871000360,2014-11-24,4,6826,775000.0,high
2281,5652601455,2014-06-23,4,6158,775000.0,high
11369,1245001659,2014-08-21,3,7807,775000.0,high
13717,6192400180,2014-10-06,5,5600,775000.0,high
21273,7628700050,2015-03-09,3,4120,775000.0,high
20753,3630200520,2015-04-21,4,5787,775000.0,high
14263,9547200835,2015-04-02,3,4080,775000.0,high
17426,2597650660,2014-10-13,4,15358,775000.0,high
3668,293700110,2014-09-26,4,34513,775000.0,high
15252,2680700010,2014-07-24,4,8473,775000.0,high
41,7766200013,2014-08-11,4,24186,775000.0,high
2354,6192400400,2014-07-28,4,7112,775000.0,high
6421,1025039145,2014-06-13,4,10875,775000.0,high
5032,1117200190,2014-08-04,3,74390,775000.0,high
13741,6837700175,2014-12-01,3,12350,775000.0,high
3722,126059097,2014-10-23,3,104544,775000.0,high
16009,1923099034,2015-01-16,4,210830,775000.0,high
9923,1853000030,2015-04-16,3,32807,775000.0,high
3126,1926069137,2014-07-07,4,241322,775000.0,high
6128,2623069069,2014-09-11,3,241200,775000.0,high
6535,2141300420,2014-06-26,3,14800,775000.0,high
8353,1862400215,2015-01-20,3,5007,775000.0,high
3827,8682250090,2014-05-04,2,7392,775000.0,high
3113,9510970300,2014-09-23,4,5101,775000.0,high
10167,7517500310,2015-05-06,3,6198,775000.0,high
6514,1925059049,2014-07-21,3,10454,775000.0,high
3791,4077800017,2014-08-13,4,6200,775000.0,high
20198,7202300480,2014-10-24,4,6226,775000.0,high
1078,269001360,2015-04-22,4,5595,775000.0,high
7616,6791050100,2014-07-21,3,8470,775000.0,high
1674,9550202010,2014-07-10,6,5000,775000.0,high
17287,1250201640,2014-05-07,3,7200,775000.0,high
9310,2710600015,2015-03-27,4,5304,775000.0,high
10458,7167000060,2014-11-24,4,179419,774950.0,high
19086,1556200205,2014-11-18,5,3861,774900.0,high
19463,1152000040,2014-10-10,3,23507,774888.0,high
5326,8691310380,2015-01-28,4,10240,774000.0,high
11079,7010700810,2014-11-06,4,7000,774000.0,high
21288,3630200430,2014-05-14,3,3600,773000.0,high
5190,6206100130,2014-06-26,4,10800,772650.0,high
6853,7677300010,2015-03-03,4,4410,772500.0,high
15277,2619920170,2014-10-01,4,4290,772500.0,high
3672,7853240100,2014-09-02,5,9130,772500.0,high
13900,1242700035,2014-11-03,4,70131,772000.0,high
16704,2877102330,2014-05-16,4,3750,772000.0,high
20511,9828701508,2014-05-20,3,1204,772000.0,high
2919,2725069162,2014-08-15,4,9643,772000.0,high
3807,8146300025,2014-08-13,4,8680,772000.0,high
12000,7851990240,2014-07-17,4,12320,771150.0,high
20251,7853440050,2015-05-05,5,6713,771005.0,high
11768,3982700125,2014-12-30,4,7200,771000.0,high
8379,9829200855,2014-05-13,3,6120,771000.0,high
19467,2922700865,2015-03-26,4,3760,771000.0,high
19340,5492200090,2014-10-07,4,9300,770126.0,high
16770,1115750190,2014-07-17,3,35617,770000.0,high
11154,685000160,2015-02-12,4,8442,770000.0,high
18535,3667500015,2014-09-25,4,2242,770000.0,high
5699,2125049120,2014-05-05,3,5700,770000.0,high
124,3275860240,2014-06-18,3,10204,770000.0,high
18695,9523103590,2015-03-16,4,3750,770000.0,high
18189,7986400265,2014-10-29,5,6000,770000.0,high
7023,686400380,2014-10-02,7,8145,770000.0,high
14611,2423069170,2014-06-03,3,54059,770000.0,high
20765,5428000070,2015-05-11,5,8234,770000.0,high
18083,4232903990,2014-11-19,3,3200,770000.0,high
3029,825069097,2014-06-19,3,40705,770000.0,high
8538,629811340,2015-05-08,4,9127,770000.0,high
21171,200480020,2014-07-10,5,7912,770000.0,high
12482,1150900060,2014-10-30,4,6187,770000.0,high
12901,9808630120,2015-01-08,3,2658,770000.0,high
13396,9279200910,2014-11-20,4,5000,770000.0,high
10975,3295610200,2014-06-25,4,12415,770000.0,high
9474,7986400360,2014-07-17,5,5000,770000.0,high
11844,2623039082,2015-02-18,3,21744,770000.0,high
4008,6012500100,2014-10-01,3,6334,770000.0,high
14531,7856640180,2014-09-04,3,23550,770000.0,high
3572,2423059067,2014-12-19,3,54557,770000.0,high
19031,6791050450,2014-08-21,3,11380,770000.0,high
9033,1186000035,2014-05-12,3,5000,770000.0,high
14598,3630120970,2014-09-22,3,5000,770000.0,high
5133,7852090280,2015-02-19,4,6384,770000.0,high
10529,8032700070,2014-11-18,3,1900,770000.0,high
17585,5315101728,2015-03-19,4,7200,770000.0,high
277,1126049053,2014-11-13,4,26300,770000.0,high
17124,5581400080,2014-06-18,4,14910,770000.0,high
3058,9552701030,2014-05-22,4,8001,770000.0,high
21064,7308600040,2014-07-23,5,12080,769995.0,high
21119,1042700050,2014-07-23,5,5398,769995.0,high
14278,6908200021,2014-10-28,3,5400,769950.0,high
20066,9276200569,2014-05-09,4,3047,769900.0,high
2904,7598100735,2014-08-29,4,15405,769000.0,high
6697,8651610660,2015-04-29,4,6733,769000.0,high
6178,3629970190,2015-01-26,4,6202,769000.0,high
10163,8832900135,2015-01-13,5,13138,769000.0,high
5206,2785000480,2015-01-08,4,10400,768500.0,high
1034,2424059035,2014-08-20,3,54160,768000.0,high
18573,2597520900,2014-08-04,3,10928,768000.0,high
17541,4178310080,2014-07-23,5,13640,768000.0,high
2074,2489200070,2014-07-20,6,6000,767500.0,high
7279,7986401305,2014-12-16,2,9374,767500.0,high
5348,9136100420,2015-04-08,4,4815,767500.0,high
20306,9144100007,2014-06-04,3,7599,767450.0,high
16611,9106000050,2014-10-21,4,2500,767250.0,high
5355,7574910780,2014-05-14,3,30007,766950.0,high
13356,3179100790,2014-09-15,2,6930,766500.0,high
13725,4249000230,2014-08-29,3,9822,766000.0,high
1465,3630120700,2015-01-07,3,5283,765000.0,high
13402,3629921120,2014-10-03,4,5043,765000.0,high
2142,98020140,2014-07-08,4,7221,765000.0,high
14747,2525059077,2014-05-20,4,12100,765000.0,high
2169,1355200060,2014-09-04,4,10764,765000.0,high
4685,9201000100,2015-04-14,3,9752,765000.0,high
2916,5700001055,2014-09-15,4,5500,765000.0,high
20760,7853280570,2014-06-04,4,5104,765000.0,high
3122,3271800850,2014-08-06,3,5800,765000.0,high
9627,6119700150,2014-11-12,4,16200,765000.0,high
15278,2619920170,2014-12-19,4,4290,765000.0,high
12756,1939000040,2014-08-20,4,38119,765000.0,high
14410,3630160610,2014-07-16,4,5000,765000.0,high
20881,3052700385,2015-04-14,4,2222,765000.0,high
14379,9829200325,2014-06-17,3,7000,765000.0,high
7102,9297300480,2014-12-12,4,4000,765000.0,high
7489,3275870080,2014-12-12,4,15016,765000.0,high
6846,856000255,2015-02-03,3,6500,765000.0,high
13844,3797000145,2014-10-15,4,4500,765000.0,high
1862,9201000320,2015-04-16,4,17366,765000.0,high
2984,4003000053,2014-08-13,3,9600,765000.0,high
5715,4139400280,2014-10-08,3,8444,765000.0,high
18127,8682310220,2014-08-27,2,6750,765000.0,high
15931,9550201495,2014-10-03,3,5000,765000.0,high
11531,1829300260,2014-11-13,4,13636,765000.0,high
2990,7784000110,2014-07-22,5,15143,765000.0,high
17962,2824069373,2014-05-15,5,14275,765000.0,high
17755,9169600043,2015-04-24,3,6450,765000.0,high
14457,2597520790,2015-04-23,3,11993,765000.0,high
5484,4385701440,2014-09-26,2,4000,765000.0,high
15991,5350200425,2015-03-09,3,5111,765000.0,high
16446,5103300020,2014-10-20,4,25752,765000.0,high
7673,1025069106,2015-02-23,3,38088,765000.0,high
18337,510001400,2014-06-30,5,5700,765000.0,high
974,1778350070,2014-05-09,4,10819,765000.0,high
9075,2124079010,2014-10-28,3,324086,765000.0,high
13635,8146100580,2014-10-20,3,7585,765000.0,high
5047,319500080,2014-06-18,4,7938,764000.0,high
5014,3362401815,2014-09-30,3,4080,764000.0,high
3040,1137500090,2014-08-14,4,16139,763776.0,high
2868,8813400405,2014-06-16,3,5560,763101.0,high
17575,2537500040,2015-03-04,4,7873,763000.0,high
16705,546001060,2015-04-27,4,4388,763000.0,high
6891,3885803895,2015-03-09,3,8752,763000.0,high
1843,7365600070,2014-06-24,4,8760,762500.0,high
5929,624110920,2014-07-25,3,15258,762500.0,high
9458,1025069210,2015-02-09,4,41382,762500.0,high
6053,6192410280,2015-01-02,5,5880,762500.0,high
5432,2568200290,2014-08-26,4,5979,762500.0,high
15993,9541600255,2015-03-10,4,8640,762450.0,high
18133,1924059278,2014-06-11,3,14607,762400.0,high
13953,1829300210,2014-05-06,4,14550,762300.0,high
4002,809002215,2014-05-19,5,5000,762000.0,high
3447,7853301560,2014-06-25,4,15253,762000.0,high
7696,3885807255,2015-02-02,4,5500,762000.0,high
15373,510000050,2014-12-03,3,2527,762000.0,high
4073,4400200057,2015-02-21,3,2020,761000.0,high
4017,509000090,2014-10-06,3,49137,760750.0,high
8735,9178600360,2014-06-04,3,3990,760500.0,high
9654,1126059170,2015-02-25,4,36136,760500.0,high
17016,2346200050,2014-10-17,5,4712,760369.0,high
12515,5315100476,2014-10-10,5,8250,760250.0,high
20791,6791900260,2014-07-08,4,5859,760005.0,high
18144,9834200555,2015-02-19,4,4060,760000.0,high
7940,8146100410,2014-08-05,3,7645,760000.0,high
2012,3626500045,2014-06-26,3,13964,760000.0,high
18196,4139660040,2014-11-21,5,14000,760000.0,high
18826,3221069054,2014-10-28,3,147856,760000.0,high
16413,7852160080,2015-01-21,4,13591,760000.0,high
6060,3179102155,2015-01-08,4,5300,760000.0,high
3573,1331900110,2014-10-08,4,28005,760000.0,high
9186,7525530590,2014-07-20,4,12788,760000.0,high
16454,4055700167,2014-08-14,4,13554,760000.0,high
8139,5652600065,2014-10-10,5,10637,760000.0,high
15441,7779200275,2014-06-13,4,10285,760000.0,high
13814,9542850580,2014-10-10,4,9690,760000.0,high
20499,1623089086,2014-10-15,4,285318,760000.0,high
7705,2526039156,2014-12-10,4,8315,760000.0,high
4822,2425700005,2015-04-28,3,15120,760000.0,high
6309,8562740440,2014-09-09,4,5280,760000.0,high
8059,2600010330,2015-01-20,4,12600,760000.0,high
6520,1722069145,2014-12-23,4,97574,760000.0,high
13802,6117900120,2015-03-17,3,15022,760000.0,high
11025,2625059301,2015-03-24,4,3889,760000.0,high
14434,8562790730,2014-08-22,4,3680,760000.0,high
11511,258500059,2014-07-21,3,15020,760000.0,high
16898,2579500006,2014-09-09,3,10000,760000.0,high
19833,325059277,2014-05-27,4,7399,760000.0,high
14534,3905090410,2015-01-23,4,8792,760000.0,high
6475,624110050,2014-06-04,4,12447,760000.0,high
14393,2301400325,2015-04-07,3,4500,760000.0,high
4726,1522600100,2014-06-04,4,36183,760000.0,high
9610,993000100,2015-04-10,6,6150,760000.0,high
2210,2619920030,2015-03-18,4,4031,760000.0,high
768,208500160,2015-01-07,4,6099,760000.0,high
16839,6752510010,2014-08-05,4,7901,760000.0,high
21207,4319200675,2014-07-09,4,8365,760000.0,high
5398,2141330050,2014-05-20,4,13300,760000.0,high
14258,9212900180,2014-06-25,4,6000,760000.0,high
4608,1564000740,2014-08-20,4,7157,760000.0,high
20782,3013300685,2015-03-18,4,3995,760000.0,high
11973,1237500105,2014-11-13,4,11000,760000.0,high
17221,7856560380,2014-08-04,4,8500,760000.0,high
8655,326069118,2014-06-30,4,165528,760000.0,high
12816,5700000180,2014-12-08,5,5250,760000.0,high
4573,1873100490,2015-05-02,4,8095,760000.0,high
2193,1117200550,2014-10-14,3,69834,760000.0,high
5229,9828702890,2015-02-11,5,2992,760000.0,high
2907,1455600015,2014-12-12,3,10739,760000.0,high
19073,9551201560,2014-07-22,2,3600,760000.0,high
2176,6344000060,2014-10-15,4,8521,760000.0,high
6281,1546600020,2015-01-14,3,12746,760000.0,high
13253,2877104196,2014-12-06,3,1750,760000.0,high
14652,3622069103,2015-01-23,4,155509,760000.0,high
19744,3630200640,2014-10-30,4,5760,759990.0,high
12567,1139000035,2015-03-05,4,7560,759950.0,high
10578,224069195,2014-06-16,3,23790,759950.0,high
10150,9526600710,2014-07-24,4,5639,759900.0,high
4018,622059031,2014-06-04,4,115434,759600.0,high
20008,9828701507,2014-12-02,3,1873,759000.0,high
18730,3271300155,2014-10-01,3,5800,759000.0,high
15074,3856903495,2014-07-09,4,4750,759000.0,high
5830,1250203860,2014-10-30,3,7200,759000.0,high
13376,524069115,2014-05-09,3,78843,759000.0,high
3781,98020300,2015-02-03,5,8230,759000.0,high
3131,9829200590,2014-10-28,3,6390,759000.0,high
7188,7613700660,2015-03-26,5,5000,758800.0,high
4675,2432000110,2014-05-07,4,9549,758000.0,high
21013,3895100039,2015-03-24,4,6845,757500.0,high
15389,2923500010,2015-01-14,5,8065,757500.0,high
10996,7732000045,2014-11-25,3,11290,757000.0,high
1464,3630120700,2014-05-13,3,5283,757000.0,high
12025,1090000036,2014-12-23,4,8400,756450.0,high
13713,2489200230,2015-03-11,4,8317,756100.0,high
3854,1877500090,2015-02-11,3,8297,756000.0,high
3406,2597531030,2014-08-26,4,10753,756000.0,high
14210,7732400360,2014-08-21,3,7525,756000.0,high
8347,5113400113,2014-06-19,4,5600,756000.0,high
6464,3226079091,2014-09-12,3,203860,755000.0,high
16438,1102000759,2014-10-26,3,8856,755000.0,high
6500,6117900010,2014-12-31,3,15586,755000.0,high
4245,2871000300,2014-10-13,4,6930,755000.0,high
12433,4019301160,2014-06-27,5,24300,755000.0,high
1896,9512000140,2014-05-05,4,10202,755000.0,high
4227,2025049175,2015-01-05,2,2070,755000.0,high
10030,6738700075,2014-06-26,4,4000,755000.0,high
1459,3275860270,2014-10-22,3,13031,755000.0,high
6338,1972205790,2014-12-11,3,1950,755000.0,high
20200,8682320420,2015-04-27,2,6361,755000.0,high
9978,11510700,2014-05-19,4,10452,755000.0,high
17703,8881900230,2014-12-02,3,6600,755000.0,high
5138,7443001470,2014-05-20,6,4505,755000.0,high
17593,6705850300,2015-04-14,4,9323,754999.0,high
20047,9492500090,2014-05-27,3,7256,754950.0,high
20074,2801910100,2014-10-01,3,5641,754842.0,high
2420,8682281710,2014-06-20,2,7781,754800.0,high
5143,7986400305,2015-04-24,5,4500,754300.0,high
8223,8155500110,2015-04-29,5,7800,754000.0,high
13940,1923000150,2015-04-24,5,15305,754000.0,high
2506,3629921160,2014-05-08,4,5500,753888.0,high
9818,3629980350,2014-12-09,4,8167,753000.0,high
1829,7101100055,2015-03-03,3,8290,753000.0,high
17665,1125069086,2015-04-28,3,223463,753000.0,high
16300,687600010,2014-08-05,4,39430,753000.0,high
11227,2600040160,2014-10-31,3,9047,753000.0,high
17866,7732410360,2014-08-22,3,9000,752888.0,high
11672,1326059185,2015-03-20,4,72309,752875.0,high
10475,8682281070,2014-08-07,2,6230,752500.0,high
969,7555210340,2014-08-25,4,8616,752500.0,high
3137,170000215,2015-03-24,5,4680,752500.0,high
4344,993000090,2015-04-14,6,6663,752000.0,high
15224,8835400290,2015-03-09,4,8178,752000.0,high
8545,6852700476,2014-12-11,4,2970,752000.0,high
17179,5415350480,2014-06-17,4,10382,752000.0,high
6308,4232400470,2014-05-27,2,5400,751750.0,high
5489,4139440460,2014-11-18,4,8469,751305.0,high
6048,3825310130,2014-06-24,4,9571,751000.0,high
11043,8562740370,2015-03-25,4,6538,751000.0,high
8385,272000085,2015-02-19,6,6800,751000.0,high
8625,2568200610,2015-05-13,5,5280,751000.0,high
9705,2871000400,2014-05-12,4,6142,751000.0,high
11417,7135520260,2014-11-18,3,9528,751000.0,high
15715,1385100050,2014-07-16,3,13316,751000.0,high
15492,8691370500,2015-03-26,3,6854,751000.0,high
15532,1245000500,2014-11-03,4,9159,750500.0,high
4130,1798000100,2014-05-29,5,2440,750500.0,high
2192,629420260,2014-10-02,4,9023,750000.0,high
13319,2649500155,2014-06-10,5,7500,750000.0,high
13006,619079096,2015-04-06,3,715690,750000.0,high
4717,2025049006,2014-11-12,7,4056,750000.0,high
558,4376700570,2015-04-27,6,9563,750000.0,high
8851,3121500330,2015-03-23,3,21043,750000.0,high
1277,8682220390,2014-07-23,2,7957,750000.0,high
14324,3630110360,2015-04-22,5,5809,750000.0,high
9221,627300195,2015-03-03,5,9960,750000.0,high
6412,925069071,2015-01-26,5,101494,750000.0,high
3765,5113400535,2014-05-07,3,5401,750000.0,high
6711,5652600185,2014-05-02,3,10578,750000.0,high
16877,2725069108,2014-08-05,3,81935,750000.0,high
12446,6705850140,2014-10-09,4,7634,750000.0,high
12748,1324039110,2014-11-26,4,7020,750000.0,high
1411,9552700550,2015-04-21,3,12987,750000.0,high
8568,8653600100,2015-03-30,5,15593,750000.0,high
4357,3364900375,2015-04-23,2,6120,750000.0,high
11167,7567600030,2015-01-27,5,13290,750000.0,high
7122,7234601440,2014-09-25,2,7632,750000.0,high
517,925059288,2015-05-07,3,7745,750000.0,high
15771,9279200280,2014-06-23,3,5000,750000.0,high
11711,3176600105,2014-08-13,3,5301,750000.0,high
18280,9533100145,2015-02-05,3,8549,750000.0,high
10867,91000135,2015-05-07,4,4000,750000.0,high
3697,475001295,2014-06-25,3,5000,750000.0,high
3371,9551201250,2014-09-02,3,6516,750000.0,high
21418,6891100590,2015-03-02,4,5497,750000.0,high
14479,7739100155,2014-08-04,5,11860,750000.0,high
8811,5035300834,2014-05-30,3,8400,750000.0,high
12009,9526600260,2014-07-29,4,4553,750000.0,high
16206,1193000190,2014-07-15,4,6250,750000.0,high
18238,7504021510,2014-12-19,4,12150,750000.0,high
14102,5016001285,2014-06-09,4,5000,750000.0,high
6649,2425059173,2015-02-06,4,6491,750000.0,high
7011,1121000414,2014-09-27,4,6343,750000.0,high
6259,2540820010,2015-04-27,4,8641,750000.0,high
7944,9545250110,2015-04-14,3,9182,750000.0,high
14884,4055700920,2014-10-07,2,21392,750000.0,high
11180,3345100030,2014-07-22,3,168000,750000.0,high
9838,8691410060,2014-07-09,4,7465,750000.0,high
10336,7525300240,2015-02-19,4,9602,750000.0,high
21561,6664500090,2015-01-15,5,8130,750000.0,high
9811,2877102196,2014-11-25,4,3750,750000.0,high
18721,2624079010,2015-04-29,5,212137,750000.0,high
10671,7504000510,2015-04-02,5,12408,750000.0,high
10155,11520200,2014-10-15,4,13122,750000.0,high
1624,1223089083,2014-10-28,3,206910,750000.0,high
17075,1504800050,2015-03-12,3,6750,750000.0,high
10422,579003645,2014-08-15,3,7800,750000.0,high
5917,7871500440,2014-10-14,4,3400,750000.0,high
6043,952001735,2014-10-04,4,6613,750000.0,high
15563,7772800020,2014-08-13,3,7630,750000.0,high
14966,7974200822,2014-05-30,4,4674,750000.0,high
16291,7855600080,2015-03-30,3,15232,750000.0,high
8962,7504110760,2014-06-27,4,11597,750000.0,high
6546,8805900080,2015-04-30,3,2825,750000.0,high
5614,7785000010,2014-12-04,5,8400,750000.0,high
20861,1425069103,2014-07-18,3,43832,750000.0,high
3128,7773800015,2015-04-16,4,11120,750000.0,high
17445,4038700680,2014-07-25,5,8560,750000.0,high
16786,191100250,2015-03-20,4,9525,750000.0,high
7069,8941500010,2015-02-16,4,17200,750000.0,high
19383,3052700245,2015-03-25,4,5000,750000.0,high
17152,5215200050,2014-07-29,3,69351,750000.0,high
13740,98020220,2014-10-30,4,8938,750000.0,high
20722,3204960200,2014-06-19,3,10078,750000.0,high
14161,7660100085,2014-09-08,5,6000,750000.0,high
13928,7228501065,2014-06-26,4,5080,750000.0,high
14523,8615800325,2014-08-22,2,5400,750000.0,high
2795,1326069050,2015-05-04,2,155130,750000.0,high
16073,7748000020,2014-06-21,3,5544,750000.0,high
7808,2767602855,2015-04-29,5,2323,750000.0,high
6979,1056200010,2014-09-02,3,8285,750000.0,high
20466,6639900242,2014-10-03,4,12429,750000.0,high
3812,8691400600,2014-12-08,4,7538,750000.0,high
5186,9478400080,2014-05-12,4,4930,750000.0,high
2089,629400340,2014-12-22,4,13907,750000.0,high
10366,1794500695,2015-03-04,2,3600,750000.0,high
16418,6329000190,2014-07-29,4,21834,750000.0,high
3980,8928100025,2015-03-24,4,6300,750000.0,high
4248,9526600090,2015-04-24,4,4548,750000.0,high
11974,9151600106,2015-05-12,4,3300,750000.0,high
13980,1818800144,2014-05-02,3,6550,750000.0,high
17686,226039317,2015-01-07,4,8520,750000.0,high
10780,2600110560,2014-11-12,4,10232,750000.0,high
10389,7015200800,2015-03-09,3,5488,750000.0,high
2726,8965400390,2014-09-05,5,13630,749999.0,high
21145,7308600010,2014-06-16,4,9870,749995.0,high
20793,2255500125,2014-07-16,3,2263,749950.0,high
10121,1939100560,2015-01-16,4,8312,749950.0,high
3512,1137300900,2014-06-05,4,35235,749950.0,high
7364,8647600020,2014-11-11,4,123600,749950.0,high
1371,7015200685,2014-07-31,3,5700,749950.0,high
8430,142000165,2014-05-07,4,6050,749950.0,high
1179,3586500700,2014-07-09,4,18700,749950.0,high
20170,6626300095,2014-05-19,4,64441,749950.0,high
12337,3754500566,2014-11-20,4,2971,749950.0,high
13362,3827600040,2014-05-20,3,10773,749950.0,high
21450,8562790720,2015-05-14,4,3757,749950.0,high
3466,1523059201,2015-02-17,3,77972,749700.0,high
14226,7732100150,2014-10-28,4,9727,749500.0,high
9944,3975400260,2014-09-02,4,3840,749500.0,high
5934,4188000670,2014-05-15,4,20301,749400.0,high
12994,6745700150,2014-07-10,4,5000,749000.0,high
435,2268400350,2014-09-16,4,9627,749000.0,high
20238,6192410480,2014-07-09,3,5348,749000.0,high
12197,7732410390,2014-06-05,3,10338,749000.0,high
4968,6918700130,2014-08-11,3,7126,749000.0,high
4514,1245001220,2014-10-16,4,11850,749000.0,high
1697,424069264,2014-05-22,4,18199,749000.0,high
20583,9151600055,2014-07-09,4,6000,749000.0,high
17794,6021503840,2014-06-10,3,5000,749000.0,high
658,259900160,2015-01-02,4,3330,748000.0,high
9161,2926059146,2014-12-15,4,8379,748000.0,high
1298,3759500046,2015-05-01,3,10183,748000.0,high
17632,9523100026,2014-07-23,4,4979,748000.0,high
19119,5415350770,2014-09-23,4,11902,747500.0,high
1276,5729200030,2014-07-07,4,18600,747500.0,high
21558,2255500123,2014-08-20,3,1339,747450.0,high
12728,9828701085,2014-10-03,3,4800,747000.0,high
17302,2513500010,2015-05-04,2,4000,747000.0,high
16005,2754700095,2015-03-16,3,5120,747000.0,high
11221,1829300520,2015-04-12,4,9699,746500.0,high
18680,9169600209,2014-08-20,3,5721,746300.0,high
3016,8563010300,2014-11-26,4,8190,746000.0,high
19320,2591700037,2015-02-12,3,12321,746000.0,high
11848,4376700030,2014-06-04,3,9619,746000.0,high
17655,4139440610,2014-05-12,3,8950,746000.0,high
20429,6666830120,2014-06-24,4,4850,745641.0,high
15122,9332800020,2014-07-15,4,10409,745000.0,high
19748,3342100421,2015-04-24,4,5100,745000.0,high
7815,7987400475,2015-04-17,5,10126,745000.0,high
10347,650000030,2014-10-17,3,9112,745000.0,high
17169,9542400010,2014-07-11,3,11041,745000.0,high
16334,7525530670,2014-11-12,4,10860,745000.0,high
15002,7504021310,2014-12-04,3,11985,745000.0,high
10742,1137500070,2014-09-29,4,13093,745000.0,high
6566,8682290670,2015-04-06,2,7546,745000.0,high
13471,98030530,2014-06-10,4,7024,745000.0,high
10075,8644220070,2014-09-10,4,18903,745000.0,high
18548,194000145,2015-03-12,4,5650,745000.0,high
11432,7856601040,2015-02-20,4,8900,745000.0,high
15233,6372000190,2014-08-26,4,4520,745000.0,high
20371,8029770190,2014-10-15,4,4840,745000.0,high
4783,3912000020,2015-04-30,3,5001,745000.0,high
15934,1823099056,2014-12-22,3,435600,745000.0,high
12521,629000730,2014-05-28,3,9800,745000.0,high
15566,3062600050,2014-07-14,3,12432,745000.0,high
19091,2623069010,2015-01-16,5,493534,745000.0,high
14043,1153000150,2014-06-25,5,16570,744500.0,high
18138,8691330910,2014-05-21,4,13059,744000.0,high
17813,3754010040,2014-10-23,3,7512,744000.0,high
13286,3013300085,2014-05-15,4,5352,744000.0,high
6983,2869100080,2014-06-06,3,12187,744000.0,high
12142,3260590070,2014-08-01,4,7260,744000.0,high
16349,3528000290,2014-06-09,4,33206,743700.0,high
19950,7203160090,2014-12-05,4,5838,743000.0,high
10629,2581900036,2014-06-12,3,11250,743000.0,high
10976,1186000125,2014-05-09,4,3773,742500.0,high
6157,3629980440,2015-04-28,4,4400,742500.0,high
16357,2767600635,2015-05-07,2,5000,742500.0,high
18010,7234601198,2014-06-04,3,704,742000.0,high
17366,8691330130,2014-06-11,4,10986,742000.0,high
19888,8682320350,2014-07-09,2,5760,741500.0,high
12300,4457300135,2014-11-05,4,10125,741000.0,high
115,3626039325,2014-11-21,3,6350,740500.0,high
12614,7202430150,2014-07-09,4,15091,740000.0,high
6587,1929300052,2014-10-29,3,3000,740000.0,high
11299,1861400060,2014-05-05,4,3600,740000.0,high
890,2324800070,2014-06-10,3,25341,740000.0,high
1858,8682300640,2014-08-28,2,8678,740000.0,high
15637,1193000380,2015-03-30,4,6000,740000.0,high
14093,4139400910,2014-08-15,4,10330,740000.0,high
14778,2621730220,2014-05-14,4,10157,740000.0,high
14907,8563080020,2014-10-28,3,9350,740000.0,high
327,1959700550,2014-09-05,4,4400,740000.0,high
3082,2919702235,2014-05-28,2,4800,740000.0,high
18779,6841700100,2014-09-29,3,4000,740000.0,high
2982,9545260100,2014-06-25,4,10392,740000.0,high
16310,2474300050,2014-07-22,5,11454,740000.0,high
10844,1454600116,2014-06-11,4,17833,740000.0,high
7987,439200035,2014-11-17,4,6900,740000.0,high
21022,2597490410,2015-04-02,3,3798,740000.0,high
20094,5631500941,2014-07-15,4,8000,740000.0,high
11805,1698900075,2015-04-15,4,4000,740000.0,high
5077,5454000010,2014-12-10,3,9478,740000.0,high
1921,5152960710,2014-05-14,5,31675,740000.0,high
5076,5100402764,2015-04-15,3,6380,740000.0,high
10420,2424059116,2014-11-05,3,44374,740000.0,high
14242,1133000385,2014-05-30,5,18897,740000.0,high
8916,7977201065,2015-03-05,3,4590,740000.0,high
3745,2330000015,2014-08-26,6,10250,740000.0,high
17786,1112000100,2015-03-30,5,5000,740000.0,high
13298,7167000040,2014-08-13,4,199253,740000.0,high
742,826069046,2014-11-07,3,72745,740000.0,high
4132,203400090,2014-07-29,4,57063,740000.0,high
13385,3425059218,2015-03-17,4,26136,740000.0,high
18757,2533300025,2014-07-10,3,4000,740000.0,high
2452,2425059074,2015-04-10,5,51836,740000.0,high
12530,8860310120,2015-04-22,4,8540,740000.0,high
7377,8825900095,2015-04-21,3,4080,740000.0,high
19940,3346300356,2015-03-18,5,7520,740000.0,high
18261,1824079107,2014-05-28,4,46355,740000.0,high
18248,9388100015,2014-11-19,3,18480,740000.0,high
16587,3630121060,2014-12-17,4,4777,740000.0,high
6186,6705850020,2015-04-01,4,8335,740000.0,high
18862,2485000165,2014-12-15,4,9900,740000.0,high
6722,5611500170,2015-04-22,4,6500,739999.0,high
2458,2568200140,2014-06-25,5,5377,739900.0,high
8451,6705870120,2014-07-01,5,5029,739900.0,high
13322,1724069043,2014-06-18,3,43177,739888.0,high
2321,2622059062,2014-10-15,3,51177,739500.0,high
5784,5707500050,2014-07-18,5,3200,739375.0,high
11978,7228501805,2014-09-24,6,7500,739000.0,high
3237,2296500131,2014-12-16,5,9900,739000.0,high
17734,8824900120,2014-06-06,4,3800,739000.0,high
10635,3275790140,2014-12-30,3,16000,739000.0,high
17371,4140930010,2014-09-19,4,6737,739000.0,high
17325,8722101100,2015-03-19,3,5160,739000.0,high
20761,6192410550,2014-05-28,3,5400,739000.0,high
13065,5700000905,2014-08-16,5,5000,739000.0,high
20020,8682320600,2014-09-11,3,7348,739000.0,high
17414,1825079005,2014-06-09,4,246114,739000.0,high
2640,4045800030,2015-05-11,3,10530,739000.0,high
19587,6793300220,2015-01-05,3,6667,739000.0,high
7116,6189200345,2014-08-20,4,12005,738950.0,high
6189,7308600050,2014-09-09,5,9200,738515.0,high
7633,8682281080,2014-06-17,3,6009,738500.0,high
9881,1995200338,2014-10-29,4,5010,738000.0,high
11992,11520370,2014-12-29,3,9112,738000.0,high
7148,6837700005,2014-12-03,3,5500,738000.0,high
10642,4083302625,2015-03-24,3,3900,738000.0,high
10714,5569620550,2014-06-27,3,4896,738000.0,high
2913,6117502727,2014-09-02,5,16952,738000.0,high
796,205000520,2014-10-06,4,36276,737500.0,high
2437,9244900248,2014-07-09,3,10900,737500.0,high
12845,9430110120,2015-05-05,3,7800,737000.0,high
12301,8682292090,2014-07-09,2,9772,737000.0,high
16947,6681500080,2014-08-22,3,4800,736500.0,high
6970,4309710250,2014-05-05,4,21904,736500.0,high
19012,2138700141,2014-07-02,2,4000,736000.0,high
3824,2249500367,2014-10-21,3,2975,736000.0,high
5494,1425059180,2015-03-24,3,11603,736000.0,high
4678,7805450110,2014-05-06,4,12047,736000.0,high
12545,6446200175,2014-09-16,3,50800,735000.0,high
4771,5690500095,2014-08-26,3,39370,735000.0,high
15154,2770604615,2014-11-21,4,6000,735000.0,high
15031,7129303070,2014-08-20,4,2415,735000.0,high
10237,1277000240,2015-04-02,3,6762,735000.0,high
16476,5606000255,2014-10-17,4,5700,735000.0,high
3720,2526059076,2015-02-25,6,84506,735000.0,high
12604,8956000120,2014-06-14,4,4187,735000.0,high
17285,2856100250,2014-11-06,4,2550,735000.0,high
1224,3331000070,2014-06-06,4,6180,735000.0,high
18024,1939130120,2014-07-18,4,8529,735000.0,high
19177,9547202245,2014-06-27,4,3672,735000.0,high
14431,8832900360,2015-04-28,3,11520,735000.0,high
16495,205000050,2014-12-18,4,45537,735000.0,high
2139,8146100370,2014-09-04,4,7960,735000.0,high
16910,8121100415,2014-05-30,4,4120,735000.0,high
1347,8691410700,2015-01-16,4,5600,735000.0,high
20829,7203600560,2014-09-11,4,7605,735000.0,high
13069,8156600155,2014-06-11,4,5100,735000.0,high
3451,871001500,2014-06-23,4,5102,735000.0,high
5554,3629970130,2014-07-10,3,8159,735000.0,high
5053,224069134,2015-02-25,3,108900,735000.0,high
3983,8691410100,2014-05-27,5,5211,735000.0,high
20235,3303700221,2014-06-27,3,1212,735000.0,high
21503,9268851020,2015-04-10,4,2810,735000.0,high
10870,7732300390,2014-05-23,3,9157,735000.0,high
9901,1250201550,2014-09-25,3,3600,735000.0,high
10896,3260000570,2015-02-10,4,7245,735000.0,high
17195,7173700591,2014-08-11,3,6000,735000.0,high
6638,3491300052,2015-04-09,4,4250,735000.0,high
21172,7203170190,2014-06-19,4,6884,734990.0,high
16928,3410600080,2014-07-09,4,47179,734950.0,high
15335,9348700020,2014-08-25,4,6845,734500.0,high
18910,999000215,2014-05-12,4,5000,734200.0,high
14063,2301400540,2014-12-15,4,5000,734000.0,high
10925,9454200030,2014-09-23,4,7650,734000.0,high
16078,626400020,2014-09-18,4,18521,734000.0,high
9542,2919200665,2014-11-03,3,3840,734000.0,high
20396,1196003740,2014-09-24,5,42755,734000.0,high
20138,2916200091,2015-03-03,4,7204,734000.0,high
8215,7942601810,2014-12-10,3,4370,733500.0,high
6317,9547205260,2014-08-15,3,3060,733000.0,high
12488,3131201320,2014-08-22,4,3876,733000.0,high
9233,4237901075,2015-03-05,4,5002,733000.0,high
2600,6421100342,2014-08-11,3,9888,733000.0,high
13954,2767601085,2015-01-26,6,5000,733000.0,high
8758,8691390770,2014-10-13,4,5974,733000.0,high
17092,1873100050,2015-04-01,5,4425,733000.0,high
9843,3260000340,2014-06-22,4,7300,732600.0,high
18589,6421000330,2014-11-12,3,10321,732500.0,high
3427,7732400490,2014-11-05,4,7665,732350.0,high
18827,8838900032,2014-05-18,3,55756,732000.0,high
8196,6908200650,2014-05-27,3,1987,732000.0,high
20611,2856100260,2014-12-02,3,3060,732000.0,high
3268,5603700025,2014-10-07,4,11300,732000.0,high
13348,9285800330,2014-07-02,3,6517,732000.0,high
18764,5569620410,2014-09-09,3,4972,731781.0,high
14997,5569620050,2014-07-21,4,5772,731688.0,high
20450,7203190110,2015-04-26,4,4644,731500.0,high
5072,2484200080,2014-07-29,3,8778,731100.0,high
17872,7922710450,2015-03-27,5,8960,731000.0,high
5957,629420080,2014-08-20,4,5936,731000.0,high
13139,5710610790,2014-05-16,4,14300,730100.0,high
5792,7522500020,2014-05-27,3,4750,730001.0,high
10660,5536500200,2014-09-18,5,4857,730000.0,high
10238,3345100002,2014-12-17,4,8150,730000.0,high
5775,263000050,2014-10-31,3,8809,730000.0,high
21036,6400700264,2015-03-17,4,7930,730000.0,high
19930,2923039264,2014-09-10,2,95950,730000.0,high
4282,7853270100,2015-03-15,4,14271,730000.0,high
19824,9828702851,2015-01-21,3,1290,730000.0,high
10582,711000070,2014-07-25,3,11294,730000.0,high
9613,4157600150,2015-03-27,6,16449,730000.0,high
16015,7560000050,2015-04-23,3,3502,730000.0,high
7626,1777600450,2015-05-05,5,11779,730000.0,high
16266,8691310980,2015-04-09,4,10351,730000.0,high
9982,1836980240,2014-10-15,4,4500,730000.0,high
718,8820903380,2015-01-02,6,13579,730000.0,high
10379,8825900310,2014-12-11,4,4080,730000.0,high
14720,7853220330,2014-10-06,4,7902,730000.0,high
9585,1400700150,2014-07-22,4,35689,730000.0,high
20945,2568200120,2014-12-15,5,6593,730000.0,high
16975,8083400066,2015-04-23,4,5000,730000.0,high
375,98020310,2014-05-20,4,7331,730000.0,high
5123,425069102,2014-11-26,4,150282,730000.0,high
898,3275780030,2015-03-11,4,9009,730000.0,high
1092,7000100631,2015-05-07,5,21357,730000.0,high
20189,745500010,2014-12-08,4,9606,730000.0,high
6052,624110020,2014-09-25,3,13129,730000.0,high
12605,2862100366,2014-10-15,7,4400,730000.0,high
9618,5035300085,2014-06-02,4,6000,730000.0,high
16950,8078460050,2014-07-18,4,11975,730000.0,high
582,2998800125,2014-07-01,2,4920,730000.0,high
15562,5042300095,2014-10-31,4,4992,730000.0,high
3886,1126059144,2014-09-11,3,130680,730000.0,high
14964,3856901760,2014-12-15,2,3400,730000.0,high
10985,452001890,2015-04-15,3,5000,730000.0,high
11870,7491010060,2014-10-22,4,5638,730000.0,high
21419,2254501095,2014-11-13,2,1686,729999.0,high
19793,5609000311,2015-04-10,6,6110,729999.0,high
1344,6300000335,2015-04-29,5,5167,729953.0,high
21254,7852120050,2015-03-11,4,10010,729950.0,high
643,9385200045,2015-05-12,3,1091,729500.0,high
9220,1726600120,2014-07-01,4,12866,729032.0,high
4238,222069058,2014-09-15,3,60548,729000.0,high
10555,1522039105,2015-01-15,3,308080,729000.0,high
14497,3585300410,2015-04-24,3,30689,729000.0,high
11319,3396830310,2015-04-07,4,27081,729000.0,high
10902,9526600340,2015-05-12,3,4244,729000.0,high
20404,3342700464,2015-01-07,4,5440,729000.0,high
1746,3629920860,2015-01-05,4,5608,729000.0,high
14668,6003500995,2014-06-17,3,3840,729000.0,high
10807,1999600320,2015-03-04,3,7428,729000.0,high
13512,4139440730,2015-02-25,4,10194,728935.0,high
10276,3630110340,2015-01-07,4,3120,728725.0,high
20801,8682300400,2014-06-19,3,6775,728050.0,high
4484,1122069019,2014-08-26,4,87497,728000.0,high
15904,8691390980,2014-09-02,4,5951,728000.0,high
12467,3591000030,2014-08-23,4,13684,728000.0,high
3073,1778500015,2014-10-16,3,4000,728000.0,high
525,4348800030,2014-11-21,2,9119,727500.0,high
19203,6324000115,2014-09-22,3,5000,727500.0,high
15521,3052700225,2014-08-14,7,5000,727160.0,high
9303,6788200360,2014-09-03,3,4200,727000.0,high
21025,3879900753,2014-11-14,3,991,727000.0,high
12829,7215730410,2014-08-25,4,9703,727000.0,high
13012,7215720410,2015-04-15,5,7261,726888.0,high
8571,225039177,2014-12-08,4,3893,726500.0,high
12794,1546600230,2014-08-18,3,10033,726000.0,high
2747,7215730310,2014-07-14,5,10335,726000.0,high
3404,1982200245,2015-01-27,3,3880,726000.0,high
5954,7852020250,2014-06-02,4,7869,725995.0,high
2683,6441800060,2014-12-09,4,5762,725786.0,high
2123,1085610030,2014-08-01,4,74495,725500.0,high
15130,7135520780,2014-05-06,4,12369,725126.0,high
3284,4309710100,2014-06-20,4,27591,725000.0,high
10184,7880020030,2014-11-10,4,35201,725000.0,high
19049,8146300205,2014-07-10,3,8489,725000.0,high
17351,2488200168,2014-07-18,3,4000,725000.0,high
7149,6918720080,2015-04-02,6,12000,725000.0,high
4457,3425059206,2014-06-24,4,18295,725000.0,high
18661,7445000115,2014-05-27,3,4774,725000.0,high
18599,9424400110,2014-12-16,2,5930,725000.0,high
15724,5423030380,2015-05-06,4,7574,725000.0,high
6736,2616800480,2014-09-25,3,35271,725000.0,high
9570,1022069183,2014-06-27,3,54450,725000.0,high
1966,1972202080,2014-07-10,2,2719,725000.0,high
15221,1250203135,2014-07-01,3,6000,725000.0,high
10921,6716700240,2015-03-06,4,4500,725000.0,high
14799,6684500040,2014-12-02,3,8377,725000.0,high
17359,9430100020,2014-06-17,4,7505,725000.0,high
8316,7385310040,2014-06-05,4,10962,725000.0,high
1148,809002435,2014-08-08,3,4000,725000.0,high
5481,9413600670,2014-06-23,3,8613,725000.0,high
5590,5739600427,2015-03-11,3,9000,725000.0,high
8854,7504100590,2015-03-25,4,9600,725000.0,high
18154,5418500970,2014-08-08,4,8882,725000.0,high
9788,624100990,2014-09-29,4,12000,725000.0,high
12078,4178900070,2015-03-25,4,6055,725000.0,high
6004,2568200130,2014-05-16,5,5310,725000.0,high
16929,7385300020,2014-06-13,5,12000,725000.0,high
16528,9510920050,2014-09-02,3,16996,725000.0,high
10772,7774200070,2015-04-08,4,13950,725000.0,high
17385,1890000225,2014-06-20,6,4080,725000.0,high
4657,9521101015,2014-06-26,6,5000,725000.0,high
15061,2597300020,2014-11-13,5,20000,725000.0,high
496,4432600075,2015-01-28,4,4140,725000.0,high
14891,4309700190,2014-07-24,4,28433,725000.0,high
7141,9113200290,2014-06-25,4,5170,725000.0,high
12850,7785000220,2014-10-13,3,12262,725000.0,high
14396,4083306705,2014-11-21,4,3420,725000.0,high
7014,6865200095,2014-10-24,3,5800,725000.0,high
7472,8649900480,2014-05-27,4,12899,725000.0,high
5681,9413600380,2014-08-01,4,9400,725000.0,high
17626,2025059201,2014-07-31,3,13300,725000.0,high
20902,7852120120,2014-06-20,3,8837,725000.0,high
20837,8562790710,2015-04-10,4,2552,725000.0,high
19396,8149600265,2015-05-14,4,5850,725000.0,high
8939,9359300220,2014-06-23,4,30410,725000.0,high
18744,582000065,2014-11-25,4,6000,725000.0,high
555,4309710240,2014-07-22,4,29170,725000.0,high
4061,8965500900,2015-02-13,3,9847,725000.0,high
11230,4188000240,2014-12-11,3,28703,725000.0,high
7676,1741700040,2015-01-13,3,19969,725000.0,high
6427,4053200285,2014-08-11,3,41022,725000.0,high
4251,7202430110,2014-06-25,3,7510,725000.0,high
7564,461002150,2015-01-05,4,3750,725000.0,high
11127,2909300240,2015-05-01,3,6300,725000.0,high
12507,5249801411,2014-10-10,5,6000,725000.0,high
13001,3359500665,2014-10-09,3,6000,725000.0,high
16870,1246700103,2015-04-23,4,25870,725000.0,high
305,5016001535,2015-02-17,3,3300,725000.0,high
7751,624101110,2014-10-02,4,14237,725000.0,high
19509,8928100205,2015-03-31,3,6324,725000.0,high
21181,3629980080,2014-12-10,4,5118,725000.0,high
7835,148000590,2014-07-31,4,7042,725000.0,high
19594,1321059013,2015-03-19,4,218506,725000.0,high
2847,1723099031,2014-10-20,4,174240,724950.0,high
19026,9276200455,2014-11-21,4,5760,724950.0,high
19560,9376301800,2015-03-24,4,4340,724950.0,high
14979,1982200480,2015-04-02,4,3638,724950.0,high
5974,2804100095,2014-05-16,3,3933,724800.0,high
20237,642800130,2015-05-13,3,4185,724500.0,high
15516,579000595,2014-09-06,2,5000,724000.0,high
5331,3629930170,2014-05-14,4,4004,723000.0,high
2120,2600100370,2015-02-11,4,8793,723000.0,high
19753,7852120030,2014-08-08,4,9263,723000.0,high
15622,9274202005,2014-07-02,4,4748,723000.0,high
15069,8146300020,2014-05-29,4,8680,723000.0,high
8227,7504101280,2015-01-26,3,14600,722800.0,high
6417,464001025,2014-09-18,4,5100,722500.0,high
436,7504101040,2014-08-21,5,11800,722500.0,high
1999,9346700320,2015-03-23,4,9296,722500.0,high
2749,2795000060,2014-12-22,5,7207,722500.0,high
1575,1939110310,2015-03-10,3,7650,722080.0,high
21264,2838000130,2015-02-13,3,4850,722000.0,high
4249,629420100,2014-09-26,4,5408,722000.0,high
17677,2724079014,2015-03-31,3,234788,721500.0,high
4895,8856700190,2015-04-23,3,18360,721000.0,high
19275,1566100555,2015-05-01,4,8339,721000.0,high
7146,7936000562,2014-12-16,3,10440,721000.0,high
7759,1862400353,2015-03-26,4,5400,721000.0,high
14689,8712100760,2014-09-24,2,4250,721000.0,high
1663,7511210310,2014-07-09,4,35298,720500.0,high
5811,2919200280,2014-12-08,4,3794,720168.0,high
10256,510003230,2014-08-10,3,2200,720001.0,high
19671,4055700784,2014-08-15,4,17038,720000.0,high
19682,2523039346,2015-02-18,4,10801,720000.0,high
21090,1624079024,2014-05-15,3,151588,720000.0,high
8967,625049274,2015-03-03,3,5200,720000.0,high
9873,579003240,2014-09-25,4,5200,720000.0,high
4158,7504110110,2015-03-25,3,10126,720000.0,high
571,98020350,2015-01-23,4,7708,720000.0,high
883,2436701200,2014-09-12,3,4000,720000.0,high
3162,9169600096,2014-08-01,2,9000,720000.0,high
21200,1959700225,2015-02-24,3,1990,720000.0,high
13440,9323610180,2014-08-19,3,9297,720000.0,high
4472,7504050090,2015-04-12,3,14250,720000.0,high
17005,3904902630,2014-06-03,4,12648,720000.0,high
11697,6899990200,2014-07-02,4,12327,720000.0,high
1559,2483700160,2014-09-17,3,7080,720000.0,high
5646,9178601630,2014-11-13,2,2199,720000.0,high
4792,3856901435,2014-10-27,4,4500,720000.0,high
79,1531000030,2015-03-23,4,39683,720000.0,high
14602,3326059254,2014-11-24,3,7187,720000.0,high
19033,686300450,2014-07-08,4,8400,720000.0,high
5754,1939000010,2014-06-19,4,34290,720000.0,high
5631,7852010290,2014-07-10,4,8930,720000.0,high
20239,6127000480,2014-09-18,5,7642,720000.0,high
1499,3629160060,2015-02-27,4,7634,720000.0,high
15362,59000250,2014-12-03,3,5000,720000.0,high
10769,3066400710,2015-04-07,3,10012,720000.0,high
1840,290000055,2014-05-16,2,7200,720000.0,high
18552,2568200740,2014-08-11,5,5379,720000.0,high
16966,9839300285,2015-04-12,3,2200,720000.0,high
3997,9521101055,2014-08-27,4,5000,720000.0,high
13423,622100074,2014-11-10,3,76531,720000.0,high
20951,8725950360,2015-05-01,2,1108,720000.0,high
13964,1266200120,2015-03-21,2,9460,720000.0,high
8083,4045500620,2014-09-10,3,25741,720000.0,high
953,7517500611,2014-05-21,3,1159,720000.0,high
19244,3886902615,2014-06-17,4,11520,720000.0,high
9326,2597520720,2014-11-03,5,9525,720000.0,high
2876,9542400025,2014-09-16,4,11041,720000.0,high
20515,3343902510,2014-06-11,5,6863,719950.0,high
2025,2767600400,2014-11-18,3,2416,719950.0,high
19553,643300040,2015-03-13,4,9500,719521.0,high
5455,9151600541,2014-05-08,3,4500,719000.0,high
2370,4154300465,2014-09-16,5,6131,719000.0,high
14579,871001484,2015-01-15,3,5816,719000.0,high
19767,3655500030,2015-04-03,3,10578,719000.0,high
1386,2592210160,2014-08-05,3,9307,719000.0,high
29,1873100390,2015-03-02,4,7173,719000.0,high
15847,9547205610,2014-09-29,4,3400,719000.0,high
4846,9528100963,2014-08-06,3,1706,719000.0,high
21128,2564900470,2014-07-14,4,8800,718500.0,high
19063,1702901340,2014-06-13,3,6600,718500.0,high
18387,6600000330,2014-06-27,3,6240,718500.0,high
13762,1223089077,2015-04-01,3,136290,718000.0,high
17856,8820902549,2014-11-19,3,3446,718000.0,high
12840,1245500276,2014-09-09,3,7200,718000.0,high
20004,6798100690,2015-04-20,5,8100,718000.0,high
20214,4216500020,2014-10-03,5,7663,718000.0,high
12166,1498303855,2015-02-24,4,4408,718000.0,high
18095,5364200477,2014-06-03,3,4958,718000.0,high
981,1777500160,2015-04-25,5,9804,718000.0,high
4381,8109800110,2014-08-01,3,4468,717550.0,high
19014,9430100360,2015-02-05,3,9932,717500.0,high
13279,2771603050,2014-12-04,3,4000,717500.0,high
4781,9113200020,2014-06-12,3,5137,717000.0,high
11833,9165100260,2014-05-13,3,3880,717000.0,high
7038,1149900050,2015-03-12,4,7985,717000.0,high
14541,9526600210,2014-10-07,4,4241,717000.0,high
11633,461004730,2015-04-06,3,5000,717000.0,high
10192,5273200060,2015-05-04,3,5400,716528.0,high
13435,7937900220,2014-10-09,5,38461,716500.0,high
20316,8562790950,2015-03-27,3,2155,716500.0,high
9988,8691391090,2014-05-08,4,6465,716500.0,high
1049,7613700860,2014-11-06,3,5000,716500.0,high
18924,6669070220,2014-08-21,3,7279,716125.0,high
4788,1930300190,2014-07-14,3,4000,716100.0,high
3911,809002485,2015-03-27,3,4800,716000.0,high
14751,7526800040,2014-08-27,4,9780,716000.0,high
4489,2397101270,2015-01-26,3,3600,716000.0,high
21284,9521100029,2014-07-16,3,1849,716000.0,high
3053,1150001270,2014-07-24,3,7866,716000.0,high
10813,6133100125,2014-10-08,3,9668,715500.0,high
10513,1829300270,2014-08-21,4,13521,715000.0,high
10601,8691390860,2014-06-20,4,6628,715000.0,high
4866,1117200170,2014-09-19,4,110579,715000.0,high
19110,8651610580,2014-11-07,4,7980,715000.0,high
4346,1112000031,2015-03-18,3,4977,715000.0,high
783,5693500270,2015-01-21,4,4800,715000.0,high
13563,5411600180,2014-12-24,4,5722,715000.0,high
12059,952000640,2014-10-27,3,5060,715000.0,high
15570,2660500095,2015-05-06,4,6050,715000.0,high
6596,1854900470,2014-09-24,3,7027,715000.0,high
8797,5459300040,2014-08-13,4,7700,715000.0,high
15115,2769600305,2015-01-15,6,5000,715000.0,high
10667,6662000070,2014-05-14,4,5649,715000.0,high
17344,6446200305,2014-06-23,4,30500,715000.0,high
18003,9826701765,2014-08-08,3,7680,715000.0,high
21542,3874900085,2015-02-27,4,7770,715000.0,high
3657,3121500100,2014-09-03,4,29163,715000.0,high
1431,9178601000,2014-07-30,3,5400,715000.0,high
9277,8129700644,2014-07-03,3,2250,715000.0,high
14098,3867400180,2015-03-27,2,3513,715000.0,high
18300,2125049133,2014-11-04,5,6500,715000.0,high
2076,425069104,2014-12-15,3,46609,715000.0,high
9357,4045800040,2014-07-25,4,10000,715000.0,high
7045,8965400010,2014-06-06,3,13458,715000.0,high
20651,4188300030,2015-04-29,5,6091,715000.0,high
19803,7852090390,2015-04-13,4,7035,715000.0,high
19698,9268850860,2015-05-05,5,2356,715000.0,high
17903,6666800180,2015-01-30,4,8272,715000.0,high
1519,8121500060,2014-08-07,4,40635,715000.0,high
2553,7277100640,2015-04-09,3,6000,715000.0,high
7608,4077800026,2014-05-30,4,7200,715000.0,high
15228,8644500010,2015-03-20,3,7276,715000.0,high
13323,8682210650,2014-05-27,2,5581,715000.0,high
2547,3630120960,2014-07-18,3,5000,715000.0,high
6881,11501310,2014-11-21,3,9055,715000.0,high
8689,1668500090,2015-04-02,3,39529,715000.0,high
17449,2919200440,2015-04-07,4,3840,715000.0,high
7115,8691350130,2015-02-04,4,12171,715000.0,high
15731,4320200020,2014-09-22,4,6000,715000.0,high
14077,3825310760,2014-12-29,4,7766,714000.0,high
10322,8016300240,2015-04-02,3,11781,714000.0,high
6095,9206700190,2015-03-06,3,167706,713900.0,high
7885,5015000180,2014-11-10,3,4200,713500.0,high
13219,1115700040,2014-12-01,5,9163,713500.0,high
14791,2824600180,2014-10-24,3,6000,713414.0,high
7132,2287000010,2014-07-10,3,9845,713400.0,high
7747,4099501215,2014-06-03,3,9000,713250.0,high
18708,925069042,2015-01-05,4,54400,713000.0,high
7379,8562790980,2015-03-03,3,1850,713000.0,high
1527,7923500060,2014-09-22,5,9242,713000.0,high
9888,1231000310,2014-08-12,1,4000,713000.0,high
7823,1102000237,2015-04-28,4,11201,712500.0,high
13911,7517500085,2015-04-25,3,2800,712500.0,high
16244,6012500170,2014-10-07,5,5400,712500.0,high
3643,1561600025,2014-06-03,3,8797,712500.0,high
21100,6666830250,2014-05-05,4,4247,712198.0,high
17109,9510910050,2014-07-01,3,4094,712000.0,high
6718,5406500430,2015-04-21,4,4385,712000.0,high
16642,629410190,2014-06-19,3,6699,712000.0,high
14260,2856101755,2015-05-04,3,5100,712000.0,high
13086,7504030220,2014-10-08,4,11960,712000.0,high
1780,2264500890,2014-05-08,3,4620,712000.0,high
14740,3022079087,2014-05-21,4,247421,712000.0,high
18240,1775500371,2015-05-01,4,32336,712000.0,high
5040,1672000020,2014-11-26,4,16650,711800.0,high
3916,7905200315,2015-04-16,4,6731,711777.0,high
10781,8617000060,2014-07-08,4,9316,711600.0,high
10928,2530800070,2014-09-11,4,4400,711000.0,high
19964,9510861140,2014-07-14,3,5376,711000.0,high
18109,3904921120,2014-07-15,4,9532,711000.0,high
2797,5021900160,2014-06-18,4,10800,711000.0,high
9025,293800870,2014-09-11,3,36820,710800.0,high
12183,6610000320,2014-09-10,3,4125,710500.0,high
21566,3528900770,2015-04-23,4,2642,710200.0,high
12520,1454600256,2014-10-13,5,9600,710000.0,high
3201,6788200931,2014-05-20,2,4000,710000.0,high
7287,6822100780,2014-09-11,2,6000,710000.0,high
5616,2867100005,2015-04-07,2,3040,710000.0,high
797,3885805935,2014-09-26,4,9000,710000.0,high
10784,4104900340,2015-02-04,4,18618,710000.0,high
12254,8031700186,2014-07-26,4,7625,710000.0,high
4236,1698900195,2014-09-02,3,3000,710000.0,high
17473,6070800050,2015-02-13,3,9160,710000.0,high
17692,5014600210,2014-12-15,4,5000,710000.0,high
12249,7560000070,2014-06-10,3,3427,710000.0,high
11281,9206700060,2014-11-05,4,129808,710000.0,high
6914,6821600005,2015-04-03,4,5400,710000.0,high
6485,2324079073,2014-08-15,3,218235,710000.0,high
15660,9542850290,2014-08-25,4,8580,710000.0,high
7260,3918400143,2014-10-16,4,7500,710000.0,high
14887,8730600050,2014-08-25,3,11448,710000.0,high
16229,7853301660,2015-02-23,5,8572,710000.0,high
12569,2330000035,2014-08-20,3,10250,710000.0,high
14334,7202260210,2014-10-10,4,6978,710000.0,high
15202,1929300415,2014-11-19,4,6000,710000.0,high
17035,2260800170,2014-07-18,3,65775,710000.0,high
5199,3475000080,2014-08-28,3,9732,710000.0,high
19810,9510860060,2014-06-27,3,4153,710000.0,high
18632,7960100220,2015-04-16,4,3600,710000.0,high
15862,8587400050,2015-03-25,3,7660,710000.0,high
16522,1890000250,2014-06-27,2,4080,710000.0,high
19434,2623069106,2015-02-19,6,68825,710000.0,high
12426,7680400140,2014-06-26,3,136915,710000.0,high
8415,9323610110,2015-01-12,4,11304,710000.0,high
19341,1777600900,2014-07-10,4,8995,710000.0,high
4628,3885805325,2014-07-31,4,8064,710000.0,high
7168,2487700130,2015-04-06,4,8000,710000.0,high
17670,2141320230,2015-04-10,4,8068,710000.0,high
8082,924069176,2014-09-03,4,41811,710000.0,high
17498,2464400280,2015-05-04,4,2910,710000.0,high
16599,8691300500,2014-10-28,4,12349,710000.0,high
13186,1794500870,2015-03-27,3,2250,710000.0,high
5356,3629980780,2014-09-18,4,4232,710000.0,high
11017,4459800075,2014-06-03,3,4923,710000.0,high
6672,2725069150,2014-08-17,3,9680,710000.0,high
20418,7853280610,2014-11-17,4,6293,709950.0,high
18851,2568300040,2014-08-19,4,9000,709050.0,high
2817,9136101776,2014-09-18,4,4087,709000.0,high
10763,6021500320,2015-05-07,4,4600,709000.0,high
17696,7611200195,2015-02-20,3,18000,709000.0,high
10314,4154304740,2015-02-24,3,7200,709000.0,high
19349,8691410730,2015-02-20,4,5600,708000.0,high
3086,1193000115,2015-04-29,2,5250,708000.0,high
10277,1313000240,2014-08-18,5,10800,708000.0,high
6991,1926059099,2014-12-08,5,11778,708000.0,high
18634,9547202380,2014-09-02,3,5355,707900.0,high
15360,1175000280,2014-11-07,4,6596,707500.0,high
1460,5457300703,2015-03-20,3,2555,707500.0,high
18726,239000155,2015-01-05,5,21217,707000.0,high
17203,629410130,2014-05-14,4,7081,707000.0,high
19041,2141310580,2014-11-25,4,17023,707000.0,high
6972,2141300080,2015-04-24,5,13212,707000.0,high
9483,6821100015,2014-08-28,2,5001,707000.0,high
19099,809001965,2014-07-29,3,4000,707000.0,high
16400,240000130,2014-10-13,4,16575,706000.0,high
9060,6079500230,2014-06-12,3,6400,706000.0,high
1414,6639900012,2014-09-17,4,7571,706000.0,high
14594,5525400530,2015-04-23,5,15891,706000.0,high
21282,7203150080,2014-12-16,4,5436,706000.0,high
18509,9413600100,2015-02-19,3,12350,705640.0,high
2342,3629910240,2014-05-05,3,4343,705380.0,high
17803,3856903515,2014-12-22,3,6250,705000.0,high
3374,8682291390,2015-04-03,2,5580,705000.0,high
2629,8825900070,2014-08-18,6,4240,705000.0,high
13791,4083305870,2014-10-01,2,6840,705000.0,high
5763,7215730430,2014-09-03,4,9318,705000.0,high
10699,3544400045,2015-02-20,4,5050,705000.0,high
18408,5244801255,2015-04-28,3,4000,705000.0,high
12502,9274201006,2014-05-07,4,4316,705000.0,high
15627,2287000280,2014-09-17,4,11739,705000.0,high
14222,4083301120,2015-04-22,3,2618,705000.0,high
4444,8682301050,2014-12-02,2,6400,705000.0,high
4334,5249805090,2015-04-07,4,3120,705000.0,high
11609,1546600565,2014-10-02,6,10579,705000.0,high
18395,7202260040,2014-08-01,4,6207,705000.0,high
457,2122039094,2014-11-26,3,20978,705000.0,high
12683,5113400264,2014-11-19,4,5001,705000.0,high
16141,2767603890,2015-03-04,5,5000,705000.0,high
21374,1773600264,2015-02-23,5,4800,705000.0,high
13893,9525100040,2015-04-07,4,5339,705000.0,high
550,4099500935,2014-07-23,3,10221,705000.0,high
20976,1176001117,2015-03-19,3,1321,705000.0,high
17212,7284900098,2014-09-24,3,7200,705000.0,high
18072,1370803835,2014-07-18,2,6755,705000.0,high
3730,3066400750,2015-04-13,3,10359,705000.0,high
5953,6793300010,2014-12-15,4,6222,705000.0,high
2695,6076500160,2014-12-23,4,20946,705000.0,high
18447,2484700155,2014-10-14,4,6000,705000.0,high
16635,9201000460,2014-10-06,4,10536,705000.0,high
11708,220069083,2014-05-09,2,188200,705000.0,high
4045,9834200165,2015-04-06,4,4080,704300.0,high
6116,3261000080,2015-03-10,4,9520,704111.0,high
9226,4377000100,2014-09-25,4,12500,704000.0,high
10694,9547204930,2015-02-25,3,6120,704000.0,high
16702,7369600080,2014-10-30,4,6973,704000.0,high
1603,7805460310,2014-11-13,4,12918,703770.0,high
6725,2922702965,2015-01-15,3,3525,703300.0,high
4055,5040800015,2014-10-01,2,5922,703011.0,high
2462,9274200990,2014-06-19,3,5980,703000.0,high
5018,8021700715,2014-05-14,3,6750,702500.0,high
14930,7203210170,2014-08-19,4,6240,702000.0,high
7655,7202340590,2014-10-14,4,15025,702000.0,high
4483,7202341110,2015-03-13,4,5876,702000.0,high
6428,5411600020,2015-03-04,4,4922,702000.0,high
3792,1245500099,2015-05-06,3,8528,702000.0,high
4144,3260350090,2014-11-12,4,8540,701000.0,high
1479,5266300140,2015-04-08,4,10080,701000.0,high
19775,7853380570,2015-05-11,4,5314,701000.0,high
10783,1137300890,2014-12-17,3,35265,700500.0,high
14415,3213200180,2015-05-05,2,4387,700180.0,high
19235,1236300214,2014-07-22,3,7982,700000.0,high
20567,6926700654,2014-09-21,2,713,700000.0,high
9077,6746700615,2015-03-18,8,3000,700000.0,high
3155,3362400590,2015-02-19,4,4635,700000.0,high
2929,7658600025,2014-07-09,3,7200,700000.0,high
2734,2260000340,2014-11-15,4,9100,700000.0,high
13910,7853240040,2015-04-14,4,7857,700000.0,high
7095,8563030280,2014-05-13,3,8398,700000.0,high
18139,9169100175,2015-05-07,4,4700,700000.0,high
3209,1125069064,2015-03-31,4,89298,700000.0,high
3167,8073000495,2014-10-10,2,17635,700000.0,high
1684,9542000075,2015-03-27,3,14733,700000.0,high
11818,9550200370,2014-05-20,4,4021,700000.0,high
4386,7902200015,2015-04-29,3,15570,700000.0,high
4136,7852070090,2015-01-16,3,11727,700000.0,high
15604,1769600066,2014-12-11,3,11550,700000.0,high
1819,2251500270,2015-04-13,4,15000,700000.0,high
4605,3275880100,2014-11-13,4,15031,700000.0,high
13299,7167000040,2015-03-05,4,199253,700000.0,high
11858,1150000400,2014-07-21,4,7491,700000.0,high
17060,8820900029,2014-06-10,5,9825,700000.0,high
1000,3131200640,2015-04-27,4,4590,700000.0,high
7294,1923039022,2014-11-20,2,577605,700000.0,high
2615,5700000340,2015-04-27,3,4299,700000.0,high
17846,5605000215,2015-02-25,4,5450,700000.0,high
19029,164000261,2014-05-21,4,7875,700000.0,high
3370,8901500178,2014-10-30,4,9450,700000.0,high
3373,7215730090,2014-06-09,4,7778,700000.0,high
15825,8073000491,2014-12-11,4,7139,700000.0,high
9237,3524039144,2014-10-07,2,9855,700000.0,high
12052,7234601525,2014-05-19,3,4905,700000.0,high
8988,6431000015,2014-05-30,4,3570,700000.0,high
7180,3275850190,2014-09-05,3,9916,700000.0,high
7278,9346910500,2015-03-30,3,10650,700000.0,high
17643,8129700985,2015-04-27,3,4000,700000.0,high
5139,2771604640,2015-03-13,4,6000,700000.0,high
3287,9238900855,2015-03-13,2,5000,700000.0,high
1719,1020069017,2015-03-27,4,1651359,700000.0,high
6023,6641800020,2015-01-09,4,9650,700000.0,high
4541,7977200590,2015-02-19,3,4590,700000.0,high
8965,2883200961,2014-06-05,3,4800,700000.0,high
10837,6844700510,2014-12-03,4,4297,700000.0,high
6132,6813600380,2014-12-24,3,7440,700000.0,high
7796,3924500040,2015-04-13,4,43093,700000.0,high
2882,5210200107,2014-11-25,4,6500,700000.0,high
20391,126039467,2015-01-14,4,7200,700000.0,high
8697,3825310530,2014-07-16,4,4498,700000.0,high
10125,6626100260,2014-08-06,4,36562,700000.0,high
15505,6823100225,2015-04-14,4,6000,700000.0,high
94,6021501535,2014-12-23,3,5000,700000.0,high
5520,2877101100,2014-11-10,3,5000,700000.0,high
8687,6822100750,2015-05-08,3,6000,700000.0,high
18158,1825079086,2014-05-21,4,46173,700000.0,high
4235,2902200015,2015-01-06,9,4400,700000.0,high
14771,1695900150,2014-05-28,2,5500,700000.0,high
19886,7853280550,2014-05-28,4,5099,700000.0,high
3956,7215730590,2014-09-02,4,6175,700000.0,high
3954,7964410100,2015-05-04,4,25800,700000.0,high
21157,6638900461,2014-06-05,3,4185,700000.0,high
19429,7430500301,2014-10-16,3,7227,700000.0,high
696,7527200030,2014-12-29,5,25958,700000.0,high
11200,6154900070,2014-06-11,3,7378,700000.0,high
11334,9530101290,2014-11-10,3,4500,700000.0,high
10214,6206100075,2015-05-12,4,10800,700000.0,high
2500,4443800765,2014-06-10,3,3880,700000.0,high
13712,3904910610,2015-05-06,4,7694,700000.0,high
18011,1931300110,2014-07-25,3,4000,700000.0,high
9593,3537900180,2014-10-20,2,12000,700000.0,high
2093,8701600510,2015-04-14,2,4945,700000.0,high
2470,5457300696,2014-06-27,3,1545,700000.0,high
21430,2838000180,2015-02-20,3,4006,700000.0,high
15743,9828702895,2014-10-22,4,520,700000.0,high
14397,1245001216,2014-07-21,3,11060,700000.0,high
1362,8100400160,2015-04-13,3,11424,700000.0,high
2250,6151800070,2014-09-03,3,7668,700000.0,high
14853,1465400120,2015-03-26,3,123710,700000.0,high
7361,3121500020,2014-07-02,3,23891,700000.0,high
6784,6819100345,2015-03-25,4,6000,700000.0,high
2185,8026700105,2015-02-18,4,8625,700000.0,high
8424,2195700230,2015-02-03,3,36585,700000.0,high
16188,522079022,2015-03-27,3,623779,700000.0,high
4871,524069049,2015-04-02,3,78408,700000.0,high
20061,2597490300,2014-11-19,3,4975,700000.0,high
3523,3880900245,2015-02-02,6,4550,700000.0,high
12154,976000879,2015-04-24,4,5398,700000.0,high
11738,3582900310,2015-03-04,3,13000,700000.0,high
956,510002065,2015-03-23,4,4560,700000.0,high
886,2110200036,2014-11-11,5,3118,700000.0,high
8394,8691390530,2014-06-25,4,5686,700000.0,high
20792,9828702339,2015-04-20,2,1085,699999.0,high
19198,5016001619,2015-01-22,3,4000,699999.0,high
8618,4077800088,2014-08-11,4,7830,699950.0,high
15777,8682290660,2014-11-26,2,7489,699950.0,high
5796,3276930050,2014-07-28,3,36218,699950.0,high
18686,3629910210,2014-11-03,3,4106,699950.0,high
8803,34001765,2015-03-25,3,5460,699950.0,high
10750,6119700030,2015-05-08,4,12793,699950.0,high
102,7214720075,2014-12-12,3,107593,699950.0,high
488,8691370400,2014-12-16,4,7302,699900.0,high
14944,7856700920,2014-06-28,4,11500,699900.0,high
2732,4038600260,2014-09-22,4,16236,699900.0,high
16493,8691390460,2014-06-16,4,6164,699850.0,high
753,8682300890,2014-08-28,2,6600,699800.0,high
21060,7853430180,2014-07-16,4,5478,699188.0,high
6133,923000280,2014-07-22,3,8154,699000.0,high
13884,3825311210,2014-08-27,3,5497,699000.0,high
13234,752000035,2014-05-20,4,7945,699000.0,high
1057,8127700445,2014-07-16,3,5375,699000.0,high
8408,2324800110,2014-06-12,4,27441,699000.0,high
15033,1727000680,2014-12-09,4,14470,699000.0,high
5003,9238480020,2015-03-19,5,36817,699000.0,high
12073,7129302685,2014-09-11,3,4320,699000.0,high
15261,6908200006,2014-09-19,3,4080,699000.0,high
10995,2162000260,2014-08-27,3,18455,699000.0,high
2417,8924100111,2015-04-24,2,4050,699000.0,high
20997,626059365,2015-04-12,3,10344,699000.0,high
1154,7880010060,2015-04-06,4,40319,699000.0,high
15506,6669070080,2015-04-17,3,10968,699000.0,high
3441,9328510100,2014-09-11,4,7312,699000.0,high
2925,5103300090,2014-08-01,5,24755,699000.0,high
4107,1725059209,2014-09-29,6,11250,698000.0,high
8172,1300300730,2015-03-24,3,7200,698000.0,high
9621,3342101270,2015-03-24,4,5670,698000.0,high
7685,1786810040,2014-09-09,3,11957,698000.0,high
13934,4379400580,2014-08-13,3,4636,698000.0,high
9181,3299600120,2014-07-18,4,7231,698000.0,high
8892,1245003160,2014-05-02,4,11250,698000.0,high
13372,1257201010,2015-05-04,2,4080,698000.0,high
18517,3885803465,2015-04-09,3,7447,698000.0,high
14442,629410180,2014-12-08,4,6399,697000.0,high
13421,1854900330,2014-09-09,4,6961,697000.0,high
3496,461005360,2014-11-07,4,2850,697000.0,high
2835,2710600025,2014-11-03,3,5304,697000.0,high
12066,1036400200,2015-04-29,4,13125,697000.0,high
7697,1774230090,2014-06-13,4,48351,697000.0,high
15279,225039069,2014-10-10,4,5376,696950.0,high
13408,9482700455,2014-10-21,4,4400,696500.0,high
14674,1774230180,2014-09-17,5,61419,696500.0,high
15841,1377800277,2014-12-15,6,6400,696000.0,high
35,9547205180,2014-06-13,3,3060,696000.0,high
6732,4038700290,2015-04-23,3,8023,696000.0,high
17247,9510310280,2014-07-09,4,38546,696000.0,high
3892,7526800100,2014-07-08,5,9180,695500.0,high
18520,3324069541,2014-07-10,4,21050,695000.0,high
21123,7852140170,2015-04-21,4,14538,695000.0,high
12593,7853301520,2014-09-03,5,9780,695000.0,high
9453,7215730040,2014-05-15,4,9130,695000.0,high
11761,7510700030,2014-05-15,3,17622,695000.0,high
19080,1980200015,2014-09-29,4,7202,695000.0,high
13909,1149600120,2014-08-20,4,9990,695000.0,high
10447,3362401000,2014-07-01,3,4080,695000.0,high
8469,2817210210,2015-04-01,3,18743,695000.0,high
10423,3224600340,2014-10-13,4,6540,695000.0,high
11311,2158900140,2014-09-05,3,3600,695000.0,high
5380,6421100502,2014-09-15,5,14134,695000.0,high
613,4379400260,2014-06-10,3,4694,695000.0,high
21410,7852120180,2015-03-04,4,9084,695000.0,high
19896,7852120140,2014-06-10,4,9364,695000.0,high
13960,924069210,2014-06-03,4,12146,695000.0,high
17204,4139440480,2014-06-26,3,12063,695000.0,high
12743,5700002020,2014-07-17,3,5687,695000.0,high
11663,3860900111,2014-12-02,5,9335,695000.0,high
6409,2815600305,2015-04-22,3,6800,695000.0,high
13168,2723069052,2015-04-20,3,220300,695000.0,high
8243,8691370330,2014-10-29,4,7389,695000.0,high
18471,3904920730,2015-04-27,4,10760,695000.0,high
7398,4054710190,2014-07-01,3,51354,695000.0,high
19205,4441300325,2014-09-05,3,12100,695000.0,high
1977,4379400560,2014-05-29,3,4555,695000.0,high
10384,4441300416,2014-10-28,4,5880,695000.0,high
21142,8725950020,2014-08-27,2,1207,695000.0,high
19835,8682320640,2015-02-12,2,7665,695000.0,high
3652,4083303815,2015-04-21,5,3990,695000.0,high
18752,8956000100,2014-11-21,3,4713,695000.0,high
5893,2877100655,2014-12-08,4,2500,695000.0,high
13793,7302000120,2014-06-10,3,45254,695000.0,high
3508,3578700017,2015-01-23,4,11393,695000.0,high
2581,9178600055,2015-05-05,2,3990,695000.0,high
7670,8682290410,2015-04-17,2,9311,694000.0,high
18651,2024059059,2014-10-10,3,45535,693000.0,high
7276,339200130,2014-05-31,3,12028,693000.0,high
5440,7215720250,2014-12-10,4,13063,693000.0,high
15957,2162000190,2014-12-15,3,13644,693000.0,high
259,1873100060,2014-08-29,4,4425,693000.0,high
10622,8649900160,2014-12-05,4,11500,692500.0,high
5108,7852010670,2014-07-09,4,7984,692500.0,high
7487,326069027,2015-03-26,3,198198,692500.0,high
4995,3583400130,2014-10-14,3,9900,692500.0,high
18704,3558900590,2015-03-24,6,10080,692500.0,high
8648,8651480090,2015-03-27,4,9779,692000.0,high
20037,2051200436,2014-08-20,3,28213,692000.0,high
3263,5207200195,2014-07-01,4,7200,691500.0,high
453,1324059104,2015-04-21,3,16117,691100.0,high
3090,8900000110,2014-09-22,2,3810,691000.0,high
8734,7555200230,2014-05-21,4,8632,691000.0,high
14321,7504110330,2015-01-28,4,11651,691000.0,high
5136,5014600440,2015-02-23,5,5349,690700.0,high
6383,5015000190,2014-06-25,5,4211,690500.0,high
12958,6632900452,2014-12-05,4,8920,690500.0,high
4577,6021503740,2015-03-04,3,4000,690000.0,high
13434,2207500880,2014-07-28,3,4000,690000.0,high
19243,3260350100,2014-08-18,4,4688,690000.0,high
5833,2600000050,2014-08-27,3,8327,690000.0,high
3542,1563100705,2014-09-12,4,5400,690000.0,high
1116,9178600560,2014-06-23,2,4560,690000.0,high
13358,1781500220,2015-01-31,3,4961,690000.0,high
15125,1310370020,2014-07-08,4,35400,690000.0,high
13836,6788203060,2014-10-10,3,3240,690000.0,high
11100,1912100885,2014-07-02,3,4000,690000.0,high
18666,4073200757,2014-12-31,3,6620,690000.0,high
8680,2719100115,2014-11-04,3,6149,690000.0,high
10003,1795920310,2014-08-04,4,7054,690000.0,high
10438,8079100140,2014-07-28,4,8448,690000.0,high
2575,3629970240,2014-11-03,3,5001,690000.0,high
10195,4154305085,2015-02-26,5,4800,690000.0,high
15916,9550200470,2014-10-01,4,4590,690000.0,high
14697,6192410760,2014-05-26,4,8810,690000.0,high
4682,6788201015,2014-06-16,2,4000,690000.0,high
11542,629811360,2014-12-05,4,8120,690000.0,high
19042,2325039067,2014-05-07,3,6428,690000.0,high
19721,7853270710,2015-04-09,5,9075,690000.0,high
18437,3630090110,2014-10-18,4,2147,690000.0,high
11876,2806000560,2014-07-22,4,11820,690000.0,high
20854,9831200186,2015-02-03,2,1756,690000.0,high
9729,2581900060,2015-04-02,3,17707,690000.0,high
7970,3904921250,2014-10-10,5,7313,690000.0,high
1357,1939130070,2014-09-29,4,8307,690000.0,high
21567,9521100031,2014-06-18,3,1428,690000.0,high
5257,5071400104,2014-06-26,5,7598,690000.0,high
14143,5700000515,2014-11-20,4,5000,690000.0,high
15075,6382500020,2014-08-05,4,7800,690000.0,high
12779,3904902510,2014-05-12,4,13463,690000.0,high
4921,3630090050,2015-02-20,4,2147,690000.0,high
6504,7519000170,2014-07-23,3,5150,690000.0,high
3498,9547204350,2014-05-19,3,5100,690000.0,high
17672,333100209,2015-03-18,3,16300,690000.0,high
4977,2483200010,2014-10-07,3,6000,690000.0,high
17244,5406500440,2014-08-12,4,6235,690000.0,high
15054,4385700285,2014-09-03,3,4400,690000.0,high
1933,3905010140,2014-05-29,4,9904,690000.0,high
4037,7173700518,2014-07-21,3,9520,690000.0,high
694,3121500340,2014-07-12,4,23488,690000.0,high
6977,1710400005,2014-11-19,3,1800,690000.0,high
19699,1454100127,2014-08-11,4,8433,689950.0,high
9771,8562740400,2014-05-15,4,7266,689900.0,high
14206,7576200040,2014-07-18,4,3500,689888.0,high
3790,3034200198,2014-06-03,3,9313,689800.0,high
18493,1193000220,2015-04-07,2,3125,689800.0,high
19974,2597490750,2015-04-28,4,2772,689500.0,high
18097,1455600062,2014-10-21,3,9612,689000.0,high
4824,8644210050,2014-09-26,4,16145,689000.0,high
20872,7853280620,2014-12-12,4,5805,689000.0,high
2673,8079100700,2015-03-18,4,7350,689000.0,high
10035,1523560030,2015-03-25,4,6069,689000.0,high
8320,2141310820,2014-06-24,3,9840,689000.0,high
9943,7779200075,2014-09-09,2,10143,689000.0,high
5670,7625703900,2014-09-26,4,9600,689000.0,high
19607,4024100915,2014-12-31,4,10000,689000.0,high
12691,4036100175,2015-02-19,4,11700,689000.0,high
11795,5710500060,2015-03-19,3,9825,688888.0,high
12051,9523102447,2014-11-17,3,4125,688500.0,high
11850,2193330030,2014-11-18,4,10513,688100.0,high
8219,3935900093,2015-04-27,5,13526,688000.0,high
16431,7504100920,2014-06-18,3,16200,688000.0,high
19387,1223089066,2014-08-14,4,292723,688000.0,high
18583,9238900850,2014-09-19,3,4880,688000.0,high
2097,8161600135,2014-05-27,4,4000,688000.0,high
4314,7853301390,2014-08-21,4,9309,688000.0,high
12207,1455600045,2014-09-15,3,9377,687500.0,high
15602,4191500130,2014-07-28,5,10500,687500.0,high
1143,2537500140,2014-06-27,4,10970,687500.0,high
32,461000390,2014-06-24,4,5000,687500.0,high
7967,3885805035,2015-05-08,2,7200,687500.0,high
11321,7234601221,2014-10-14,3,2114,687500.0,high
21176,3876900089,2015-04-30,3,873,687015.0,high
15599,619079016,2014-06-02,4,186846,687000.0,high
2682,2547200240,2014-06-22,4,10083,687000.0,high
12671,8819900220,2015-02-05,2,5025,686500.0,high
220,5611500140,2014-08-22,4,6440,686000.0,high
1791,2600000510,2014-07-26,4,10650,686000.0,high
6106,7611200086,2014-06-02,3,9990,686000.0,high
7816,6383000820,2014-08-07,3,9142,685900.0,high
11979,9541800075,2014-09-08,3,16200,685650.0,high
2936,203600600,2015-03-10,4,60467,685530.0,high
1240,3224600310,2014-10-30,4,5423,685100.0,high
5980,3416600185,2014-11-06,3,7000,685000.0,high
18836,2485000100,2014-05-29,3,7313,685000.0,high
1859,6918700320,2015-03-06,5,7843,685000.0,high
2513,2024079035,2014-06-05,3,219978,685000.0,high
12195,8961970510,2014-05-06,4,7864,685000.0,high
11913,6822100310,2014-11-03,4,6000,685000.0,high
20733,3442000127,2014-05-30,4,5100,685000.0,high
14293,3629760330,2015-03-11,3,4950,685000.0,high
6867,525069099,2014-10-22,3,219978,685000.0,high
2900,4019300906,2014-07-24,5,14455,685000.0,high
589,6909200575,2015-03-14,3,2900,685000.0,high
16606,8827901350,2015-04-07,3,4720,685000.0,high
19274,821069025,2015-02-13,3,90796,685000.0,high
8736,7853301570,2015-04-30,4,10968,685000.0,high
6862,5605000595,2014-12-09,6,5854,685000.0,high
19158,455000760,2015-03-11,3,6733,685000.0,high
10217,9346700030,2015-02-23,4,10800,685000.0,high
15421,9359300250,2014-06-04,4,45514,685000.0,high
7827,3586500620,2014-08-14,4,25248,685000.0,high
19990,7234601140,2014-11-13,3,1193,685000.0,high
13238,2623039018,2014-10-27,4,15239,685000.0,high
5208,5452302195,2014-12-30,3,8800,685000.0,high
17252,8562740290,2014-10-10,5,5635,685000.0,high
14596,7519000085,2014-10-02,4,5150,685000.0,high
21396,8732900300,2014-12-17,4,3479,685000.0,high
16721,282500010,2015-01-07,4,16197,685000.0,high
18410,7234601445,2014-06-23,2,1676,685000.0,high
43,9270200160,2014-10-28,3,2280,685000.0,high
4442,2461900375,2015-04-14,4,6000,685000.0,high
1911,3066410800,2014-12-11,4,10051,685000.0,high
13320,3343301385,2014-05-27,3,7700,685000.0,high
14273,5458800620,2014-09-24,3,8400,685000.0,high
4108,4025300195,2015-03-18,4,10125,685000.0,high
18350,647100096,2015-03-31,3,8558,685000.0,high
11135,1786830060,2014-07-07,3,11070,685000.0,high
9013,8146300015,2014-07-16,4,8680,685000.0,high
18740,5423030040,2015-04-06,3,10175,685000.0,high
12369,9138100350,2015-02-18,4,6000,685000.0,high
9103,7384500110,2014-07-23,3,8000,685000.0,high
1410,6678900140,2015-03-19,3,8955,685000.0,high
21330,5101408889,2014-06-16,4,4637,685000.0,high
2977,9136103130,2015-05-12,2,4013,685000.0,high
9398,9287800375,2014-10-30,3,5000,685000.0,high
9066,1332000100,2014-12-10,4,38043,685000.0,high
15253,3066200440,2014-06-08,4,9360,684680.0,high
8953,2193330090,2015-03-11,4,8434,684000.0,high
341,1115300070,2014-11-06,4,8414,684000.0,high
13229,7015200790,2014-06-24,3,5756,683500.0,high
16173,8582010290,2014-08-14,3,9218,683000.0,high
15077,1778500595,2015-04-13,5,4000,683000.0,high
18636,6792100090,2014-09-14,4,10489,683000.0,high
9115,1568100300,2015-01-21,6,8504,682500.0,high
10199,7300200400,2014-11-05,4,34092,682000.0,high
1258,5244801230,2014-08-29,5,4000,682000.0,high
18899,7273100026,2015-04-07,4,53941,682000.0,high
818,5014600240,2014-08-14,5,5000,682000.0,high
5315,8691370290,2014-12-15,4,8009,682000.0,high
10072,4221900030,2015-05-01,2,5000,682000.0,high
8070,9408300180,2014-08-28,4,30000,682000.0,high
5502,7942601410,2014-05-14,3,5120,682000.0,high
13571,1026069061,2015-01-29,4,203425,682000.0,high
13350,1644510040,2014-05-28,4,7277,681716.0,high
11989,1066100260,2014-06-20,5,11700,681500.0,high
5536,7950300005,2014-05-28,3,6356,681000.0,high
14015,2600030210,2014-07-07,3,10032,681000.0,high
3666,7853250090,2014-09-29,4,5130,681000.0,high
9790,2883200875,2015-02-06,2,6000,680200.0,high
3776,1777500090,2014-12-29,6,9375,680000.0,high
21345,3630200480,2014-06-12,3,3600,680000.0,high
13198,2594200230,2015-04-24,2,8442,680000.0,high
18860,4054700300,2014-10-21,4,50951,680000.0,high
15670,8141200080,2014-08-14,8,4800,680000.0,high
17889,9238900616,2014-06-10,3,8400,680000.0,high
16130,5100402606,2015-05-05,3,6775,680000.0,high
4410,4083304190,2014-08-04,1,3008,680000.0,high
13003,2874600040,2014-08-04,3,6300,680000.0,high
7870,7203100120,2014-06-16,4,4950,680000.0,high
9441,7215730580,2014-09-02,4,6175,680000.0,high
108,1853000400,2015-03-05,4,28037,680000.0,high
3581,2825059256,2014-09-26,4,13068,680000.0,high
3888,7963900100,2014-09-12,3,14248,680000.0,high
9722,8691410310,2015-02-13,4,6012,680000.0,high
12374,6746701090,2014-06-19,6,3000,680000.0,high
17574,2771604791,2014-07-19,3,3584,680000.0,high
19369,7010701383,2014-10-17,3,4400,680000.0,high
14121,9510970530,2015-04-24,3,3600,680000.0,high
20486,2026049184,2015-03-20,4,6581,680000.0,high
18887,3629970090,2014-10-14,4,5000,680000.0,high
3798,2426059076,2015-02-03,4,37431,680000.0,high
17155,305010190,2014-10-16,4,8399,680000.0,high
15489,7937900280,2015-04-24,4,35429,680000.0,high
19253,1822059156,2015-01-14,3,103672,680000.0,high
4747,7254000100,2014-12-15,3,2551,680000.0,high
17239,5307100280,2014-08-11,3,8316,680000.0,high
12438,9468200163,2014-07-09,3,5720,680000.0,high
12023,9530101535,2015-03-27,3,4320,680000.0,high
16571,6908200250,2015-03-12,4,6075,680000.0,high
21084,3204930170,2014-11-06,4,3763,680000.0,high
12416,5423040140,2015-04-02,3,9914,680000.0,high
20609,2738640310,2015-04-09,4,3677,680000.0,high
13181,4027700021,2015-03-11,5,15815,680000.0,high
3965,8815400735,2014-05-29,3,4000,680000.0,high
9855,7215730070,2014-09-11,5,6500,680000.0,high
6034,6926700660,2014-09-11,2,989,680000.0,high
15945,8649900440,2014-12-09,4,8770,680000.0,high
18521,3600072,2015-03-30,4,5310,680000.0,high
3210,117000100,2015-03-19,3,5750,680000.0,high
10338,3577000116,2015-03-25,4,12137,680000.0,high
20675,3629980860,2014-07-07,4,3920,680000.0,high
10369,6821101895,2015-05-07,2,6000,680000.0,high
1228,5249800729,2015-03-30,6,6320,680000.0,high
9002,2125049131,2014-07-29,3,5500,680000.0,high
19039,5459500100,2014-09-24,3,9652,680000.0,high
11573,6840701160,2014-10-29,5,5000,680000.0,high
7100,9485800050,2015-03-10,3,8064,680000.0,high
17716,287000110,2014-06-25,4,6200,680000.0,high
5428,710300010,2015-01-27,4,54048,680000.0,high
12670,3586501135,2014-06-06,3,23900,680000.0,high
7580,7922720040,2015-03-17,4,9202,680000.0,high
21235,5727500006,2015-04-27,4,8653,679990.0,high
10108,7853250070,2015-04-17,4,4644,679975.0,high
4863,629500170,2015-03-26,4,5664,679950.0,high
21596,7502800100,2014-08-13,5,9437,679950.0,high
19784,2838000030,2015-01-27,3,3939,679950.0,high
359,952003285,2014-08-05,3,5750,679900.0,high
8573,3622069095,2014-09-17,4,49223,679000.0,high
7560,5104540330,2015-05-08,4,7236,679000.0,high
7482,8562500380,2015-03-09,4,8451,679000.0,high
7407,8827901060,2014-07-09,4,4480,679000.0,high
15387,3342700491,2014-08-14,3,9350,679000.0,high
9081,6445800120,2015-04-04,4,41236,679000.0,high
2482,4459800070,2014-07-18,4,4923,679000.0,high
9893,5499700045,2014-10-30,3,4320,679000.0,high
7581,8825900245,2014-12-09,5,4080,678940.0,high
15226,1088000050,2015-02-13,3,10548,678700.0,high
2130,2483200060,2014-06-12,3,6600,678500.0,high
5193,3363900280,2015-03-11,3,3600,678500.0,high
9411,522069111,2015-01-27,4,214750,678500.0,high
13332,9274202620,2014-07-18,3,2860,678100.0,high
15314,3825311190,2014-07-25,3,5964,678000.0,high
10138,3066410810,2014-08-22,3,10675,678000.0,high
7071,686400670,2015-04-14,3,7210,678000.0,high
2768,3756100160,2014-09-23,3,10000,678000.0,high
12590,6819100150,2014-07-21,3,3600,677915.0,high
206,9526600140,2014-09-19,3,4587,677900.0,high
21085,4449800480,2015-03-18,6,4213,677790.0,high
11541,5456000135,2014-08-22,3,9718,677500.0,high
13083,9272201385,2014-10-22,5,4730,677500.0,high
2624,3275890310,2015-02-12,3,9199,677100.0,high
16434,4452300130,2014-05-22,3,3207,677000.0,high
18103,6870000150,2014-12-18,4,4174,677000.0,high
5923,7128300630,2015-03-30,4,6000,677000.0,high
18783,1422200090,2014-09-15,3,2446,676500.0,high
7508,3178100065,2014-09-25,4,6010,676101.0,high
18907,290200230,2014-08-19,4,5368,676000.0,high
11514,1377800135,2015-04-02,3,6784,676000.0,high
12178,5506500070,2014-12-11,3,41804,676000.0,high
12656,2856101540,2014-12-11,3,3825,676000.0,high
21192,642150080,2014-09-08,3,9096,675900.0,high
13632,8078390150,2014-06-26,4,10274,675750.0,high
2834,324059112,2015-03-25,4,21344,675500.0,high
5422,2785000290,2014-05-07,3,10500,675000.0,high
8339,3275850180,2014-06-02,3,9002,675000.0,high
17780,4322200220,2015-04-21,3,5350,675000.0,high
9561,5288200230,2015-04-21,4,5750,675000.0,high
9527,7785350490,2014-10-23,3,15886,675000.0,high
12129,3022079094,2014-10-06,4,244807,675000.0,high
13075,7986400180,2014-07-10,3,4500,675000.0,high
6842,2426059071,2014-10-21,3,98445,675000.0,high
19114,339350150,2015-03-11,3,5735,675000.0,high
14503,1313000220,2014-05-13,5,9600,675000.0,high
14176,8682250330,2014-06-24,3,5611,675000.0,high
3942,8861500015,2014-05-20,3,10260,675000.0,high
9587,1024069009,2014-05-02,5,67518,675000.0,high
18405,1982201485,2014-05-12,4,3340,675000.0,high
17863,4379400490,2014-07-10,4,5249,675000.0,high
13424,5014600180,2014-05-13,4,5548,675000.0,high
4813,4101410050,2015-04-21,4,8800,675000.0,high
11546,2819100140,2015-04-27,3,6480,675000.0,high
3846,1777600490,2014-10-24,4,12463,675000.0,high
20062,9301300805,2014-12-15,3,1590,675000.0,high
11667,4083304355,2015-03-18,4,3615,675000.0,high
17916,1726600110,2014-07-17,3,13209,675000.0,high
15644,9542000275,2015-04-06,4,18470,675000.0,high
6607,1854900430,2015-04-22,4,5400,675000.0,high
19289,3416600490,2014-07-31,3,4252,675000.0,high
14116,2902200915,2014-11-25,3,4400,675000.0,high
288,9552700140,2014-07-02,5,10300,675000.0,high
16956,9194102188,2014-10-09,4,6875,675000.0,high
5234,2432000130,2015-04-14,3,9549,675000.0,high
2583,5040800060,2015-02-04,3,5913,675000.0,high
19291,1556200155,2015-04-17,3,3817,675000.0,high
14236,2909300150,2014-07-14,4,5505,675000.0,high
4436,1796100015,2015-04-23,4,100835,675000.0,high
17082,1524059027,2014-05-06,2,36478,675000.0,high
19257,6790200110,2015-01-02,5,12906,675000.0,high
10952,5332200320,2014-07-14,2,5000,675000.0,high
8960,2481600110,2014-05-25,3,28000,675000.0,high
6188,3904902500,2014-12-19,4,14071,675000.0,high
20191,7853350170,2014-05-16,5,6455,675000.0,high
12347,4036400030,2015-03-05,4,9858,675000.0,high
3348,5437400100,2015-03-31,4,9679,675000.0,high
5203,7649400170,2014-12-05,3,2833,675000.0,high
15264,425059024,2015-01-29,5,21000,675000.0,high
791,7504101230,2014-06-23,4,11120,675000.0,high
6381,7853221330,2014-12-03,4,6000,675000.0,high
2702,7555220140,2014-09-16,4,8937,675000.0,high
1084,6114600030,2014-05-20,4,28300,675000.0,high
6049,3276930380,2014-05-23,4,36601,675000.0,high
19706,1806900499,2014-07-21,3,1330,675000.0,high
18918,8563000300,2014-09-15,4,8715,675000.0,high
19556,6338000493,2014-09-12,4,3200,675000.0,high
4765,4151800470,2014-08-20,3,5973,675000.0,high
18867,8813400165,2014-08-19,4,5188,675000.0,high
9793,9510971070,2014-08-12,3,4134,675000.0,high
18563,7504000230,2014-12-05,4,12100,675000.0,high
2903,5700002460,2014-07-25,3,4954,675000.0,high
20436,1424069110,2014-07-18,4,6114,675000.0,high
19222,7277100395,2015-02-25,4,3600,675000.0,high
6283,1036000280,2015-02-17,4,7475,675000.0,high
13213,7465900205,2014-10-24,4,5000,675000.0,high
5727,4077800094,2015-02-02,4,7230,675000.0,high
16372,8155850010,2014-05-07,4,18804,675000.0,high
16622,930000470,2014-05-27,3,7680,675000.0,high
6262,6003001760,2014-09-24,3,3600,675000.0,high
8242,4376700330,2014-08-01,4,9225,675000.0,high
9101,7129301001,2014-12-09,4,6780,675000.0,high
15051,290000095,2014-06-17,6,6360,675000.0,high
16479,1245500725,2014-10-30,3,13869,675000.0,high
134,2767602356,2015-01-26,4,2278,675000.0,high
20128,3528900768,2015-01-14,3,2064,675000.0,high
6590,324000280,2015-04-13,3,4000,675000.0,high
11922,2591720160,2015-05-01,3,92347,674950.0,high
20815,710600070,2014-09-12,4,3127,674950.0,high
2369,2553300140,2014-11-03,4,9753,674750.0,high
7237,3904921100,2015-05-12,4,10160,674725.0,high
20794,5541300135,2014-07-08,4,5140,674600.0,high
2459,1137300340,2014-11-21,4,35000,674250.0,high
11920,3999200310,2014-09-17,4,11560,674000.0,high
20662,9510860560,2014-07-25,3,3624,674000.0,high
11187,3448002180,2015-01-16,3,6744,674000.0,high
8489,8815400165,2015-03-03,5,5000,674000.0,high
4491,7202331500,2014-08-29,5,8561,673200.0,high
20377,3528960020,2014-07-08,3,3496,673000.0,high
19722,9161100075,2015-03-18,4,2875,673000.0,high
366,6116500075,2015-03-26,4,10400,673000.0,high
174,1687900520,2014-09-29,4,8190,673000.0,high
9931,629811600,2014-07-24,4,10533,672800.0,high
18492,8010100040,2014-08-01,3,5750,672600.0,high
4934,5547700190,2015-03-30,3,5760,672500.0,high
1458,6021501920,2014-06-27,3,5300,672500.0,high
11894,2998300060,2014-08-06,2,5940,672500.0,high
19779,7853270200,2014-10-21,4,6651,672500.0,high
5650,3066400130,2015-04-15,4,11108,672500.0,high
16293,5037300130,2015-05-04,3,5750,672500.0,high
15720,2782100280,2014-05-29,4,6707,672500.0,high
3424,3179101050,2014-08-04,2,5795,672324.0,high
6223,5445300050,2015-04-08,3,4445,672000.0,high
1368,3905000340,2014-07-24,4,10049,672000.0,high
3741,203100625,2014-05-29,3,21587,672000.0,high
12965,8146100610,2014-12-01,3,8573,672000.0,high
20323,8129700743,2015-04-16,3,1647,672000.0,high
11295,2141330560,2014-07-25,4,8410,671500.0,high
567,2436701180,2014-08-14,5,4000,671500.0,high
21253,1972201511,2015-02-10,3,1714,671500.0,high
6070,7202340010,2015-02-24,4,5232,671300.0,high
14925,2770602360,2015-04-21,4,1475,671000.0,high
12592,430000035,2014-07-05,4,5700,671000.0,high
2148,2767603210,2014-12-10,3,2375,670950.0,high
17039,4423100095,2014-05-23,4,6750,670500.0,high
11820,475001000,2015-04-06,3,3400,670000.0,high
17373,7979900430,2014-12-03,3,13805,670000.0,high
4475,3629970930,2014-11-11,3,3730,670000.0,high
10152,9834200390,2015-05-12,3,4080,670000.0,high
9203,4086300065,2014-07-18,3,2147,670000.0,high
6081,9510910250,2015-01-20,4,4569,670000.0,high
13175,714000155,2014-12-22,3,6195,670000.0,high
16345,7802900224,2014-07-07,5,68519,670000.0,high
6359,1245001763,2015-03-03,4,7291,670000.0,high
3152,5561401220,2014-07-07,6,36171,670000.0,high
15834,4039700080,2015-03-17,4,9310,670000.0,high
2226,1449000270,2014-08-06,4,13530,670000.0,high
6304,9822700255,2014-05-05,3,2000,670000.0,high
14790,2423020180,2015-05-07,4,7031,670000.0,high
20492,1972201773,2015-03-13,2,761,670000.0,high
21062,9476010120,2015-03-21,5,5155,670000.0,high
18746,1830300090,2015-04-01,5,13001,670000.0,high
14118,2366400150,2015-04-29,5,39000,670000.0,high
12617,976000790,2014-10-20,3,4763,670000.0,high
21529,2487200490,2014-06-23,3,5300,670000.0,high
6269,9831200221,2014-07-10,3,1438,670000.0,high
13842,686300880,2015-04-27,3,10078,670000.0,high
6177,8651610680,2014-08-01,4,9086,670000.0,high
5066,923000414,2015-04-19,3,8160,670000.0,high
7425,6388910280,2015-04-29,4,25993,670000.0,high
4679,9839301055,2014-06-26,3,4400,670000.0,high
4700,1189000245,2015-03-31,4,4200,670000.0,high
2664,2402100055,2014-07-16,4,5000,670000.0,high
9832,1245002445,2014-07-14,2,7500,670000.0,high
12381,5135000160,2014-06-12,3,6420,670000.0,high
13708,7555220150,2014-12-17,4,9636,670000.0,high
12721,6619900120,2014-12-08,5,9600,670000.0,high
7661,4322500110,2015-03-03,3,5760,670000.0,high
12371,5315100393,2014-12-11,3,16868,670000.0,high
21457,3629700120,2014-10-14,3,1944,669950.0,high
493,3760000030,2014-10-30,5,14062,669950.0,high
5194,7504110050,2014-06-26,4,11877,669950.0,high
12620,7135521530,2014-10-28,4,7591,669888.0,high
3002,546000930,2014-06-30,4,4046,669500.0,high
9725,1774200060,2014-06-17,4,35362,669000.0,high
17300,9828700235,2015-04-01,3,4500,669000.0,high
21309,6056110460,2015-04-14,2,1953,669000.0,high
19602,7203150330,2014-07-17,4,4945,669000.0,high
2786,7631200292,2014-06-26,2,10766,669000.0,high
12302,7278700069,2014-05-21,4,6420,668750.0,high
4671,8635750090,2014-06-02,4,5500,668500.0,high
5659,9346930250,2014-09-26,4,9546,668500.0,high
1869,5561400260,2014-07-21,5,42436,668000.0,high
6258,5406500480,2014-07-21,4,4410,668000.0,high
14430,3856904655,2015-03-29,4,4080,667750.0,high
15244,3142600130,2014-06-17,3,3800,667500.0,high
14896,7214400095,2014-10-27,3,4841,667500.0,high
13176,686800065,2014-11-19,3,20423,667500.0,high
1610,324000350,2015-04-15,4,4000,667500.0,high
16440,1126059022,2014-07-22,4,40312,667400.0,high
20097,5693500846,2015-04-20,3,1921,667000.0,high
16995,720079001,2014-06-26,3,478288,667000.0,high
21353,8732900840,2014-07-22,3,3819,667000.0,high
12155,7923100400,2015-01-30,5,10360,667000.0,high
27,3303700376,2014-12-01,3,1581,667000.0,high
14147,7174800760,2014-07-25,5,5470,667000.0,high
13313,4443800555,2014-07-16,3,3880,667000.0,high
9036,3339400515,2015-01-13,3,31215,667000.0,high
7039,6908200080,2014-06-16,3,8100,667000.0,high
13095,1231000458,2014-07-20,4,7400,666570.0,high
16324,8961980290,2014-09-04,4,6600,666500.0,high
4741,9508850100,2014-11-03,3,31510,666000.0,high
14618,7694800180,2015-02-05,3,2868,666000.0,high
11383,5700000465,2014-09-04,3,5000,666000.0,high
4194,254000100,2014-06-20,4,5453,665900.0,high
9067,3622069122,2014-09-03,4,47480,665000.0,high
8627,1024049006,2015-01-14,3,5040,665000.0,high
9476,222069057,2015-03-30,3,95832,665000.0,high
17553,7135521680,2014-05-22,4,17388,665000.0,high
11024,1822039225,2014-07-25,3,54450,665000.0,high
5794,8032700010,2014-07-16,3,3000,665000.0,high
10034,3423600060,2014-12-02,4,3680,665000.0,high
18969,8682281510,2015-01-28,2,6984,665000.0,high
7445,1592000680,2014-05-28,3,10370,665000.0,high
9282,2780400035,2014-05-05,4,5900,665000.0,high
2315,7640400070,2014-09-15,4,8100,665000.0,high
6971,3401700185,2014-07-28,4,52567,665000.0,high
11657,2195700270,2014-06-27,3,35000,665000.0,high
15491,2050100250,2014-09-03,3,15536,665000.0,high
140,4232901525,2014-06-27,2,3200,665000.0,high
10052,9345400350,2014-07-18,2,5000,665000.0,high
9434,1223089038,2014-07-11,5,60984,665000.0,high
9903,1797501275,2015-05-07,5,4000,665000.0,high
19095,871000155,2014-12-11,3,5102,665000.0,high
17743,7214790110,2014-06-13,4,43091,665000.0,high
13880,1982200330,2014-05-13,3,5820,665000.0,high
5423,7955040080,2014-11-04,5,8000,665000.0,high
18536,6430000945,2014-12-04,2,4590,665000.0,high
18656,6918720100,2015-01-30,6,9720,665000.0,high
2225,1778350270,2014-09-15,3,10047,665000.0,high
8187,7436000205,2014-09-19,3,24550,665000.0,high
20307,7234601142,2014-08-08,3,929,665000.0,high
2158,4193500140,2014-09-11,3,8000,665000.0,high
20179,4027700014,2015-02-25,3,14155,665000.0,high
16615,7419700010,2014-07-07,5,17788,665000.0,high
2780,6385260160,2015-03-09,4,15411,665000.0,high
10950,5700002025,2015-02-18,3,6000,665000.0,high
11047,4039100350,2015-04-23,4,5300,665000.0,high
3961,9828202215,2014-09-05,4,4400,665000.0,high
5434,3723800086,2014-06-24,6,8346,665000.0,high
14287,2436700540,2014-10-01,3,2960,665000.0,high
16758,2878600655,2014-07-18,3,2640,665000.0,high
3454,1023089140,2015-01-06,3,41275,665000.0,high
309,3204800200,2015-01-08,4,10574,665000.0,high
2366,1702901180,2014-06-11,6,4400,665000.0,high
13486,6705870040,2014-10-15,4,7582,665000.0,high
6314,3066400080,2014-06-02,4,10000,665000.0,high
16089,6154900005,2014-09-24,4,7102,665000.0,high
19071,643300180,2014-05-23,3,9550,665000.0,high
19870,710600160,2014-09-09,4,3474,665000.0,high
17507,305010050,2014-12-31,4,5936,665000.0,high
9157,6072760360,2015-03-21,4,8149,665000.0,high
20469,2902201301,2014-12-16,2,900,664950.0,high
21059,4058800439,2014-06-23,5,7081,664950.0,high
17079,7446500010,2015-05-07,4,9210,664500.0,high
13371,925059219,2014-10-23,4,16200,664000.0,high
672,6067910030,2015-03-16,4,11880,664000.0,high
14148,8635750330,2014-09-25,4,8432,664000.0,high
16269,5297200089,2015-04-15,2,5785,664000.0,high
846,8818900060,2014-11-25,4,4080,664000.0,high
7932,2525059172,2014-11-25,6,12196,664000.0,high
7414,7214400005,2015-03-13,2,5200,663500.0,high
5935,5215200010,2014-06-26,3,37843,663000.0,high
12897,6795100589,2014-10-10,3,59677,663000.0,high
19604,7518504130,2014-06-26,3,3876,663000.0,high
11303,6127010890,2015-04-27,4,6246,663000.0,high
21177,3630130130,2014-11-12,3,5125,663000.0,high
1665,6372000060,2014-05-23,3,3600,662990.0,high
2704,5583200810,2015-04-02,2,6900,662700.0,high
10,1736800520,2015-04-03,3,9796,662500.0,high
14152,510000641,2015-01-30,3,4200,662500.0,high
833,4037200075,2014-09-11,6,25600,662500.0,high
529,339500160,2014-10-08,3,36947,662000.0,high
10339,5490210320,2014-06-27,5,7200,661500.0,high
12413,6087100070,2014-05-23,4,6250,661254.0,high
4120,952004875,2014-06-02,4,4600,661000.0,high
14053,3764500230,2014-08-21,3,4418,661000.0,high
13688,3271301175,2014-08-15,2,5800,661000.0,high
2536,1471590060,2014-06-19,4,8058,661000.0,high
12065,1036400200,2015-02-13,4,13125,661000.0,high
19212,3401700031,2014-08-22,2,46173,661000.0,high
20473,9268850940,2014-12-23,4,2074,661000.0,high
9550,7202470100,2014-12-10,3,8196,661000.0,high
18163,5700000600,2014-07-02,5,5500,660500.0,high
131,9545240070,2015-04-28,4,9603,660500.0,high
15105,1710400007,2014-12-11,3,2150,660000.0,high
19184,7504020970,2015-04-21,4,13653,660000.0,high
120,7278700070,2015-01-02,3,6474,660000.0,high
5457,3630120190,2015-03-26,3,3995,660000.0,high
4094,424069233,2014-05-31,3,40910,660000.0,high
897,4298100240,2014-08-05,3,28243,660000.0,high
15706,1235700073,2015-03-18,3,12615,660000.0,high
10160,809002675,2015-04-13,3,6000,660000.0,high
2495,5160300030,2015-04-01,4,10450,660000.0,high
10554,2877104316,2014-12-01,4,4500,660000.0,high
16028,3797000290,2014-06-12,3,2970,660000.0,high
12400,6446200060,2015-04-01,3,35640,660000.0,high
15432,9346960050,2014-11-07,4,9120,660000.0,high
20784,7203110240,2014-05-22,3,4332,660000.0,high
20148,726059483,2014-11-21,5,5175,660000.0,high
3274,3359500110,2014-06-24,2,6000,660000.0,high
4779,3575305495,2015-04-13,5,14913,660000.0,high
4396,7518506595,2014-08-26,3,5100,660000.0,high
19741,5695000270,2014-11-03,3,1680,660000.0,high
18161,2719100355,2014-11-04,3,6150,660000.0,high
10998,2481600030,2014-07-01,3,28500,660000.0,high
19254,8812401450,2014-12-29,10,3745,660000.0,high
1113,3904940200,2014-06-20,4,9273,660000.0,high
9251,9541600015,2015-02-11,4,15375,660000.0,high
3179,4083801785,2015-03-13,2,5000,660000.0,high
14282,7504010760,2015-02-12,3,11900,660000.0,high
16037,7640400190,2015-02-13,3,8141,660000.0,high
20176,8129700728,2015-04-14,3,1729,660000.0,high
3084,3797002585,2014-07-09,3,3500,660000.0,high
16657,9274202885,2014-05-08,3,5750,660000.0,high
16248,7922900460,2014-12-05,3,9032,660000.0,high
2867,7504030090,2014-06-01,4,9900,660000.0,high
9113,1952200220,2014-06-03,3,2798,660000.0,high
7782,9367200205,2015-03-24,2,8195,660000.0,high
20775,7853400260,2014-05-13,4,5196,660000.0,high
4358,4151800375,2014-12-04,2,6263,660000.0,high
5696,7691800020,2014-07-09,4,4543,660000.0,high
14815,326049060,2014-09-09,3,11250,660000.0,high
19366,4178600040,2015-04-07,3,15669,660000.0,high
7161,1036450170,2015-03-12,3,3785,660000.0,high
17101,6073200010,2014-06-26,3,9622,660000.0,high
11139,7942602080,2014-06-16,6,2774,660000.0,high
18384,4046710180,2015-03-25,3,37982,660000.0,high
11450,7203100550,2014-06-25,3,4000,660000.0,high
9299,2723069146,2015-04-24,4,186436,660000.0,high
14346,1868901120,2014-06-06,3,3300,660000.0,high
3678,1868901295,2014-07-29,5,3750,660000.0,high
12562,1562000120,2014-05-12,4,10000,660000.0,high
18207,510003085,2014-06-23,3,2850,660000.0,high
2280,7234601544,2014-08-25,3,1825,660000.0,high
8257,579002600,2014-10-01,3,5200,660000.0,high
12494,9276202160,2014-11-26,3,5750,660000.0,high
20349,7502800050,2014-07-09,4,9400,659950.0,high
20430,3034200087,2014-12-12,5,7357,659950.0,high
21147,5631500285,2014-11-21,3,9413,659950.0,high
4350,2770604079,2014-10-29,3,1246,659950.0,high
19844,7502800030,2014-07-16,4,9400,659950.0,high
3015,4035900015,2014-06-19,4,18362,659500.0,high
7256,7974700122,2014-06-10,3,5500,659500.0,high
3693,5021900265,2014-07-02,4,10800,659000.0,high
20086,2768100512,2015-04-22,2,1213,659000.0,high
20209,2902201300,2014-12-29,2,904,659000.0,high
1238,1630700135,2014-11-19,4,23625,659000.0,high
7830,2568300266,2014-05-30,4,11375,659000.0,high
21325,2826079027,2014-11-12,3,384634,659000.0,high
8794,1189000025,2014-09-05,3,5040,659000.0,high
7927,924059233,2014-12-08,4,9329,659000.0,high
829,7300200550,2015-03-19,4,24931,659000.0,high
6659,305000170,2014-06-10,3,6320,659000.0,high
3245,7518500855,2015-05-04,4,4690,658600.0,high
1403,7880000060,2014-06-04,3,41346,658588.0,high
17383,2402100715,2014-07-26,2,5101,658500.0,high
13197,6681500205,2015-05-04,4,5000,658500.0,high
16466,3905090130,2014-07-17,4,8509,658100.0,high
7762,809002390,2015-01-15,3,3190,658000.0,high
15371,7936500221,2015-01-14,2,14244,658000.0,high
5255,1245003375,2015-04-08,3,12005,658000.0,high
18322,7853310590,2014-05-29,4,6166,658000.0,high
5271,7504060020,2015-01-22,4,10370,657500.0,high
1534,4444800045,2015-04-20,4,7560,657500.0,high
5503,4151800420,2014-08-15,3,6002,657500.0,high
6828,9822700285,2014-09-18,4,5000,657500.0,high
9660,1939120450,2014-05-22,3,10496,657500.0,high
6087,7971300050,2014-07-10,3,10960,657500.0,high
14128,2025760210,2014-06-11,4,24190,657500.0,high
10208,4083300510,2014-05-05,4,4240,657100.0,high
20355,7230200585,2015-02-04,3,23786,657044.0,high
14590,6388930620,2014-07-10,4,25038,657000.0,high
15449,1041500020,2014-09-08,4,35380,657000.0,high
19701,2767601872,2015-01-19,2,1281,657000.0,high
5798,7519000471,2014-06-25,4,3375,657000.0,high
9262,8835400805,2014-05-22,4,8520,657000.0,high
6705,4038700380,2014-08-26,5,10190,657000.0,high
15736,8824900050,2014-06-12,4,4750,656500.0,high
2646,3176600055,2014-07-17,3,7475,656000.0,high
5079,6873000190,2015-03-11,2,1763,656000.0,high
10880,4240400140,2014-08-20,4,4300,656000.0,high
2951,7923500090,2014-10-20,4,15800,655500.0,high
15947,226039075,2014-05-06,4,8330,655500.0,high
15399,5603700095,2014-06-10,3,11856,655275.0,high
8165,1797500530,2015-05-05,1,4160,655100.0,high
19123,3764500090,2014-05-21,4,13402,655000.0,high
1857,7856700990,2014-09-24,4,9163,655000.0,high
7207,2826079145,2014-08-14,5,46786,655000.0,high
14249,9839300775,2014-07-10,4,4080,655000.0,high
10713,7214711260,2014-10-01,4,34238,655000.0,high
5210,3886901795,2015-04-22,6,6600,655000.0,high
9616,1687910100,2014-05-30,4,8470,655000.0,high
16913,1592000050,2014-09-05,4,9517,655000.0,high
1590,4221270340,2015-03-27,3,4721,655000.0,high
15827,1656600280,2014-10-02,4,24466,655000.0,high
18373,2193320450,2015-02-13,4,8022,655000.0,high
17141,582000185,2014-08-21,3,5520,655000.0,high
1193,7011201245,2014-11-07,3,3600,655000.0,high
13664,6388920410,2015-04-23,3,7916,655000.0,high
16058,5135000170,2014-08-06,4,7620,655000.0,high
14775,1726069060,2015-04-09,4,46609,655000.0,high
12264,7853240310,2015-03-18,4,11306,655000.0,high
9993,1854900240,2014-05-28,4,5669,655000.0,high
19791,976000903,2015-03-19,2,1851,655000.0,high
2404,293910030,2014-10-08,4,4412,655000.0,high
10452,8827900560,2014-10-31,3,4480,655000.0,high
18324,5611500100,2014-05-22,4,12394,655000.0,high
6907,871001365,2015-02-19,3,5102,655000.0,high
19142,130000175,2014-08-06,4,8197,655000.0,high
12055,8563050350,2015-03-06,4,7725,655000.0,high
667,3300701615,2014-09-30,4,4000,655000.0,high
2133,5249804510,2014-07-16,3,4800,655000.0,high
19273,9164100035,2015-04-29,1,5422,655000.0,high
230,8096000060,2015-04-13,2,15798,655000.0,high
9983,3528900160,2014-10-01,3,5250,655000.0,high
11902,3622069114,2014-09-09,4,33106,655000.0,high
8763,8562970040,2014-05-16,5,12353,655000.0,high
10204,3530200160,2014-06-03,4,45902,654950.0,high
13599,1279300085,2015-03-18,4,5000,654500.0,high
10457,6646200710,2015-04-09,3,8582,654300.0,high
7286,8127700440,2014-12-11,3,5500,654000.0,high
5419,5101404144,2014-07-24,4,7540,654000.0,high
19233,8563001130,2014-08-28,5,8968,654000.0,high
4202,3424089119,2015-05-01,3,60840,654000.0,high
21165,8562790480,2014-10-06,3,2873,654000.0,high
20693,8080400136,2014-06-20,3,1565,654000.0,high
10828,293910070,2014-07-23,4,4166,653750.0,high
14413,7524950730,2015-03-27,4,7229,653675.0,high
20586,2902200016,2014-11-12,2,1240,653500.0,high
7863,224069010,2014-07-25,3,49658,653450.0,high
8899,3447000090,2015-04-28,3,17300,653000.0,high
5820,4127000095,2014-10-29,3,8429,653000.0,high
4929,9830200380,2014-09-17,3,5067,653000.0,high
10666,8079100640,2014-12-01,4,7000,653000.0,high
14698,441000065,2015-05-05,2,5141,653000.0,high
6474,3630120480,2014-06-02,3,3475,653000.0,high
16417,9238430660,2015-03-26,3,57745,653000.0,high
168,3261020370,2014-06-05,3,9750,653000.0,high
20411,7202280580,2015-01-06,4,5137,653000.0,high
15982,1015000050,2015-01-06,4,5900,652600.0,high
10060,1939000030,2014-06-27,4,38677,652500.0,high
8392,3905010100,2014-06-15,4,9122,652500.0,high
4643,9310300215,2015-05-06,4,18253,652500.0,high
4638,1023079147,2014-08-20,4,130244,652500.0,high
5873,6072760670,2014-12-03,3,11835,652450.0,high
3549,7504400750,2015-01-05,4,13129,652427.0,high
1477,1703050520,2015-04-14,3,5017,652100.0,high
10615,1313000710,2014-10-03,3,9600,652000.0,high
5812,2769602880,2014-10-02,3,5000,652000.0,high
13469,871001085,2015-01-29,3,6122,652000.0,high
1469,2856102336,2015-03-25,3,4080,652000.0,high
11350,6430500238,2014-12-16,4,3075,651500.0,high
5878,1703050420,2015-03-30,4,5526,651100.0,high
1207,194000505,2014-09-04,3,6440,651000.0,high
18570,7234601541,2014-07-28,3,1834,651000.0,high
1390,8078460550,2014-05-13,4,7140,651000.0,high
9155,721069087,2014-05-07,3,108366,651000.0,high
16533,9550204450,2014-12-19,3,4400,651000.0,high
20223,7853380480,2014-05-29,3,6050,650880.0,high
4821,9839301060,2015-04-06,3,4400,650500.0,high
17471,2205700470,2015-01-22,5,11412,650500.0,high
10907,381000240,2014-08-06,4,5940,650500.0,high
12390,224069105,2015-04-10,2,60872,650100.0,high
8896,2174503441,2014-07-03,3,4500,650000.0,high
6172,8084400010,2015-03-16,3,6750,650000.0,high
156,6388930390,2014-11-20,5,25245,650000.0,high
6179,9136102057,2014-09-05,4,3139,650000.0,high
11144,7732500270,2014-09-25,4,15000,650000.0,high
19944,2423069039,2014-08-06,3,51836,650000.0,high
9812,9265200060,2014-10-07,6,9100,650000.0,high
16986,3210700170,2014-12-02,4,8976,650000.0,high
8727,6635000110,2015-03-31,3,3332,650000.0,high
3744,7974700112,2014-07-14,4,6500,650000.0,high
7464,8078360080,2014-06-23,4,7351,650000.0,high
9085,3222049055,2015-01-16,3,19386,650000.0,high
3075,2926049382,2014-12-08,3,10501,650000.0,high
17248,725069102,2015-03-30,3,60112,650000.0,high
19643,6980500030,2014-12-11,4,4500,650000.0,high
10587,9573120260,2014-06-10,4,9731,650000.0,high
7368,2405500050,2014-06-06,4,9354,650000.0,high
526,7202331420,2014-06-20,4,6587,650000.0,high
19295,2450000165,2014-06-18,3,8114,650000.0,high
11065,2592200030,2014-06-18,3,9370,650000.0,high
3624,2767602141,2014-12-22,3,4290,650000.0,high
5765,2877100235,2014-12-22,5,3500,650000.0,high
6222,5016001060,2014-05-30,2,2500,650000.0,high
17465,1842390130,2014-10-24,4,19864,650000.0,high
11292,5035300570,2014-09-23,3,5000,650000.0,high
13097,7923100410,2014-10-09,4,8215,650000.0,high
500,7852170140,2015-05-10,4,5438,650000.0,high
11522,524059208,2015-02-20,4,10454,650000.0,high
9847,4400200060,2014-10-21,5,4667,650000.0,high
17514,4206901435,2015-01-22,2,4000,650000.0,high
20465,8029770410,2015-04-20,4,8530,650000.0,high
2966,3176100110,2014-05-06,3,7475,650000.0,high
18696,161000120,2014-11-18,4,4497,650000.0,high
21449,9268200484,2014-05-13,4,4861,650000.0,high
16240,7202270440,2014-10-23,4,5612,650000.0,high
6180,1266200130,2014-06-15,3,9484,650000.0,high
8288,9828200762,2014-06-28,2,2542,650000.0,high
18758,5101404482,2014-09-29,3,6380,650000.0,high
20272,3630130010,2014-07-14,3,4363,650000.0,high
611,2321300390,2014-11-05,3,3388,650000.0,high
19154,8126300410,2014-07-25,4,12000,650000.0,high
6360,7853240660,2014-08-20,3,7831,650000.0,high
3399,249000115,2014-08-28,3,8266,650000.0,high
7223,1525079069,2014-07-08,4,57499,650000.0,high
15367,5113400364,2015-01-26,4,6383,650000.0,high
17437,4154303125,2015-04-23,3,7200,650000.0,high
18800,4037000925,2015-03-27,5,13450,650000.0,high
633,8832900550,2014-09-12,3,11575,650000.0,high
1600,1531000140,2014-07-01,4,46748,650000.0,high
4057,318500300,2014-09-19,4,6240,650000.0,high
3215,868001295,2014-10-29,3,10819,650000.0,high
9239,3022079080,2014-07-15,4,222156,650000.0,high
8903,3578600201,2014-07-31,4,5576,650000.0,high
6057,7691800130,2014-08-26,3,6720,650000.0,high
8844,4178600100,2014-07-21,3,12997,650000.0,high
19576,4038600300,2014-09-02,4,15535,650000.0,high
18785,4054710090,2015-03-20,3,37042,650000.0,high
10083,2767704860,2014-07-28,3,5000,650000.0,high
20771,6762700376,2014-11-26,3,1251,650000.0,high
9242,5315100805,2014-12-18,3,10245,650000.0,high
15161,5566100170,2014-10-29,10,11914,650000.0,high
3105,7308900490,2014-07-14,3,8073,650000.0,high
573,1189000030,2014-06-03,5,5040,650000.0,high
11503,9294300070,2014-05-02,4,5000,650000.0,high
12133,3188100105,2014-11-07,4,6820,650000.0,high
405,9385200055,2014-09-12,3,2000,650000.0,high
9258,2387400120,2014-09-29,4,6005,650000.0,high
9924,5318101040,2014-07-31,2,6000,650000.0,high
15078,4083300595,2014-12-08,3,4240,650000.0,high
12458,6696800030,2014-09-23,4,10186,650000.0,high
6125,6430500233,2015-04-16,3,3075,650000.0,high
5546,1562000050,2015-04-28,5,7865,650000.0,high
16362,7852170130,2015-04-21,4,5335,650000.0,high
15406,2880100795,2014-11-05,3,3750,650000.0,high
1473,6690500320,2014-10-27,3,5992,650000.0,high
6037,2867100190,2014-06-18,5,4500,650000.0,high
4727,6646200090,2014-08-19,4,15704,650000.0,high
784,686500030,2014-12-02,6,10003,650000.0,high
2383,2126059234,2014-09-24,5,10018,650000.0,high
12244,5418200340,2014-10-13,4,9450,650000.0,high
10449,5244800125,2014-08-05,3,2310,650000.0,high
11666,3526039074,2014-06-25,4,16532,650000.0,high
6943,1377300020,2015-02-19,3,8448,650000.0,high
13719,7811100230,2014-07-24,4,15810,650000.0,high
18404,2324079057,2015-03-02,3,257875,650000.0,high
20956,4188300180,2014-11-12,3,7288,650000.0,high
20994,1972201772,2015-04-09,2,690,650000.0,high
15,9297300055,2015-01-24,4,5000,650000.0,high
12773,6979900330,2015-03-25,4,28298,650000.0,high
17099,2919201365,2014-06-16,4,4160,650000.0,high
4945,7923300285,2015-03-12,4,9320,650000.0,high
4629,4151800195,2015-03-30,3,4840,650000.0,high
8086,2087700115,2014-11-03,2,4450,650000.0,high
6688,1868901190,2014-08-07,4,2500,650000.0,high
2507,3629910370,2015-04-10,3,3600,650000.0,high
20073,9528101214,2014-10-24,3,1262,650000.0,high
4681,1189000645,2014-10-22,4,3976,650000.0,high
960,7578200310,2014-11-12,4,5000,650000.0,high
9563,3023039231,2014-07-14,1,91476,650000.0,high
12276,644000102,2015-04-13,3,10227,650000.0,high
5144,3619600143,2014-05-05,3,9000,650000.0,high
15789,4045900020,2015-04-13,2,136778,650000.0,high
746,9277200111,2014-07-14,4,5070,650000.0,high
11388,4221270350,2015-03-23,3,5284,650000.0,high
2036,513000550,2014-09-22,3,5980,650000.0,high
60,1516000055,2014-12-10,3,21235,650000.0,high
7818,1153000040,2015-04-29,4,9934,650000.0,high
16088,4310703070,2015-04-13,6,5000,650000.0,high
5192,224069145,2015-04-01,3,54450,650000.0,high
8159,9201000120,2015-04-22,3,9927,650000.0,high
20059,8032700110,2015-04-09,3,2159,650000.0,high
11873,1088810160,2014-12-24,5,10120,650000.0,high
800,4083305445,2014-08-15,3,2720,650000.0,high
4803,871001735,2014-09-11,4,5120,650000.0,high
14955,7300200290,2014-05-06,5,36615,650000.0,high
4993,9274203190,2014-06-11,2,5750,650000.0,high
4537,7280300042,2015-04-01,4,7220,650000.0,high
8709,7504010750,2014-09-24,4,11900,649990.0,high
4111,522079067,2015-04-08,3,387684,649950.0,high
19490,926069009,2014-06-09,4,63162,649950.0,high
6946,7997200130,2015-01-28,3,7500,649950.0,high
9721,2568300045,2015-03-19,6,8240,649950.0,high
10032,2997800075,2014-09-29,3,1350,649950.0,high
8470,2141340040,2014-09-11,3,15304,649950.0,high
19999,3566800485,2015-02-23,4,3012,649950.0,high
4306,2770604365,2014-06-23,3,1375,649950.0,high
21493,1980200236,2015-04-17,3,6847,649950.0,high
16874,3888100022,2014-09-25,4,9827,649800.0,high
15334,322069180,2014-11-20,3,383328,649500.0,high
21468,3224059107,2015-05-08,4,6599,649500.0,high
13052,318300040,2014-09-23,5,13087,649000.0,high
2730,9170500060,2014-08-18,4,11040,649000.0,high
20245,8150600250,2014-12-17,4,4847,649000.0,high
9917,425049036,2015-03-09,2,4840,649000.0,high
13966,6102400166,2014-09-05,3,17006,649000.0,high
21098,1806900502,2014-10-14,3,936,649000.0,high
19863,2768100510,2015-04-02,3,1442,649000.0,high
7044,8886000005,2015-03-09,2,23962,649000.0,high
10213,2553300270,2014-11-05,4,12764,649000.0,high
2557,5152920070,2014-07-31,3,13809,649000.0,high
20264,3590000050,2014-09-23,4,9711,649000.0,high
12460,2025079045,2014-06-23,2,280962,649000.0,high
17411,5459000305,2015-04-08,3,9953,648752.0,high
5209,3528900980,2014-05-23,4,5700,648475.0,high
18505,1245001295,2014-05-22,4,7005,648360.0,high
975,1703050200,2014-08-06,4,5450,648000.0,high
6975,1687900170,2015-03-25,4,8240,648000.0,high
12584,6072100790,2015-04-08,5,12000,648000.0,high
11720,6071400710,2015-04-29,3,10229,648000.0,high
14846,4036400040,2015-02-09,5,10772,648000.0,high
1053,2553300030,2014-06-09,4,13435,648000.0,high
5762,3904920980,2014-09-09,4,9959,648000.0,high
20032,7853350090,2014-06-04,4,6203,648000.0,high
1336,1250202255,2014-06-05,3,3870,647500.0,high
6435,8832900780,2015-04-08,5,21562,647500.0,high
6735,1200019,2014-05-08,4,26036,647500.0,high
7058,8961970190,2014-05-12,4,6887,647000.0,high
11451,2782100260,2015-03-03,4,5800,647000.0,high
21188,3629700020,2015-04-15,3,1407,646800.0,high
16241,3501600114,2014-06-19,4,4079,646000.0,high
2555,1472330030,2015-03-24,3,6413,646000.0,high
10441,9346920260,2014-06-04,4,8500,646000.0,high
4695,4242900215,2014-06-18,5,4461,646000.0,high
10388,1150000340,2014-11-18,4,9638,645500.0,high
17519,7518502210,2014-05-30,2,5202,645500.0,high
18596,7852110740,2014-11-12,4,8622,645500.0,high
17885,9138100261,2014-10-29,4,4000,645000.0,high
10522,1088020070,2014-12-16,4,8720,645000.0,high
18114,8077210230,2014-12-12,4,8955,645000.0,high
16674,623039026,2014-11-25,2,11884,645000.0,high
992,1455600030,2015-01-08,4,11583,645000.0,high
6800,624100010,2014-12-08,3,19900,645000.0,high
915,103000116,2014-07-22,3,5500,645000.0,high
10634,9521100465,2014-10-13,2,5000,645000.0,high
2649,3276930370,2014-07-08,4,37522,645000.0,high
1239,5166700055,2015-05-04,4,6350,645000.0,high
19761,889000024,2015-03-16,3,1023,645000.0,high
21579,7011201004,2014-05-29,3,1229,645000.0,high
2766,1919800260,2014-07-16,3,6750,645000.0,high
16996,3975400185,2015-05-13,3,4218,645000.0,high
9916,8563070030,2014-05-13,3,13750,645000.0,high
6422,5406500170,2014-10-24,4,4200,645000.0,high
4001,8941800100,2015-04-27,3,11000,645000.0,high
15218,2787250190,2014-07-17,4,14000,645000.0,high
9467,3735901080,2015-03-24,3,4182,645000.0,high
9488,3296000110,2014-06-02,4,14400,645000.0,high
20181,7853400250,2015-02-19,4,5260,645000.0,high
8611,6398000191,2014-08-27,2,115670,645000.0,high
14145,868000530,2014-07-02,3,11472,645000.0,high
3860,3447000100,2015-04-22,4,10696,645000.0,high
18706,8121100395,2015-03-11,4,6180,645000.0,high
15422,3629980920,2014-07-15,4,3917,645000.0,high
14481,921049141,2014-12-01,3,79279,645000.0,high
12895,5561100180,2014-11-07,5,52476,645000.0,high
15693,2402100675,2015-02-10,3,6000,645000.0,high
15071,9276200635,2015-04-30,3,4255,645000.0,high
7516,822039111,2015-03-27,3,196995,645000.0,high
21280,6819100352,2015-03-10,3,1258,645000.0,high
12475,8651520160,2014-07-07,4,18653,645000.0,high
14312,5458800330,2014-09-04,4,7350,645000.0,high
19711,9268851670,2015-04-24,3,1984,645000.0,high
16954,1703050500,2015-03-21,3,5978,645000.0,high
7628,3359500096,2014-08-20,3,4000,645000.0,high
16280,7504110780,2014-05-16,4,11380,645000.0,high
9509,824069188,2014-09-02,4,18295,645000.0,high
7720,8894000040,2014-06-25,3,16960,645000.0,high
13029,1854900410,2014-11-01,4,5342,644500.0,high
20882,2738640040,2015-04-09,4,4839,644000.0,high
20798,952005863,2015-05-05,3,2122,643950.0,high
4598,9297300740,2014-11-18,6,3960,643500.0,high
16745,868000415,2014-09-05,3,7104,643500.0,high
9668,4039700090,2014-09-23,3,9648,643403.0,high
12356,4172100240,2014-09-02,3,3744,643002.0,high
1356,3904940070,2015-02-27,4,8391,643000.0,high
5069,4221250010,2015-04-14,4,4663,643000.0,high
2101,686200510,2014-11-22,3,7700,643000.0,high
5081,326069132,2015-02-20,3,214315,643000.0,high
12727,9520900230,2014-12-17,4,6398,642860.0,high
870,1250700060,2015-04-22,3,4160,642450.0,high
15769,6819100380,2014-08-30,3,4480,642000.0,high
17875,2887703155,2015-02-25,6,4305,642000.0,high
9583,7504100110,2014-05-30,3,10082,642000.0,high
17167,3905090080,2014-05-30,4,8780,642000.0,high
16381,6329000050,2015-03-10,1,9084,641500.0,high
3347,464000600,2014-08-27,3,2550,641250.0,high
5859,4348800080,2014-07-11,3,9123,641200.0,high
6841,3449800290,2015-04-06,5,8674,641000.0,high
442,3179100435,2014-07-15,2,5332,641000.0,high
9688,7559600200,2014-10-21,4,6015,641000.0,high
21318,7853360470,2015-04-17,5,6403,641000.0,high
4631,203600590,2014-06-27,4,63118,641000.0,high
20766,2309000060,2014-08-18,4,4104,641000.0,high
3685,3861400061,2015-02-13,3,9603,641000.0,high
13264,2028700360,2014-05-23,3,3975,641000.0,high
15295,3013300980,2015-05-06,3,4505,640500.0,high
18833,8901000835,2015-02-11,2,6750,640500.0,high
18012,8624700015,2014-11-12,4,5763,640000.0,high
8426,2749600245,2014-06-17,3,4800,640000.0,high
5767,9238430190,2015-04-28,4,31850,640000.0,high
990,4100000140,2014-10-13,4,9828,640000.0,high
6219,2421059090,2015-05-11,4,215186,640000.0,high
15725,5693501100,2014-07-31,3,1466,640000.0,high
12248,1546600125,2014-07-03,3,10115,640000.0,high
20643,7853390260,2015-02-05,4,5741,640000.0,high
15617,3026079005,2014-10-17,6,228690,640000.0,high
37,2768000400,2014-12-30,4,6000,640000.0,high
10429,1150000200,2015-04-14,3,8244,640000.0,high
6716,9547200460,2014-08-20,3,4080,640000.0,high
20885,6003500749,2014-07-01,2,965,640000.0,high
18926,8820901792,2014-07-11,4,7274,640000.0,high
18701,5652601140,2014-10-14,4,7379,640000.0,high
14634,431500155,2014-10-24,5,6565,640000.0,high
586,7942601895,2014-08-19,3,4000,640000.0,high
333,9550201550,2015-04-08,2,5000,640000.0,high
17093,3210700380,2014-09-16,4,11894,640000.0,high
1434,625049286,2014-08-15,3,4944,640000.0,high
20201,6003500743,2014-05-19,2,958,640000.0,high
4578,3324069058,2014-08-28,3,31798,640000.0,high
3714,6127600110,2014-05-02,4,6200,640000.0,high
9998,7370600045,2015-04-02,3,8100,640000.0,high
9929,5700002325,2014-06-05,3,4206,640000.0,high
8098,3918400123,2014-08-11,4,9973,640000.0,high
1480,11520030,2014-06-24,4,9594,640000.0,high
5496,2264500425,2014-06-20,2,4400,640000.0,high
15870,2402100895,2014-06-25,33,6000,640000.0,high
19220,3023049143,2014-10-20,4,21344,640000.0,high
17183,7559600430,2014-11-11,5,4759,640000.0,high
7654,3825310540,2014-11-21,4,5172,640000.0,high
14535,5363200180,2014-05-15,4,7798,640000.0,high
10565,8078460070,2014-06-09,3,8925,640000.0,high
18619,3856900590,2014-08-06,4,3000,640000.0,high
8775,2771603940,2015-01-09,2,5000,640000.0,high
16017,7298900010,2014-09-24,4,34981,640000.0,high
19569,9808610410,2014-08-22,4,11259,640000.0,high
16036,1939130420,2014-07-15,4,7417,640000.0,high
14075,9828702245,2015-03-16,3,1377,640000.0,high
6966,3702900185,2014-08-18,3,7500,640000.0,high
13803,1939120540,2014-07-22,3,8315,640000.0,high
17249,8562901350,2014-08-12,3,10800,640000.0,high
11243,2255500060,2015-02-18,3,1975,640000.0,high
13871,2770600841,2014-06-04,3,1553,640000.0,high
17284,7215720420,2015-03-04,4,7722,640000.0,high
1918,6151800135,2014-08-27,4,16120,640000.0,high
3132,8127700820,2014-12-11,3,4640,640000.0,high
12693,1644500450,2014-05-07,3,5175,640000.0,high
2491,8562900520,2014-06-12,5,11928,640000.0,high
3460,3204300090,2014-11-10,3,3720,640000.0,high
12585,4113800410,2014-06-03,3,11172,640000.0,high
20875,1604730150,2014-10-14,5,5700,639983.0,high
14189,6372000155,2014-08-11,2,4520,639950.0,high
14048,1523550220,2015-03-28,3,4160,639900.0,high
6145,3522049063,2015-04-02,4,75794,639900.0,high
20127,2597490660,2014-06-24,4,2772,639888.0,high
6643,1795920440,2014-06-21,4,8994,639500.0,high
7679,1036000610,2015-05-07,3,8072,639500.0,high
2995,3396200090,2014-05-20,4,12028,639000.0,high
4365,2767705010,2014-10-06,4,5000,639000.0,high
712,8077210350,2014-07-22,4,9875,639000.0,high
6184,3905010010,2014-07-18,4,8540,639000.0,high
21439,1703400910,2014-08-11,3,3300,639000.0,high
4010,5041300100,2014-07-10,4,5419,639000.0,high
5181,1891100130,2015-04-17,3,2421,639000.0,high
4471,5035300090,2014-08-12,4,6000,639000.0,high
7775,1150000740,2014-10-03,4,8034,639000.0,high
564,5307100060,2014-12-16,3,9162,638700.0,high
5441,3123049230,2015-04-20,4,12462,638500.0,high
2787,2526059046,2015-04-29,4,6568,638500.0,high
5768,1939120050,2015-03-03,4,8029,638250.0,high
17837,2923500750,2014-07-18,4,7275,638150.0,high
5384,3629920630,2015-03-25,3,5000,638000.0,high
2174,6840701125,2015-04-22,3,4400,638000.0,high
9718,9510970520,2014-06-16,3,3600,638000.0,high
14903,9828702156,2015-02-19,3,1587,638000.0,high
3221,1176000964,2015-04-22,4,4236,638000.0,high
12572,375000230,2014-06-26,3,3729,638000.0,high
21072,7853370440,2014-11-21,5,4900,637850.0,high
5776,1870400470,2014-11-13,4,4750,637800.0,high
17058,9413600010,2015-02-06,3,10685,637500.0,high
17327,3629830250,2014-12-22,4,4468,637500.0,high
3207,9510970090,2014-11-21,4,3220,637250.0,high
2999,5071400485,2014-08-07,3,6000,637000.0,high
3801,1550000463,2014-08-26,4,118918,637000.0,high
18288,9262800208,2014-09-19,4,68377,637000.0,high
5966,1795920250,2015-02-27,3,7355,637000.0,high
16701,6187500080,2014-07-16,5,7240,637000.0,high
16101,3396800280,2015-02-23,4,15000,637000.0,high
4994,293610020,2015-03-04,4,5803,637000.0,high
17932,2887700970,2015-02-09,4,2867,637000.0,high
3388,8901001335,2014-11-03,4,7510,637000.0,high
13156,7974200902,2015-05-06,4,5000,637000.0,high
21073,3448900290,2014-08-28,4,6284,636230.0,high
17004,6819100080,2014-10-01,3,6000,636100.0,high
723,7694800270,2015-04-20,3,2770,636000.0,high
11901,2652500070,2014-05-08,2,3600,636000.0,high
16598,7504000290,2014-05-22,4,13978,635700.0,high
19143,9468200175,2014-11-14,3,3600,635500.0,high
15291,6664000130,2014-10-13,3,22040,635250.0,high
11592,2028701000,2014-05-29,4,4240,635200.0,high
2852,7202331220,2014-07-21,6,5700,635000.0,high
12583,6979900360,2014-07-09,4,35430,635000.0,high
17622,2267000485,2014-12-01,3,5300,635000.0,high
6024,7853301700,2015-04-20,5,6621,635000.0,high
13577,2623029003,2014-12-16,3,167125,635000.0,high
8514,6979910120,2015-03-23,4,27972,635000.0,high
3865,7752000090,2015-01-13,4,10050,635000.0,high
9940,9186300060,2014-09-16,5,34200,635000.0,high
13210,3811000180,2015-03-05,4,46173,635000.0,high
16909,7856560480,2014-08-08,3,11000,635000.0,high
2311,9157600060,2014-09-10,4,8160,635000.0,high
15960,6388930170,2015-04-08,4,11286,635000.0,high
21225,3629700080,2015-01-08,3,1407,635000.0,high
14985,8665900168,2014-11-05,4,36360,635000.0,high
8599,4077800590,2015-02-26,4,11176,635000.0,high
11730,1254200045,2015-04-22,5,5500,635000.0,high
1670,9521100960,2015-01-16,4,4000,635000.0,high
6240,6848200221,2014-09-02,3,1349,635000.0,high
2944,1332000110,2014-07-25,4,40608,635000.0,high
5314,3210600010,2014-10-31,3,7482,635000.0,high
1980,3619600132,2014-09-15,3,6000,635000.0,high
2889,2723069147,2014-09-02,3,175982,635000.0,high
3185,8813400245,2015-02-27,3,4400,635000.0,high
15341,5700000275,2014-05-28,3,5500,635000.0,high
4941,3343901403,2014-12-16,4,8679,635000.0,high
1404,7811200310,2014-12-16,4,8910,635000.0,high
16648,2301400470,2014-09-08,3,5000,635000.0,high
6955,8691310420,2015-04-24,4,10215,635000.0,high
14498,1624049087,2014-09-17,2,8840,635000.0,high
17744,9358400150,2015-02-06,5,13232,635000.0,high
14788,7663700150,2014-08-22,4,7200,635000.0,high
5231,6979900080,2014-11-25,3,26359,635000.0,high
18442,1870400615,2015-03-09,5,4750,635000.0,high
20624,3629700030,2015-02-23,3,1407,635000.0,high
3977,2767604580,2015-02-23,3,3900,635000.0,high
20726,7853370260,2014-07-11,4,6752,635000.0,high
13005,3491300180,2015-04-27,3,6985,635000.0,high
3927,1254200615,2014-07-16,3,2978,635000.0,high
11250,6852700520,2015-04-06,2,1132,635000.0,high
7976,7202310040,2015-04-08,3,6842,635000.0,high
20366,7133300380,2015-02-09,4,4000,635000.0,high
20564,3629700090,2014-08-19,3,1407,635000.0,high
13565,11300120,2014-06-30,3,4007,635000.0,high
7921,3904960910,2014-09-17,4,7238,635000.0,high
13549,1562200040,2015-04-07,5,6000,635000.0,high
8151,5249803550,2014-06-02,3,7200,635000.0,high
20068,2883200524,2014-05-12,3,1433,635000.0,high
15132,4177100005,2015-04-03,4,7961,635000.0,high
20121,9834201145,2015-02-22,4,3091,635000.0,high
10265,224069114,2014-08-29,4,77550,635000.0,high
18533,1939130730,2014-07-17,4,8457,635000.0,high
15785,2619600010,2014-05-13,4,13320,635000.0,high
20080,3034200399,2015-01-13,4,7991,635000.0,high
20122,3575305452,2014-07-17,4,5000,635000.0,high
4121,9522350090,2014-11-06,4,7069,635000.0,high
15394,2639400020,2014-08-01,4,7560,635000.0,high
3506,8121100265,2014-05-21,4,6180,635000.0,high
11835,5499200060,2015-04-03,4,3800,635000.0,high
13457,7589200191,2014-08-07,3,2650,634950.0,high
4101,7202340930,2014-12-09,4,4904,634800.0,high
7909,7618700112,2015-02-10,3,13000,634000.0,high
3659,3629760110,2014-08-21,3,4904,634000.0,high
20016,7853420100,2014-06-23,4,6000,633634.0,high
13032,205000450,2014-05-14,4,33305,633100.0,high
14403,7987401010,2014-07-03,4,10000,633000.0,high
17707,7937900040,2014-12-19,5,30570,633000.0,high
20067,7853280490,2014-12-22,4,5817,633000.0,high
15024,6646200420,2015-01-02,4,8044,633000.0,high
412,1774220160,2014-11-04,3,32239,632925.0,high
9985,8722100030,2015-04-07,4,4800,632750.0,high
11122,7202331160,2014-06-16,5,7096,632500.0,high
3216,7853270740,2014-09-17,5,7254,632500.0,high
2067,3066400140,2014-06-20,4,10306,632500.0,high
16282,7574910420,2014-12-01,4,37258,632500.0,high
3699,2767601390,2015-03-04,4,5000,632500.0,high
16639,6137610190,2015-03-17,3,7521,632000.0,high
1195,9455200570,2014-12-17,6,8320,632000.0,high
16973,5561301150,2014-11-11,5,36558,632000.0,high
7074,8016300250,2014-08-27,5,10087,632000.0,high
8032,6021500025,2014-08-18,3,4063,631750.0,high
19968,1862400176,2014-05-05,4,6651,631625.0,high
20844,9525600030,2015-04-28,2,2493,631500.0,high
17511,513000585,2014-07-07,4,5650,631500.0,high
18754,6819100040,2014-06-24,2,2640,631500.0,high
1101,2197600451,2014-11-05,5,2400,631000.0,high
16557,3023059071,2015-02-10,4,59586,631000.0,high
7034,9828200605,2015-04-08,4,3240,631000.0,high
4154,8077100031,2015-04-22,3,1396,631000.0,high
18755,5318101185,2014-10-16,3,3600,630500.0,high
21168,1972200728,2014-11-24,3,1300,630500.0,high
17413,5212000020,2015-03-24,4,11356,630100.0,high
20926,6852700097,2014-08-06,3,1275,630000.0,high
291,6619910140,2015-02-24,4,9025,630000.0,high
1199,5561400340,2014-06-05,4,40202,630000.0,high
10421,7600125,2014-12-18,5,4800,630000.0,high
20684,5095401070,2015-04-23,3,12410,630000.0,high
8801,5742600115,2015-04-07,4,3680,630000.0,high
5177,4067600275,2014-08-26,3,13000,630000.0,high
13462,3586501085,2014-08-08,4,26720,630000.0,high
17997,205000410,2014-09-15,3,32772,630000.0,high
2018,629600030,2014-07-14,4,35020,630000.0,high
11443,518500700,2014-05-07,2,5663,630000.0,high
10777,1472700200,2014-07-09,3,8767,630000.0,high
7439,8044700010,2015-04-27,3,7306,630000.0,high
7128,1026069163,2015-04-22,3,38794,630000.0,high
6246,1954600050,2014-07-16,5,24969,630000.0,high
17170,1498303895,2014-07-29,4,3240,630000.0,high
16411,5652600605,2014-08-07,5,6783,630000.0,high
2574,8927600070,2015-01-13,3,6930,630000.0,high
18015,3902300450,2014-07-02,4,9880,630000.0,high
17055,5561000920,2014-05-02,4,37277,630000.0,high
4724,3362401295,2015-03-30,2,5300,630000.0,high
3595,4038700930,2014-11-13,4,8800,630000.0,high
18411,3693901105,2014-10-20,4,5000,630000.0,high
19442,6822100155,2014-05-12,4,6000,630000.0,high
5549,5700000595,2015-02-19,4,5000,630000.0,high
17612,1245003660,2015-03-21,3,6000,630000.0,high
14879,3395050050,2014-11-14,3,13995,630000.0,high
964,4298100070,2014-05-28,4,43101,630000.0,high
3848,2322069168,2014-05-07,3,327135,630000.0,high
5389,4077800029,2014-10-27,4,10210,630000.0,high
14663,8818400155,2015-04-05,3,4080,630000.0,high
18550,3326049077,2014-07-28,4,12278,630000.0,high
5597,8650300130,2014-09-08,4,4727,630000.0,high
7205,5101407250,2014-12-17,4,9680,630000.0,high
15966,6641020050,2014-06-18,4,9430,630000.0,high
12627,1330900230,2015-04-16,4,31705,630000.0,high
12094,7504400400,2014-10-29,4,14463,630000.0,high
21243,1105000402,2014-10-28,4,5096,630000.0,high
3590,7752200100,2014-09-30,4,11100,630000.0,high
16503,2768300655,2015-03-17,3,2200,630000.0,high
7977,3630120330,2014-07-08,2,3507,630000.0,high
10376,114101505,2015-04-23,5,8309,630000.0,high
12439,305000310,2015-04-21,4,8706,630000.0,high
7193,4242900285,2014-08-05,4,1502,630000.0,high
16810,9547205380,2014-07-28,4,4025,630000.0,high
17453,4279600010,2014-12-30,6,9328,630000.0,high
11077,7214720400,2015-02-17,3,46609,630000.0,high
8169,191100665,2015-04-13,2,8382,630000.0,high
16747,2769600190,2014-07-15,5,5000,630000.0,high
16380,2770604081,2015-03-05,3,1683,629950.0,high
11116,2770604080,2015-03-24,3,1620,629950.0,high
17242,2770604082,2015-03-10,3,1683,629950.0,high
19747,9268851740,2014-07-01,3,1984,629800.0,high
13417,2553300120,2015-05-04,3,10584,629500.0,high
11652,1687910200,2014-10-07,4,11171,629000.0,high
9723,1656600310,2014-07-14,4,22050,629000.0,high
19016,1524039043,2014-07-25,3,4560,629000.0,high
5741,1923300170,2015-01-09,5,3000,629000.0,high
20137,6056110430,2014-09-30,3,1912,629000.0,high
3478,1370803820,2014-06-02,3,5000,629000.0,high
9856,121039083,2015-02-06,3,12367,629000.0,high
19338,205000120,2015-03-10,4,32647,628990.0,high
19280,3658700395,2015-04-09,4,3060,628000.0,high
847,3395050060,2014-07-22,3,11894,628000.0,high
7206,3999200780,2014-11-21,5,11795,628000.0,high
4166,438000025,2014-05-13,4,6000,628000.0,high
12406,2273600260,2015-04-03,3,8521,628000.0,high
8425,558100090,2015-03-12,5,8160,628000.0,high
15050,4003000285,2014-05-04,4,6010,628000.0,high
3273,8651500850,2015-03-17,4,12044,627800.0,high
12676,7856620910,2015-04-14,4,11500,627500.0,high
1988,3856901525,2014-10-01,4,4080,627500.0,high
12498,1088810040,2015-03-20,4,10677,627250.0,high
20877,1081330180,2014-12-22,4,11830,627000.0,high
21313,8562770050,2014-05-27,3,3475,627000.0,high
16483,686530020,2014-06-09,4,9300,627000.0,high
7235,6127010670,2014-07-28,5,5425,627000.0,high
18149,3142600120,2014-08-26,3,3800,627000.0,high
2527,4123400320,2014-05-05,4,7712,627000.0,high
8093,3900500110,2014-11-17,3,10525,627000.0,high
6170,2652501630,2015-05-04,3,3600,626700.0,high
4622,9136102680,2014-09-23,3,3210,626500.0,high
8950,8078350100,2014-12-04,4,7219,626100.0,high
16959,7427800080,2015-04-08,3,5107,626000.0,high
3342,8078380090,2015-03-11,3,7200,626000.0,high
13986,3052701135,2014-06-26,3,5000,626000.0,high
7734,1962200037,2014-05-02,3,1572,626000.0,high
13187,6383000790,2015-01-22,4,7221,626000.0,high
12908,2028701075,2014-07-16,3,4240,626000.0,high
12174,250000320,2014-09-29,4,9293,626000.0,high
5781,2224079001,2015-01-26,3,159865,625700.0,high
211,1025049114,2014-07-17,3,1566,625504.0,high
11773,2629600016,2015-04-10,2,7439,625500.0,high
19869,7202280390,2015-02-20,4,4831,625250.0,high
11891,7305300695,2014-05-02,4,8408,625000.0,high
9202,7853310150,2014-07-22,5,5324,625000.0,high
8722,3333500096,2015-03-05,4,5627,625000.0,high
18807,2721049061,2014-07-09,3,76230,625000.0,high
18688,1919800090,2014-12-15,4,6770,625000.0,high
21581,7853420110,2015-05-04,3,6000,625000.0,high
15586,2128000050,2014-08-15,4,7200,625000.0,high
18309,7539900040,2014-07-28,4,9000,625000.0,high
40,5547700270,2014-07-15,4,5520,625000.0,high
2413,3407700046,2014-06-24,3,64073,625000.0,high
12974,3585300365,2014-09-24,4,13660,625000.0,high
5537,2726049169,2014-09-05,3,20588,625000.0,high
7574,625069064,2015-05-07,3,47480,625000.0,high
6906,587550280,2014-05-30,4,25639,625000.0,high
1863,9151600695,2015-03-04,3,3600,625000.0,high
8110,7708180040,2014-05-03,4,6605,625000.0,high
3249,3900100265,2015-01-29,3,7650,625000.0,high
7543,809001565,2014-08-22,2,4160,625000.0,high
19398,9541800065,2014-06-09,3,16200,625000.0,high
1326,9126100550,2014-05-13,3,1846,625000.0,high
17207,3425059099,2014-06-25,5,21208,625000.0,high
11523,1523069128,2015-03-31,5,85377,625000.0,high
18544,6151800300,2015-02-13,3,18893,625000.0,high
5569,6338000014,2014-10-13,4,5307,625000.0,high
3604,2141310490,2015-01-02,3,8412,625000.0,high
19865,1772600510,2014-06-20,3,4800,625000.0,high
8728,7000100775,2014-07-21,3,12219,625000.0,high
12341,2768000295,2015-04-17,3,3264,625000.0,high
7906,3389900965,2014-08-27,3,3141,625000.0,high
11963,2896310160,2014-08-22,4,27806,625000.0,high
10260,1189000700,2014-10-01,3,4128,625000.0,high
13225,424069010,2014-07-21,4,17008,625000.0,high
3279,9550200265,2014-08-18,3,4080,625000.0,high
4944,1136100006,2015-01-27,2,118047,625000.0,high
1140,9554200105,2014-10-14,4,6867,625000.0,high
11601,8722101370,2015-04-13,4,4431,625000.0,high
5334,7011201470,2014-10-15,2,2192,625000.0,high
12527,9297301065,2014-10-29,3,4800,625000.0,high
20266,1355300009,2014-11-20,2,916,625000.0,high
14593,442000210,2015-04-17,3,5664,625000.0,high
17888,1150000040,2014-07-21,3,12164,625000.0,high
17097,1828000050,2014-05-14,4,11180,625000.0,high
11610,9187200045,2015-05-04,4,5000,625000.0,high
3376,2935400100,2014-05-22,3,12558,625000.0,high
13997,6977000040,2014-08-23,4,12825,625000.0,high
17081,3392900080,2014-07-06,2,4000,625000.0,high
9378,425059103,2014-12-02,3,10027,625000.0,high
15302,2887700091,2014-09-23,4,3622,625000.0,high
2006,1337800045,2014-10-01,3,4800,625000.0,high
6436,3249500020,2015-04-06,3,35000,625000.0,high
18346,142000175,2014-08-22,3,6050,625000.0,high
4135,7278700100,2015-01-21,4,9599,625000.0,high
4129,6852700412,2014-09-19,3,1490,625000.0,high
15098,6891800250,2015-04-06,4,9935,625000.0,high
17660,6848200325,2014-09-04,3,3600,625000.0,high
16447,9578080130,2014-07-02,3,1641,625000.0,high
17018,9346950050,2015-04-29,3,10021,625000.0,high
7882,7784000180,2015-05-05,3,12616,625000.0,high
421,6073200075,2014-07-30,3,9135,625000.0,high
2278,7974200776,2014-12-05,4,4000,625000.0,high
4976,1775500362,2014-10-13,4,34335,625000.0,high
9028,1623301185,2015-01-23,3,4500,625000.0,high
15005,5437400630,2014-10-16,4,8259,625000.0,high
9073,7203600040,2014-07-25,3,5978,625000.0,high
16330,9238430680,2014-05-21,4,48706,625000.0,high
20658,4305500030,2015-05-01,3,6409,625000.0,high
498,9274202270,2014-08-18,2,5750,625000.0,high
11129,2141200030,2014-08-28,3,6341,625000.0,high
803,8854100350,2015-01-07,5,15085,625000.0,high
13969,3905081520,2015-03-25,4,6979,625000.0,high
20419,1972200847,2014-07-18,3,1301,625000.0,high
21320,7853370250,2014-12-23,4,6854,625000.0,high
14650,9527000180,2014-07-11,4,5625,625000.0,high
10808,4221250340,2015-04-09,3,4757,625000.0,high
813,3276930400,2014-10-22,4,36085,625000.0,high
5695,3578401060,2015-05-04,3,9672,625000.0,high
12481,1180007375,2015-05-12,5,6000,625000.0,high
5071,1592000780,2014-05-23,3,10092,625000.0,high
18277,2818600115,2014-07-09,4,5500,625000.0,high
17269,8956000460,2015-01-23,3,3200,625000.0,high
6300,3885805640,2014-07-04,3,7200,625000.0,high
19330,7853301400,2014-05-20,4,8048,625000.0,high
14905,585000095,2014-12-16,3,5000,625000.0,high
6271,9550200225,2014-07-11,3,3060,625000.0,high
20673,1646500810,2014-09-19,2,1500,625000.0,high
21287,123059127,2014-05-02,4,54014,625000.0,high
14267,2141330360,2014-07-29,4,8290,625000.0,high
3695,573000490,2014-11-24,3,4564,625000.0,high
13763,4039800180,2014-12-22,4,22194,625000.0,high
9050,2023700040,2014-07-23,4,4480,625000.0,high
3757,1254200015,2015-04-08,3,5500,625000.0,high
2351,2024059084,2015-03-13,4,21486,625000.0,high
18041,2771603990,2014-07-15,3,4000,625000.0,high
17225,4045750010,2015-04-09,3,4730,624950.0,high
17291,1974300020,2015-02-18,4,11500,624900.0,high
10109,7785000260,2014-07-09,3,14274,624800.0,high
13870,7525410120,2014-09-05,6,31920,624500.0,high
12284,2193300390,2014-09-23,4,11250,624000.0,high
4761,7550801206,2014-09-04,4,4140,624000.0,high
1117,255520260,2015-03-24,5,14648,624000.0,high
15597,1126059091,2014-09-15,3,47044,624000.0,high
19310,2324039152,2014-08-18,4,9216,624000.0,high
12313,7519001275,2015-03-01,3,5200,624000.0,high
17942,2516000515,2014-12-18,4,3350,623500.0,high
21227,2738640470,2014-07-16,4,4524,623300.0,high
16168,7420200050,2014-06-20,3,7777,623000.0,high
19027,5459500165,2014-07-08,3,16313,623000.0,high
17828,2600100300,2014-09-16,4,9235,623000.0,high
7455,7214780050,2015-04-20,4,49044,623000.0,high
5182,1592000250,2014-10-13,4,12633,623000.0,high
8303,3288301030,2015-03-19,3,21804,623000.0,high
19850,7853270520,2015-04-09,4,7644,622950.0,high
15310,9285800020,2014-08-27,3,4550,622500.0,high
18363,7852110690,2014-05-22,4,8107,622500.0,high
14281,524069011,2014-09-11,3,14374,622500.0,high
7083,2817260130,2014-06-13,5,23760,622500.0,high
19882,1972200139,2015-02-18,2,851,622500.0,high
17461,8902000050,2014-10-27,3,7200,622200.0,high
14809,2826049098,2014-12-04,4,14290,622100.0,high
7991,9828201202,2015-03-16,3,3150,622000.0,high
14039,3526039101,2014-10-30,4,6120,622000.0,high
7534,9202650100,2014-10-10,3,7481,622000.0,high
11723,6071000310,2015-01-28,4,10714,622000.0,high
19906,8032700075,2014-10-15,3,1765,622000.0,high
4337,2767603250,2015-03-09,3,1919,622000.0,high
3539,3541600405,2015-01-27,5,15950,621500.0,high
8209,624069098,2015-01-21,3,39634,621500.0,high
1515,8651580310,2014-05-28,3,7741,621138.0,high
7568,4038700730,2014-12-30,4,6930,621000.0,high
18491,2436700395,2014-10-23,3,4000,621000.0,high
8234,6071200195,2015-04-08,4,9905,621000.0,high
17850,2770605175,2015-02-27,4,6000,620047.0,high
19410,7524950900,2015-02-10,3,7495,620000.0,high
15683,7424600020,2014-10-27,4,9775,620000.0,high
15571,4083800345,2015-04-27,4,4300,620000.0,high
1142,643500060,2015-04-24,4,7700,620000.0,high
21241,6909200007,2014-09-03,3,858,620000.0,high
18850,2493200040,2015-03-12,2,6110,620000.0,high
10058,7524950710,2014-09-19,2,8187,620000.0,high
4919,6072000440,2015-02-06,5,11422,620000.0,high
13489,1426079047,2014-09-11,3,212137,620000.0,high
19390,7202290650,2014-12-30,4,9606,620000.0,high
8297,1923099058,2014-10-15,4,210395,620000.0,high
10054,6788200295,2014-06-12,2,3000,620000.0,high
11164,2436700800,2014-05-16,3,4000,620000.0,high
13875,323069158,2014-06-26,3,41343,620000.0,high
4450,426059055,2014-10-03,3,35236,620000.0,high
11403,3658700510,2014-07-24,4,3060,620000.0,high
9588,464001115,2014-05-12,3,6630,620000.0,high
14780,9161100730,2014-07-01,4,6325,620000.0,high
3675,2526059086,2014-07-22,3,45738,620000.0,high
1324,3323069084,2014-09-09,4,220308,620000.0,high
16591,3448900420,2014-09-22,4,8282,620000.0,high
6873,7852190050,2014-06-26,6,6875,620000.0,high
14657,1245000865,2015-04-08,3,6256,620000.0,high
5960,4083304835,2014-10-23,2,4332,620000.0,high
18919,1313000650,2014-07-11,4,10039,620000.0,high
13522,2346800180,2015-03-09,5,16800,620000.0,high
1054,5309101200,2014-06-05,4,5350,620000.0,high
10001,2126059139,2015-03-18,5,10587,620000.0,high
21163,1099950050,2014-12-29,4,8244,620000.0,high
7288,9195700380,2014-08-11,4,7845,620000.0,high
18105,8901000543,2014-06-09,3,7237,620000.0,high
1346,9542100135,2014-11-12,4,18800,620000.0,high
15971,7922800190,2015-03-11,5,8713,620000.0,high
3859,1891100090,2014-05-05,3,2185,620000.0,high
16808,8651580660,2015-01-21,4,8101,620000.0,high
17266,1024069063,2014-09-23,4,34498,620000.0,high
7770,3528900735,2014-09-10,3,1429,620000.0,high
6001,1461200020,2015-03-10,5,34991,620000.0,high
16322,1972200725,2015-04-07,3,1248,620000.0,high
7964,3905000540,2014-05-15,4,9185,620000.0,high
2508,5200100105,2014-08-07,3,3478,620000.0,high
7671,3904902430,2015-04-03,3,10363,620000.0,high
17223,9202650130,2014-06-18,4,7683,620000.0,high
2592,8078460810,2014-12-10,4,7465,620000.0,high
20558,3034200067,2014-12-18,4,9260,620000.0,high
14364,546000910,2014-12-03,3,4005,620000.0,high
14729,7202340720,2014-05-20,3,9041,620000.0,high
1729,225039082,2014-05-14,5,3832,620000.0,high
6690,3585300415,2015-05-07,3,28046,620000.0,high
16296,5113400168,2015-01-16,3,5808,620000.0,high
4917,3629830050,2014-10-01,4,2970,620000.0,high
14655,1257201530,2014-05-13,3,4050,620000.0,high
7709,8079100210,2015-03-04,4,9139,620000.0,high
5351,203600470,2015-04-09,4,32780,620000.0,high
17208,9541600280,2014-08-23,3,9900,620000.0,high
5270,205000010,2014-06-24,4,55387,620000.0,high
20698,255470030,2015-04-29,4,4501,619990.0,high
5647,5273200080,2014-09-29,2,5400,619950.0,high
15473,6072400280,2014-06-19,4,9247,619850.0,high
19570,1370803640,2014-08-20,3,5097,619790.0,high
16478,5366200460,2014-05-20,3,4105,619500.0,high
11330,9285800055,2014-10-14,4,5077,619500.0,high
4257,3629920600,2014-05-16,3,5000,619500.0,high
8232,3885808035,2015-03-16,6,5202,619500.0,high
3501,5525400300,2014-05-21,4,14803,619420.0,high
17894,6884800180,2014-06-11,4,3610,619400.0,high
15172,2423010130,2015-03-06,3,7030,619100.0,high
580,7853240200,2014-05-16,3,6439,619000.0,high
15701,1026069134,2014-08-25,3,43608,619000.0,high
19992,1972200553,2014-08-04,3,946,619000.0,high
14167,6884800210,2014-06-05,4,3800,619000.0,high
5103,2877102651,2014-05-29,4,3400,619000.0,high
13113,7137300040,2015-05-04,5,2932,619000.0,high
11269,6909700340,2014-08-20,3,3000,619000.0,high
4040,8078350090,2015-03-31,3,7503,619000.0,high
18428,1868900775,2014-05-05,3,5000,618500.0,high
13834,6814600355,2014-06-19,4,3360,618250.0,high
12555,9202650210,2014-05-07,3,6500,618080.0,high
15970,7199320190,2014-10-16,4,7350,618000.0,high
1870,7942601805,2014-09-11,3,3630,618000.0,high
2356,3582900200,2014-10-28,3,12682,618000.0,high
2264,4037400295,2014-07-30,4,8736,618000.0,high
18659,4242900245,2015-01-12,2,4700,618000.0,high
4502,8818900300,2014-10-02,4,4080,618000.0,high
18418,3425059066,2014-08-12,5,18295,618000.0,high
6729,9429000170,2015-03-26,4,7950,617950.0,high
10482,6189200260,2015-05-04,3,14398,617450.0,high
1703,3121069036,2014-12-08,3,360241,617000.0,high
12062,11200400,2014-09-23,3,4488,617000.0,high
11725,369000045,2014-10-10,3,5500,617000.0,high
16115,7569500010,2014-11-20,3,2722,616950.0,high
20840,3438500253,2014-09-04,5,5008,616950.0,high
17702,3438502290,2015-02-02,3,47743,616750.0,high
8558,2523069172,2014-08-04,3,118047,616500.0,high
9810,3797000400,2014-11-25,4,3000,616500.0,high
9953,2887700560,2015-05-07,3,4549,616500.0,high
1873,3886902505,2015-03-11,3,8400,616300.0,high
15169,7853430660,2014-09-10,5,4832,616200.0,high
5843,871001611,2014-07-01,4,5846,616000.0,high
17582,9277200065,2015-02-26,3,5650,616000.0,high
16396,5458800415,2014-11-05,3,9840,616000.0,high
7910,5104540360,2014-11-07,4,6915,616000.0,high
4793,3948900050,2015-04-27,3,2306,616000.0,high
8281,8677300720,2014-06-17,4,12929,616000.0,high
18389,2215500230,2014-08-25,4,6360,615750.0,high
12333,5430300171,2015-01-29,3,5080,615500.0,high
911,7526800200,2014-10-10,4,10062,615000.0,high
16946,2790410250,2014-05-05,4,11700,615000.0,high
7800,1795900360,2014-06-02,4,9070,615000.0,high
12040,9441300030,2015-04-10,3,8280,615000.0,high
17891,7504020610,2014-06-18,5,12070,615000.0,high
3845,4022900077,2015-04-13,4,15450,615000.0,high
11772,7577700136,2015-02-26,3,5175,615000.0,high
10659,2902201126,2015-04-01,3,991,615000.0,high
15967,3232200095,2015-04-14,4,2006,615000.0,high
15528,226059120,2015-01-23,3,56192,615000.0,high
11869,1498303905,2015-04-02,4,3240,615000.0,high
14253,7954310210,2015-04-30,4,6903,615000.0,high
7765,5634500775,2015-01-30,4,34000,615000.0,high
12218,259900320,2014-07-17,3,3427,615000.0,high
14370,3764500180,2015-01-24,3,4894,615000.0,high
2760,7379600240,2014-07-14,3,8480,615000.0,high
16624,7853220470,2014-09-15,5,7980,615000.0,high
6551,224069102,2014-09-08,3,42800,615000.0,high
4243,6072700110,2014-05-20,4,13193,615000.0,high
19902,8562770350,2014-12-06,3,3326,615000.0,high
19904,9126101090,2014-05-31,3,1146,615000.0,high
15017,1250202115,2015-01-20,3,5100,615000.0,high
188,2264500350,2015-04-18,4,2400,615000.0,high
2696,2872100445,2014-06-24,2,5000,615000.0,high
21214,3343903611,2015-03-23,5,7069,615000.0,high
12395,7922710520,2015-05-07,4,10260,615000.0,high
8326,2493200195,2014-05-02,3,7291,615000.0,high
9365,5708500315,2014-06-23,5,4180,615000.0,high
1801,7805460030,2015-02-23,3,10171,615000.0,high
7448,2770602335,2015-04-07,3,1410,615000.0,high
11649,3629971290,2014-07-30,4,3720,615000.0,high
16297,9346900170,2014-09-22,4,7020,615000.0,high
9521,9828201745,2015-05-04,2,2400,615000.0,high
11467,7504020400,2015-01-27,4,15860,615000.0,high
7210,2896310420,2015-02-19,4,34040,615000.0,high
11494,2207500200,2014-09-15,3,4000,615000.0,high
15236,8956000250,2014-09-03,3,3128,615000.0,high
19104,594000115,2014-05-12,2,28593,615000.0,high
10848,8562900310,2014-06-13,3,20820,615000.0,high
12190,226039270,2014-12-01,3,7224,615000.0,high
3051,2675600028,2015-02-26,3,7800,615000.0,high
7866,1245003255,2015-02-23,3,12500,615000.0,high
17978,4083305633,2014-07-22,3,1152,615000.0,high
16766,6354000050,2014-09-08,3,45234,615000.0,high
14540,3678900450,2014-09-26,3,3783,615000.0,high
15200,9834200305,2015-02-10,3,3876,615000.0,high
6864,3558900430,2015-04-14,3,8067,615000.0,high
5728,9834200440,2014-06-24,3,4080,615000.0,high
508,5113400431,2014-05-08,2,6872,615000.0,high
514,9276201895,2014-08-20,3,5000,615000.0,high
11367,3693900135,2014-09-20,2,5000,615000.0,high
6669,9542000050,2014-08-08,4,9830,615000.0,high
8293,1774230300,2015-03-06,3,43301,615000.0,high
12972,4232903265,2014-09-18,3,2400,614950.0,high
7500,1133000144,2015-02-12,3,7225,614905.0,high
16217,6073500190,2014-08-21,2,5500,614306.0,high
7526,9520900210,2014-12-31,5,6401,614285.0,high
1263,4109600055,2014-12-29,5,5150,614000.0,high
20193,626059127,2014-11-17,3,5831,614000.0,high
8726,923000580,2015-02-23,4,8160,614000.0,high
11624,7214820200,2014-11-07,4,9996,614000.0,high
20202,328000182,2015-05-01,3,1531,613500.0,high
17263,8078350280,2015-02-05,3,7035,613500.0,high
21066,2738630040,2015-04-27,4,6068,613500.0,high
7852,9191200015,2014-09-10,3,3320,613200.0,high
2739,1324059139,2014-09-18,3,10385,613000.0,high
18494,8827901415,2015-05-07,3,4480,613000.0,high
15691,267000130,2014-06-03,5,12000,613000.0,high
11623,7871500685,2014-07-08,2,1890,613000.0,high
8230,5366200205,2014-06-03,3,3068,613000.0,high
3368,9136101335,2014-05-15,4,4815,613000.0,high
21133,8562770080,2014-10-30,3,2812,613000.0,high
21301,1438000170,2014-08-22,5,6919,612995.0,high
17688,3905090230,2015-02-27,4,10623,612500.0,high
10733,3316500200,2014-10-09,4,35346,612500.0,high
9301,579002870,2014-05-06,4,5000,612500.0,high
7942,1088800850,2014-05-02,4,12261,612500.0,high
15174,2770604665,2015-02-02,2,6000,612125.0,high
2203,3905120830,2015-04-15,3,5496,612000.0,high
13666,8860300220,2015-04-29,5,7000,612000.0,high
6937,2256500005,2014-10-14,3,3700,612000.0,high
18079,2769600035,2014-08-07,4,3626,612000.0,high
2560,2126059276,2014-11-26,3,10327,612000.0,high
1503,4058800830,2015-03-18,6,14040,612000.0,high
6634,1853200190,2014-11-03,4,5974,612000.0,high
18810,3904960690,2015-04-17,3,7401,612000.0,high
5168,1720800305,2014-11-19,1,2100,611900.0,high
8955,59000201,2015-05-05,1,6300,611206.0,high
18825,9523103990,2014-12-08,3,5000,611000.0,high
4956,9528104985,2014-11-04,2,5100,611000.0,high
13459,8635751120,2014-05-19,4,4200,611000.0,high
15574,8650000250,2014-06-07,6,53173,611000.0,high
20268,9268851680,2014-05-16,3,1984,611000.0,high
21574,1931300090,2014-05-07,3,1570,610950.0,high
307,8651520400,2014-06-12,4,7297,610750.0,high
21605,3448900210,2014-10-14,4,6023,610685.0,high
19829,3448900320,2014-07-23,4,5562,610360.0,high
5377,1737300130,2014-12-22,6,12033,610000.0,high
6541,3759500006,2014-10-14,4,10843,610000.0,high
3701,8860300300,2014-09-02,4,8400,610000.0,high
15695,3811000250,2014-09-29,3,38186,610000.0,high
14474,7695470120,2014-08-08,3,33042,610000.0,high
14898,4376800010,2014-08-14,4,9021,610000.0,high
20180,7853400250,2014-06-04,4,5260,610000.0,high
13605,2724079061,2014-10-10,3,221720,610000.0,high
12444,3024059078,2014-06-05,4,29110,610000.0,high
10143,682000030,2014-07-03,3,13418,610000.0,high
11532,6071000030,2014-07-22,5,31411,610000.0,high
13367,7519000580,2014-11-06,4,3708,610000.0,high
4683,425069147,2015-03-13,4,45738,610000.0,high
2648,7504020810,2014-10-20,5,11700,610000.0,high
16144,7202271060,2015-03-10,4,5896,610000.0,high
19421,9122001225,2014-10-29,4,7200,610000.0,high
1564,7522500070,2015-02-04,3,5750,610000.0,high
12279,2313900810,2015-04-02,4,5821,610000.0,high
14622,2487200775,2014-05-12,4,5000,610000.0,high
1560,1972201820,2014-10-16,4,2620,610000.0,high
1558,7214700160,2014-05-09,3,45302,610000.0,high
20618,9828702336,2015-02-20,2,740,610000.0,high
2708,3570000160,2014-07-10,4,36583,610000.0,high
9089,1777600230,2014-05-06,4,10117,610000.0,high
12688,643300210,2015-02-10,3,10402,610000.0,high
17940,3529000880,2015-03-09,4,6360,610000.0,high
12806,7853220120,2015-04-16,4,9010,610000.0,high
2275,6918700370,2014-10-27,4,7350,610000.0,high
17854,5495200040,2015-01-26,5,23400,610000.0,high
5241,5364200381,2014-10-10,3,4959,610000.0,high
1622,9485950310,2014-10-03,4,37058,610000.0,high
15465,5631500947,2015-01-22,4,29539,610000.0,high
8198,4038700220,2015-02-13,6,8560,610000.0,high
13774,3902310210,2014-08-22,4,8800,610000.0,high
21498,1972200555,2014-07-14,3,1500,610000.0,high
9230,9346930100,2014-10-15,4,9350,610000.0,high
1517,7525410060,2015-01-09,4,35040,610000.0,high
19113,722079015,2014-10-17,3,167270,610000.0,high
21224,5693501028,2015-04-03,3,1331,610000.0,high
568,809002765,2014-10-22,3,3400,610000.0,high
16821,8914100170,2014-07-31,3,12283,610000.0,high
12770,6646200770,2014-07-24,4,15899,610000.0,high
4434,7202260300,2014-07-09,3,5827,610000.0,high
3610,1115400090,2014-08-21,3,8893,610000.0,high
16931,5016002275,2014-06-02,5,3839,610000.0,high
6154,1321720170,2014-08-17,3,18167,610000.0,high
8527,1250202324,2015-01-22,4,8400,610000.0,high
13273,3041700035,2015-03-12,3,10350,609950.0,high
682,5104540240,2014-06-09,4,7399,609900.0,high
1107,2770604942,2014-12-30,2,1369,609850.0,high
20361,1176001119,2015-02-24,3,1113,609500.0,high
14628,6891800360,2014-09-18,3,10131,609000.0,high
16927,4022902555,2015-03-21,4,23870,609000.0,high
20940,1823059241,2015-04-08,4,11270,609000.0,high
7372,4279600080,2014-12-31,6,9267,609000.0,high
1260,5701800030,2014-05-06,4,37981,609000.0,high
20415,1972200556,2014-07-03,3,1526,609000.0,high
10833,8651500710,2014-11-06,4,9696,608700.0,high
21571,3345700207,2015-05-02,4,5577,608500.0,high
1938,6114400136,2014-07-14,4,21780,608250.0,high
9642,3760500602,2015-04-27,3,17707,608095.0,high
18201,522079015,2015-03-22,3,217800,608000.0,high
12547,2652500210,2014-08-25,2,3600,608000.0,high
2234,269000070,2015-01-06,4,7680,608000.0,high
2514,7202270830,2014-06-25,4,4736,608000.0,high
15973,4083802425,2014-10-10,3,3750,608000.0,high
19360,6204000040,2014-06-10,4,9714,608000.0,high
21384,6372000297,2015-03-23,3,2298,608000.0,high
9606,2770604410,2014-10-29,3,1472,608000.0,high
13390,2767704525,2015-03-27,3,5000,608000.0,high
11163,8078460520,2014-09-23,4,7140,608000.0,high
21349,1704900303,2014-12-11,3,5234,608000.0,high
20253,2767604592,2014-06-19,3,1612,607500.0,high
13890,2826049197,2014-08-04,4,8100,607500.0,high
15283,2770602135,2014-05-14,5,6000,607500.0,high
16818,6021502750,2014-07-15,3,4700,607500.0,high
6845,424069150,2015-02-13,4,45738,607500.0,high
9677,2425059144,2015-02-13,4,13939,607500.0,high
1563,1231000520,2014-11-18,4,4000,607010.0,high
14461,3902300210,2014-07-15,4,16728,607000.0,high
9227,925049278,2015-03-04,4,4054,607000.0,high
18767,9834200365,2014-08-15,3,4080,607000.0,high
8444,9465910150,2014-11-09,3,9226,607000.0,high
11519,2450000320,2014-05-23,3,8114,607000.0,high
1823,4322500055,2015-04-17,5,5428,607000.0,high
5070,8861500080,2014-09-30,3,12813,607000.0,high
18031,2896000450,2015-03-23,4,8220,607000.0,high
14418,7215730120,2015-05-04,3,5500,606500.0,high
7263,6905200050,2014-10-09,3,5000,606400.0,high
12752,8563010540,2014-09-04,4,9848,606150.0,high
8015,3886903155,2015-03-04,3,7680,606000.0,high
4201,8680500090,2015-03-16,3,6005,606000.0,high
19306,455000395,2014-05-23,3,3920,606000.0,high
6224,7370600020,2014-10-07,3,8540,606000.0,high
1383,3902300350,2014-08-06,4,8858,606000.0,high
2622,8582010240,2014-05-06,4,13850,606000.0,high
5431,9465900500,2014-06-17,3,6536,605500.0,high
16932,3213200250,2014-11-06,2,5029,605125.0,high
17630,7010700210,2014-06-05,4,4000,605004.0,high
17522,2158900095,2014-10-27,2,3200,605000.0,high
11142,7277100510,2015-02-14,3,5400,605000.0,high
7147,9839300545,2014-07-14,2,5500,605000.0,high
2296,2979800520,2014-06-03,5,5616,605000.0,high
7437,6844700415,2015-03-16,4,6120,605000.0,high
737,9346980140,2014-08-20,3,7400,605000.0,high
20950,1689401526,2015-03-23,3,1119,605000.0,high
15618,2413910050,2015-02-13,4,35160,605000.0,high
14752,4104900150,2015-04-14,5,8862,605000.0,high
18195,3959400645,2015-01-07,5,9600,605000.0,high
623,461001615,2015-02-25,2,5000,605000.0,high
20001,9137101696,2015-05-04,3,1692,605000.0,high
17705,8651511250,2015-04-15,3,10139,605000.0,high
14406,1562100220,2015-05-01,6,9132,605000.0,high
6382,7504010780,2014-12-26,4,11900,605000.0,high
1332,4022900125,2014-09-02,4,11870,605000.0,high
21035,7853370620,2015-02-06,5,6000,605000.0,high
3779,2623069067,2015-03-05,3,138085,605000.0,high
13291,2768300736,2015-04-08,3,2114,605000.0,high
4658,1036400110,2014-07-02,3,12134,605000.0,high
7139,4232901990,2014-05-16,2,3600,605000.0,high
20948,7853350220,2015-03-24,3,5750,605000.0,high
15721,3797002575,2014-10-10,4,3500,605000.0,high
9918,8562750550,2015-04-17,4,3980,605000.0,high
20303,7852110380,2014-07-03,3,6405,605000.0,high
4796,3288100290,2015-05-07,3,9576,605000.0,high
10168,4141400030,2014-12-01,4,10108,605000.0,high
14873,5016001325,2014-05-16,3,2500,605000.0,high
12072,1861400116,2015-01-16,3,2400,605000.0,high
10816,1223039235,2014-11-14,5,13332,605000.0,high
16828,5739601300,2015-03-30,2,6510,605000.0,high
13274,625049318,2014-08-04,4,7626,605000.0,high
5875,2824600290,2015-04-03,3,5058,605000.0,high
17689,6446200365,2015-05-05,5,34510,605000.0,high
1139,200510060,2014-12-31,3,9487,605000.0,high
5266,5561000010,2015-02-23,3,35012,605000.0,high
9329,8644400040,2014-07-29,4,31584,605000.0,high
7216,1326049130,2014-07-02,4,48788,605000.0,high
7013,9408300380,2014-06-09,3,47480,605000.0,high
9958,7888700030,2014-08-25,3,18600,605000.0,high
10200,1795920350,2014-06-17,3,10760,605000.0,high
2152,5728000060,2014-08-01,3,8823,605000.0,high
8294,7313200120,2014-10-31,4,33671,605000.0,high
1962,1370802650,2014-07-29,3,4500,605000.0,high
39,2078500320,2014-06-20,4,7553,605000.0,high
1579,2960900045,2014-07-18,3,6000,605000.0,high
1172,8956000350,2014-09-03,3,3667,605000.0,high
2191,4388600030,2014-11-03,5,9603,605000.0,high
15319,4384000020,2014-07-03,4,10786,605000.0,high
15274,4024100670,2015-05-06,3,17114,605000.0,high
12255,7625702505,2015-03-06,4,6000,605000.0,high
16767,625049153,2014-06-03,3,4040,605000.0,high
363,925059078,2014-08-19,3,5608,604950.0,high
5632,7695450010,2014-05-22,4,14982,604700.0,high
12366,587550340,2014-05-02,3,33151,604000.0,high
2205,3905000200,2014-05-09,4,7753,604000.0,high
8810,2306400040,2015-04-16,3,2589,604000.0,high
3,2487200875,2014-12-09,4,5000,604000.0,high
2993,1370804446,2015-02-10,4,4485,604000.0,high
9501,5423600100,2014-08-05,6,13572,604000.0,high
2770,5315100394,2015-02-18,3,13824,604000.0,high
9010,2675600025,2015-03-27,3,7280,603500.0,high
2567,6071700160,2014-06-23,6,8400,603500.0,high
8829,8833510230,2014-06-04,4,9734,603500.0,high
10768,8961970560,2014-08-11,4,5895,603000.0,high
4544,5364200649,2014-10-08,3,5250,603000.0,high
20732,7702600949,2015-05-05,4,6345,603000.0,high
6123,326049024,2015-04-10,4,11310,603000.0,high
2405,9547205660,2015-05-04,3,2800,603000.0,high
15227,7504010480,2015-04-17,4,11155,603000.0,high
14208,3204950120,2014-05-29,4,6850,602500.0,high
14068,7525420150,2015-04-13,4,41000,602500.0,high
1562,7932000041,2015-05-12,2,47044,602500.0,high
18525,9508850120,2014-06-27,4,37800,602000.0,high
5532,3905040170,2015-03-20,4,7376,602000.0,high
8298,7922710690,2014-05-19,5,11900,602000.0,high
20188,4083306552,2015-03-10,3,1367,602000.0,high
10779,2600110710,2014-08-19,3,11580,602000.0,high
6715,8087800430,2015-02-10,4,14000,602000.0,high
13244,519000043,2014-07-14,3,3804,602000.0,high
8260,3179100720,2014-12-03,2,6398,602000.0,high
12160,2547200160,2015-02-12,3,10128,601500.0,high
10392,8129700565,2014-10-08,2,1500,601450.0,high
8632,1994200375,2014-12-03,2,5200,601150.0,high
15497,7922720250,2015-05-06,4,8094,601002.0,high
9691,7215730200,2014-11-19,4,5191,601000.0,high
10304,7960100030,2014-08-14,4,3600,601000.0,high
6620,3905030190,2014-07-11,4,6906,601000.0,high
951,9455200445,2015-03-25,3,6743,601000.0,high
17475,8815400020,2014-07-24,4,4200,601000.0,high
8848,2770600930,2014-10-22,3,1251,601000.0,high
19152,9325200120,2014-09-09,4,6829,600600.0,high
7082,1066000290,2014-11-17,6,9350,600000.0,high
4310,9528101032,2015-03-25,3,1800,600000.0,high
19106,7784000100,2014-06-03,4,14242,600000.0,high
20712,847100046,2015-04-16,4,11225,600000.0,high
12711,7954300120,2014-08-22,4,6536,600000.0,high
20376,3304300380,2015-01-08,5,8179,600000.0,high
16452,2597800010,2015-03-04,3,17360,600000.0,high
17910,4240400155,2014-08-12,3,4300,600000.0,high
11005,8651480550,2014-06-23,3,10153,600000.0,high
7683,8827900690,2015-04-21,3,2800,600000.0,high
13370,3260100330,2014-05-28,3,7416,600000.0,high
9286,1423069095,2014-05-07,3,108900,600000.0,high
14374,3043200035,2014-07-01,2,2002,600000.0,high
19970,8562770110,2014-10-27,3,3290,600000.0,high
17816,1036400100,2014-10-21,4,13500,600000.0,high
9376,6021502070,2015-05-08,2,4500,600000.0,high
16233,251100020,2014-05-21,4,5226,600000.0,high
4361,3876100940,2015-04-27,4,9440,600000.0,high
5258,9287801150,2015-04-23,3,5000,600000.0,high
18879,2128000180,2014-08-11,4,7700,600000.0,high
3272,3625059143,2014-09-03,3,8276,600000.0,high
13813,8832900120,2014-12-22,3,12682,600000.0,high
6571,3275760190,2014-06-24,4,7700,600000.0,high
3962,4113800300,2015-04-14,4,7744,600000.0,high
14793,4022900150,2014-12-09,4,10850,600000.0,high
5221,6705870080,2014-11-21,4,5122,600000.0,high
8186,5229300085,2015-04-11,3,98445,600000.0,high
14471,7558800620,2014-08-22,2,7764,600000.0,high
5238,9238430430,2015-04-30,4,43847,600000.0,high
6389,42000130,2014-09-24,5,9784,600000.0,high
13706,7550800736,2015-05-06,2,5000,600000.0,high
1319,1962200036,2014-08-19,3,1325,600000.0,high
6604,9465910190,2014-05-29,3,19876,600000.0,high
16771,8644300170,2014-07-03,5,13899,600000.0,high
15145,8712100020,2015-01-27,2,4636,600000.0,high
2816,3213200215,2015-01-05,2,5029,600000.0,high
14341,6790200180,2014-06-03,4,9873,600000.0,high
5551,2896000680,2014-07-29,4,17674,600000.0,high
11945,8128600060,2014-06-24,4,14930,600000.0,high
10919,3421069053,2014-06-19,3,237402,600000.0,high
5387,587550470,2015-04-29,3,14217,600000.0,high
12161,124069032,2014-05-05,3,39639,600000.0,high
16263,7732410130,2014-05-21,3,9053,600000.0,high
17336,5608030020,2015-02-03,5,16846,600000.0,high
16360,3876311650,2014-06-19,4,8400,600000.0,high
16262,2541100010,2014-07-08,4,11370,600000.0,high
17729,1705400361,2014-12-08,2,6897,600000.0,high
10176,1621069045,2015-01-05,4,50965,600000.0,high
1255,1624079051,2014-07-10,2,102366,600000.0,high
14902,1842300050,2014-07-02,5,9072,600000.0,high
18609,7202270930,2014-06-06,4,5593,600000.0,high
17062,7852190630,2015-04-17,4,6474,600000.0,high
6080,3630030290,2014-10-17,4,3866,600000.0,high
19214,8582400015,2015-04-13,5,8204,600000.0,high
11370,6071300550,2014-08-22,4,9135,600000.0,high
8602,6899990230,2014-07-01,2,14878,600000.0,high
10882,3037200045,2014-11-13,2,5416,600000.0,high
13182,9828701747,2015-01-23,3,4800,600000.0,high
4806,7979900440,2015-05-12,2,13054,600000.0,high
12245,2767601805,2015-02-13,2,5000,600000.0,high
13116,7701930180,2014-11-10,4,70407,600000.0,high
4712,2878601425,2014-05-22,3,5100,600000.0,high
9466,6169901006,2014-07-15,2,2160,600000.0,high
4767,5166700050,2015-02-11,5,6350,600000.0,high
5057,6744700285,2015-03-11,4,15160,600000.0,high
14106,4008400035,2014-10-15,5,58157,600000.0,high
17564,8127700210,2015-04-27,2,3200,600000.0,high
5046,1965200010,2014-11-10,2,3500,600000.0,high
19469,1562200090,2014-10-17,4,7290,600000.0,high
13970,9324800220,2014-09-17,4,8127,600000.0,high
5736,824069173,2014-08-21,3,52272,600000.0,high
52,7518505990,2014-12-31,3,4080,600000.0,high
1758,1592000260,2015-02-17,3,9314,600000.0,high
5029,3244500078,2014-08-22,3,77536,600000.0,high
21509,148000072,2014-08-18,2,1988,600000.0,high
17831,7960100120,2014-06-12,3,5400,600000.0,high
16052,9521101315,2015-05-01,3,5000,600000.0,high
15822,8562750250,2014-07-04,3,7609,600000.0,high
9867,7695470200,2014-12-08,3,43995,600000.0,high
9045,3586501075,2015-01-09,4,31720,600000.0,high
1701,8080400045,2014-06-20,2,3600,600000.0,high
17487,3326069026,2015-04-01,3,57499,600000.0,high
10771,2767603535,2015-01-26,3,5000,600000.0,high
20929,3528900771,2015-03-31,3,1473,600000.0,high
2247,425069139,2014-10-27,4,45738,600000.0,high
18633,1549500272,2014-06-09,3,77972,600000.0,high
2875,1868901690,2015-05-05,3,5000,600000.0,high
11941,3761700251,2014-05-28,4,38141,600000.0,high
19729,5631500292,2015-04-20,3,8345,600000.0,high
6019,8854100130,2014-09-11,5,10542,600000.0,high
16044,1592300010,2014-09-26,5,21343,600000.0,high
13285,2215500205,2014-05-05,3,6360,600000.0,high
13532,7852190410,2014-06-26,3,8016,600000.0,high
18931,6600220300,2014-09-14,4,12753,600000.0,high
1739,626100023,2014-06-11,5,53898,600000.0,high
17034,2769600480,2015-04-30,2,5000,600000.0,high
11206,7309100070,2014-12-12,4,7800,600000.0,high
6727,7338200170,2015-04-22,4,35009,600000.0,high
3644,2813100100,2014-07-14,4,6014,600000.0,high
2232,3663000070,2014-07-08,3,46609,600000.0,high
4867,5561300480,2015-04-08,7,36384,600000.0,high
14099,7954300220,2014-07-30,4,7953,600000.0,high
11271,4077800376,2014-07-01,5,7781,600000.0,high
16104,7548300170,2015-03-31,4,5200,600000.0,high
13011,293610040,2015-02-10,4,5803,600000.0,high
10362,9536600105,2015-01-09,3,16740,600000.0,high
7282,1626069069,2014-10-29,3,187313,600000.0,high
17295,1870400605,2014-11-17,4,7125,600000.0,high
7451,7000100635,2014-07-15,3,19000,600000.0,high
13312,1822039138,2015-02-27,2,18919,600000.0,high
4096,1997200215,2014-05-07,9,6988,599999.0,high
15647,6431000005,2014-11-23,3,3000,599995.0,high
12385,2923500550,2014-06-25,3,9162,599990.0,high
20497,1176001123,2015-02-06,3,1493,599950.0,high
7337,6870310010,2014-07-02,4,3080,599950.0,high
13982,3448000344,2014-11-12,5,13674,599950.0,high
2880,381000110,2014-11-07,4,7810,599950.0,high
1760,8113600004,2014-05-20,3,4975,599950.0,high
17948,4083302915,2014-09-17,2,3775,599950.0,high
13377,8818900155,2015-01-15,6,4129,599950.0,high
13882,8078350220,2014-09-11,4,6318,599950.0,high
13627,5469502380,2014-06-09,4,15029,599950.0,high
12825,8118600155,2015-03-18,3,7910,599950.0,high
13750,220069106,2015-04-01,3,106722,599950.0,high
11007,6382500079,2014-07-09,3,1804,599950.0,high
9899,3583300075,2014-11-03,5,13292,599950.0,high
4694,4047200300,2015-02-05,3,12030,599900.0,high
10365,5561300340,2014-09-24,3,35123,599900.0,high
21478,7853370100,2015-04-06,3,5200,599832.0,high
12973,8861500065,2015-01-14,4,10260,599500.0,high
13085,3260000120,2015-02-09,3,7350,599380.0,high
4291,6184700100,2014-09-26,2,7713,599000.0,high
10847,8825900465,2014-05-07,3,4788,599000.0,high
20081,889000015,2014-11-03,3,1180,599000.0,high
14073,3629970870,2014-08-27,4,3640,599000.0,high
12833,9238500040,2015-02-10,3,23100,599000.0,high
14915,9187200345,2014-07-09,7,5750,599000.0,high
5998,2413900050,2014-12-01,4,15143,599000.0,high
4902,522069022,2014-07-14,5,72309,599000.0,high
6801,9523102580,2014-05-23,3,2500,599000.0,high
6817,2919702040,2014-06-12,5,4608,599000.0,high
17683,1786830090,2014-07-08,3,14680,599000.0,high
1895,4278900055,2014-05-28,4,2750,599000.0,high
12115,6070500055,2014-05-06,4,29930,599000.0,high
7821,3332000530,2014-11-05,5,6180,599000.0,high
21534,889000025,2014-08-11,3,1180,599000.0,high
12228,6708200320,2014-09-29,4,11000,599000.0,high
4979,9136101271,2015-04-16,4,4280,599000.0,high
8537,326069131,2014-06-11,4,230868,599000.0,high
9601,686530110,2014-12-15,5,8710,599000.0,high
15324,8123500050,2014-06-24,5,22572,599000.0,high
4567,7202340820,2014-10-28,4,5000,599000.0,high
14184,3904990210,2014-08-22,4,6738,599000.0,high
20420,8562790940,2014-12-23,3,2060,599000.0,high
7466,7504400290,2015-03-05,5,12003,599000.0,high
21103,8564860130,2015-02-02,5,6037,598992.0,high
19909,1176001124,2015-02-24,3,1531,598950.0,high
10824,8078460320,2014-11-18,4,7245,598850.0,high
1931,5379804150,2015-02-11,6,17877,598800.0,high
16680,4045500715,2014-12-17,1,32010,598800.0,high
12820,4157600180,2015-02-23,4,12160,598780.0,high
3763,3026079055,2014-08-26,4,212639,598600.0,high
17656,2481590090,2014-10-27,3,7880,598555.0,high
16408,8562750660,2014-08-07,4,3980,598500.0,high
21417,5693501102,2014-10-30,3,2091,598500.0,high
3477,7504010900,2014-09-26,3,12000,598500.0,high
6540,3333500151,2015-05-07,5,4635,598200.0,high
9346,952000495,2015-04-02,4,5118,598000.0,high
16629,7504020670,2014-05-20,5,12478,598000.0,high
16172,9510300130,2014-06-28,4,40918,598000.0,high
16492,1513800080,2014-08-25,4,9825,598000.0,high
110,9545230140,2014-07-25,4,9624,597750.0,high
8292,5649300120,2015-04-20,4,35280,597500.0,high
11688,5649300160,2014-12-09,3,32565,597500.0,high
653,2324039036,2015-04-03,3,5400,597500.0,high
17478,7202310010,2014-10-20,3,4800,597500.0,high
9976,7202270700,2014-10-03,4,4500,597400.0,high
1763,1832100030,2014-06-25,4,8250,597326.0,high
10275,1420700030,2014-09-22,7,10880,597157.0,high
12081,5288200260,2014-09-03,2,4600,597000.0,high
7828,6021502250,2014-08-25,4,4000,597000.0,high
10180,5201000030,2015-03-23,4,41338,597000.0,high
13687,8129700085,2014-09-24,4,2432,597000.0,high
7450,6632300567,2014-07-30,4,7877,597000.0,high
10146,2193340260,2015-01-07,4,8505,596500.0,high
15872,9547202890,2015-01-20,2,4880,596000.0,high
6910,7254000050,2015-02-24,3,2631,596000.0,high
4860,8562800250,2014-08-14,4,10000,596000.0,high
18624,2287600035,2014-06-25,3,9000,595888.0,high
21121,7853410170,2015-03-16,4,6537,595500.0,high
10292,200800200,2014-08-12,4,8372,595000.0,high
597,7846200070,2014-10-02,3,14402,595000.0,high
15728,2450000275,2014-07-16,4,8113,595000.0,high
12177,7010700550,2014-11-14,3,5100,595000.0,high
378,2883200160,2015-04-29,4,2849,595000.0,high
537,5694500105,2014-12-04,2,4000,595000.0,high
10973,1725059187,2014-10-29,2,8500,595000.0,high
5341,6632900574,2015-02-25,5,10064,595000.0,high
7000,3401700255,2014-07-29,4,87120,595000.0,high
18431,5631500191,2015-03-26,3,6677,595000.0,high
5329,7214780020,2015-04-17,4,43017,595000.0,high
8562,9376301520,2014-05-29,3,5000,595000.0,high
11181,7986401275,2014-11-19,4,3125,595000.0,high
20852,1257201420,2014-07-09,4,4560,595000.0,high
16415,7852010840,2014-07-29,4,7287,595000.0,high
11204,443000060,2014-12-10,3,16301,595000.0,high
12862,5561401210,2015-01-08,4,35736,595000.0,high
12251,9238430140,2014-07-25,3,28001,595000.0,high
830,2061100570,2015-02-10,3,5753,595000.0,high
14469,1254200835,2014-08-13,4,5100,595000.0,high
12325,6795100563,2014-07-01,4,20011,595000.0,high
5467,7635801350,2015-03-06,3,22081,595000.0,high
3071,5652601425,2015-04-23,4,10722,595000.0,high
11236,2397101375,2015-04-28,2,3600,595000.0,high
12076,2193310320,2015-03-06,4,7064,595000.0,high
2741,1257200060,2015-03-27,4,4080,595000.0,high
12431,2826049070,2015-02-25,3,8300,595000.0,high
3482,3629870110,2015-04-22,3,3075,595000.0,high
6460,3300760020,2014-08-26,3,6773,595000.0,high
642,4140090320,2015-03-20,5,6750,595000.0,high
5900,2749600095,2014-08-19,2,4800,595000.0,high
5782,200520080,2014-08-01,3,10637,595000.0,high
13200,2768100180,2014-06-06,4,2175,595000.0,high
16494,6633900170,2014-05-08,3,3354,595000.0,high
2535,117000003,2014-09-19,4,3225,595000.0,high
6440,2460900020,2014-07-30,3,3960,595000.0,high
7325,5244800895,2014-05-23,2,4500,595000.0,high
11625,6072300800,2015-05-05,4,8989,595000.0,high
10687,7011200160,2014-11-13,3,3600,595000.0,high
19443,3345700215,2014-06-20,3,22649,595000.0,high
12539,3885805300,2015-04-29,3,11520,595000.0,high
1316,203600140,2015-03-24,3,31238,595000.0,high
13389,8835400775,2014-10-26,4,9480,594950.0,high
6196,629600130,2014-08-01,4,35008,594950.0,high
8605,3066410850,2014-07-09,4,10006,594950.0,high
10230,8564850200,2015-04-02,5,6553,594950.0,high
21580,7853420110,2014-10-03,3,6000,594866.0,high
20102,8564860110,2015-01-13,4,6037,594491.0,high
17526,6392002635,2014-06-12,4,5200,594000.0,high
20195,3574750020,2014-06-25,4,4613,594000.0,high
13472,1025049115,2014-06-25,3,1406,594000.0,high
10854,475000510,2014-11-18,3,5000,594000.0,high
2121,2326059082,2015-01-26,3,70567,594000.0,high
6988,1562100380,2015-03-19,4,8000,594000.0,high
13901,7200001005,2015-05-01,3,10450,593777.0,high
3642,7527200110,2015-02-18,3,22000,593700.0,high
15713,9510970010,2015-04-29,3,3205,593567.0,high
2846,5561400740,2015-02-10,5,50405,593500.0,high
4265,3856902250,2015-01-05,3,4000,593500.0,high
4875,686200840,2015-04-22,4,7172,593450.0,high
9443,136000220,2015-03-25,2,2500,593000.0,high
13896,8562791010,2014-07-07,3,1850,593000.0,high
14444,6840701135,2014-11-10,5,4400,593000.0,high
12102,8682281480,2014-07-25,2,4751,592500.0,high
255,5101404898,2014-05-19,2,9191,592500.0,high
11172,1568100295,2015-02-02,6,8504,592500.0,high
12445,3182100105,2014-12-09,3,6750,592500.0,high
212,8677300550,2014-05-15,4,12032,592500.0,high
7708,1370802620,2014-12-11,2,5350,592500.0,high
18929,5561400220,2014-08-19,4,35150,592500.0,high
17812,8563050110,2014-05-22,4,8240,592500.0,high
14643,6840701225,2014-10-03,4,4400,592500.0,high
11766,8682281600,2014-07-08,2,4665,592350.0,high
16544,2212250080,2014-08-06,4,7851,592100.0,high
11119,3211700045,2015-01-28,4,11165,592000.0,high
13799,9144100206,2014-11-25,3,7424,592000.0,high
20206,7853360250,2014-07-10,5,5000,592000.0,high
2391,323089084,2014-08-27,3,81892,592000.0,high
20375,7853370020,2014-10-14,3,5250,591975.0,high
9425,7518500985,2014-09-03,4,4080,591500.0,high
11189,1774220400,2014-05-13,4,38180,591000.0,high
18237,2254501335,2014-09-22,3,3600,591000.0,high
6938,9828200545,2014-05-13,3,2400,591000.0,high
6113,5249800345,2014-06-19,3,7200,590300.0,high
12923,7338200180,2014-09-10,4,35010,590000.0,high
16189,3066410080,2014-09-17,3,10223,590000.0,high
6674,225039049,2014-09-08,2,6450,590000.0,high
16219,3629910470,2014-07-29,3,3870,590000.0,high
15450,1423089134,2014-08-15,3,41250,590000.0,high
609,5631500868,2015-04-17,4,15842,590000.0,high
11415,4298100060,2014-05-09,4,32496,590000.0,high
12099,2423069084,2015-03-03,4,104108,590000.0,high
12141,5505700030,2014-05-28,3,6150,590000.0,high
6129,8024201870,2014-10-29,4,5109,590000.0,high
2954,4045900147,2014-08-01,3,54014,590000.0,high
12680,925069123,2015-03-18,3,58370,590000.0,high
20739,9122001230,2014-12-05,3,5079,590000.0,high
19537,6181700625,2015-02-20,4,12970,590000.0,high
13998,9558050230,2015-05-07,4,6873,590000.0,high
7979,7504001080,2015-03-04,4,12600,590000.0,high
10843,3800000160,2014-07-09,3,9380,590000.0,high
1955,3904921070,2014-08-12,4,8971,590000.0,high
8707,2821079081,2014-10-10,4,339332,590000.0,high
17713,3459410230,2014-11-11,3,8800,590000.0,high
8051,6928000620,2015-02-18,5,6625,590000.0,high
1045,1825079070,2015-03-13,3,242629,590000.0,high
11961,3127200036,2014-07-28,3,8325,590000.0,high
17146,7960100050,2015-04-15,3,3600,590000.0,high
16676,7228500425,2014-07-28,3,2370,590000.0,high
17935,2351800065,2015-02-17,3,6120,590000.0,high
11336,6411600045,2014-10-16,4,9385,590000.0,high
11719,4078300024,2014-07-25,4,4205,590000.0,high
3317,2821049048,2014-06-03,4,57514,590000.0,high
2838,3735900590,2014-10-21,3,5742,590000.0,high
5167,6308000020,2015-04-03,3,4203,590000.0,high
8992,8078380230,2014-08-08,3,8622,590000.0,high
15628,686300420,2014-06-23,4,7875,590000.0,high
11760,59000445,2014-09-23,4,5400,590000.0,high
20448,2436700625,2015-04-17,2,1281,590000.0,high
14715,9285800790,2015-04-06,5,6710,590000.0,high
3671,8847400115,2014-07-23,3,208652,590000.0,high
11438,3904960700,2014-06-13,4,7972,590000.0,high
10368,9214400125,2014-07-01,3,6413,590000.0,high
17770,1951800580,2014-10-24,4,12500,590000.0,high
3170,6117500785,2014-07-22,3,12430,590000.0,high
14924,7702010050,2015-03-23,3,5788,590000.0,high
479,6665800030,2014-07-18,4,10650,590000.0,high
2634,3286800370,2015-02-06,5,40341,590000.0,high
13055,293800120,2015-04-30,4,29013,590000.0,high
14146,1777600210,2015-02-17,4,10611,590000.0,high
18177,7011201333,2014-09-17,3,1230,590000.0,high
16868,4315700275,2014-11-07,4,4950,590000.0,high
1273,1822069116,2014-12-17,3,99752,590000.0,high
2988,825079019,2014-12-03,3,218235,590000.0,high
21205,9276202130,2015-04-08,3,2875,590000.0,high
1907,34001160,2014-09-19,3,9374,590000.0,high
21274,8673400020,2015-03-11,3,1100,590000.0,high
4938,8077200470,2014-07-18,4,11072,590000.0,high
21544,8562770720,2015-04-23,3,3628,589999.0,high
3883,2997800076,2014-12-09,3,1350,589950.0,high
16779,5104540500,2014-06-24,4,8195,589950.0,high
6126,7701800050,2014-06-25,5,19439,589950.0,high
5252,7524400250,2014-11-24,3,12094,589950.0,high
6941,1026069120,2014-05-08,2,66646,589900.0,high
19403,5561301220,2014-06-10,4,35889,589900.0,high
13254,2493200325,2015-05-09,4,3200,589500.0,high
19871,952005525,2014-06-27,3,3075,589500.0,high
15580,3959400345,2015-03-11,4,4933,589500.0,high
12607,7853310450,2014-06-06,4,6326,589500.0,high
11709,5104531290,2014-11-24,4,7941,589450.0,high
21012,7853400220,2014-09-26,3,7201,589410.0,high
12239,7852011040,2014-05-21,4,5776,589000.0,high
1814,3125079062,2015-04-26,3,206480,589000.0,high
16102,7234600851,2014-12-16,4,4366,589000.0,high
18066,2998800040,2014-06-13,3,8800,589000.0,high
3754,686400930,2014-08-25,5,10150,589000.0,high
14988,4221260050,2014-09-03,3,4337,589000.0,high
11422,8682310310,2015-05-11,2,4667,589000.0,high
10756,5706000070,2014-10-14,4,15000,589000.0,high
13917,9578080040,2014-08-12,3,954,589000.0,high
19218,8562750300,2014-07-31,3,5663,589000.0,high
182,3127200041,2014-06-13,4,9600,589000.0,high
11533,4099100260,2014-09-03,3,4799,589000.0,high
14576,3811000230,2015-03-16,4,57599,589000.0,high
14243,2397100155,2015-02-24,3,3600,589000.0,high
18435,4217400590,2014-11-18,3,5040,589000.0,high
12024,6822100030,2014-05-28,3,6000,589000.0,high
3143,7915100490,2014-08-12,4,4862,589000.0,high
5342,7933510080,2014-10-06,3,118483,589000.0,high
4964,7525000080,2014-05-02,3,14892,588500.0,high
20236,3304300080,2015-03-30,4,7710,588000.0,high
16698,9557300080,2014-08-22,4,7245,588000.0,high
18625,2923501130,2014-07-22,4,7344,588000.0,high
1300,6392001670,2014-06-11,4,5000,588000.0,high
8665,9521100880,2014-09-16,3,4200,588000.0,high
2349,2887700140,2014-07-07,3,4777,588000.0,high
6954,6021500840,2014-07-03,5,4900,588000.0,high
19540,923000115,2014-10-29,3,7620,588000.0,high
736,3626039299,2015-02-24,3,8167,588000.0,high
16091,952001495,2015-03-06,4,5750,588000.0,high
8825,7199320600,2014-05-19,3,7350,588000.0,high
14743,3761100276,2015-03-13,4,19550,588000.0,high
20373,207700050,2014-10-15,5,4464,588000.0,high
9296,625049310,2015-03-11,2,4730,587750.0,high
1816,6844703410,2014-09-24,4,6120,587500.0,high
3171,6115400008,2015-02-26,4,20868,587500.0,high
8440,9324800650,2015-04-27,3,8775,587450.0,high
7090,5694001061,2014-06-20,3,1710,587206.0,high
18223,3307700405,2014-07-23,2,6967,587100.0,high
8729,6383000690,2015-03-25,3,6414,587100.0,high
6013,7853310380,2014-12-11,4,8737,587000.0,high
12589,2459900040,2014-07-17,5,52595,587000.0,high
15922,2425069069,2014-05-27,3,217800,587000.0,high
5544,7215720680,2015-02-03,4,8430,587000.0,high
16105,1446300020,2014-05-31,4,6256,587000.0,high
8361,3295730040,2014-07-15,3,5193,587000.0,high
21075,1972200882,2014-06-04,3,1487,586500.0,high
3797,5603800110,2014-09-15,4,9000,586000.0,high
19418,5418500650,2015-03-25,4,8338,586000.0,high
9083,8045000180,2015-04-21,3,7431,585888.0,high
1413,9122001231,2015-04-03,6,6924,585444.0,high
189,1115810060,2014-12-05,3,10026,585188.0,high
16196,7527410080,2014-06-02,5,36250,585083.0,high
14982,6308000010,2014-12-08,3,5089,585000.0,high
53,3626039271,2015-02-05,2,8550,585000.0,high
11838,6743700060,2014-07-14,4,12519,585000.0,high
2295,8712100320,2014-07-28,5,4178,585000.0,high
14983,6308000010,2015-04-23,3,5089,585000.0,high
13022,3904910650,2015-03-16,3,10839,585000.0,high
19206,3288301010,2014-06-25,4,6825,585000.0,high
16775,3501600235,2014-05-05,2,8640,585000.0,high
19740,3630240140,2015-01-23,4,1286,585000.0,high
6785,3276930420,2014-09-12,4,45860,585000.0,high
12045,7784400070,2014-07-22,3,9500,585000.0,high
12053,6071300160,2014-08-22,5,14467,585000.0,high
7919,9522100485,2014-05-15,5,3750,585000.0,high
2150,7524950830,2014-05-27,3,7735,585000.0,high
7951,4022905172,2014-09-26,4,27122,585000.0,high
21104,2770603522,2014-12-11,3,1250,585000.0,high
15665,2922069134,2014-08-29,3,153767,585000.0,high
13505,7010700580,2015-03-03,2,7920,585000.0,high
7310,7859960250,2015-01-07,4,6892,585000.0,high
2201,7853240560,2014-09-03,4,6479,585000.0,high
13336,6371500040,2015-03-16,3,4800,585000.0,high
2119,824069121,2014-12-22,5,40946,585000.0,high
16605,5561400470,2015-04-07,4,34939,585000.0,high
16288,1549500585,2015-04-27,3,209523,585000.0,high
19296,9828701605,2014-10-02,3,2350,585000.0,high
15225,3630030440,2014-09-23,4,3720,585000.0,high
5842,5525400430,2014-07-15,3,11690,585000.0,high
7383,2770600795,2015-03-02,4,7000,585000.0,high
10735,4443800505,2015-05-07,3,3880,585000.0,high
16523,7436400020,2015-03-25,3,7350,585000.0,high
8880,9530100555,2014-06-13,3,2807,585000.0,high
12636,8854100220,2014-12-05,3,12700,585000.0,high
991,3226049270,2015-03-04,4,8158,585000.0,high
11746,3574900030,2015-03-27,4,9099,585000.0,high
8356,5151200215,2014-12-12,4,6766,585000.0,high
6420,5104531640,2015-03-23,4,5100,585000.0,high
13521,7954300330,2014-07-08,4,6185,585000.0,high
9225,6917700195,2014-07-28,3,4800,585000.0,high
3841,3342700405,2014-05-22,4,42200,585000.0,high
20226,3424069008,2014-06-06,4,4747,585000.0,high
18769,8917100153,2014-09-10,4,15200,585000.0,high
13781,1774200230,2015-01-20,6,43787,585000.0,high
1352,1823039205,2014-06-24,3,100545,585000.0,high
16684,3223039181,2014-06-09,4,131790,585000.0,high
14377,1323089107,2015-01-21,3,33750,585000.0,high
17653,5075400150,2014-05-23,3,4572,585000.0,high
18034,3840700757,2014-06-19,4,11044,585000.0,high
13785,2207200455,2015-04-09,5,16617,585000.0,high
9184,6402700110,2014-09-10,4,12753,585000.0,high
19166,1136100062,2014-05-09,4,29252,585000.0,high
13603,2877103111,2014-08-25,3,5000,585000.0,high
16860,7197800020,2015-04-27,4,4119,585000.0,high
7777,7011201016,2014-10-01,3,1156,585000.0,high
6531,8563000470,2014-07-23,4,8117,585000.0,high
13177,5323100120,2014-09-16,3,2197,585000.0,high
21528,3416600750,2015-02-17,3,1381,585000.0,high
1177,3334000055,2015-04-29,2,7110,585000.0,high
510,8121200810,2015-05-05,4,7559,585000.0,high
4289,2770600853,2014-06-12,3,1501,585000.0,high
4267,2621069066,2015-04-27,3,207346,585000.0,high
10044,7950303270,2015-03-02,2,6000,585000.0,high
5343,1926069063,2015-03-06,3,87213,585000.0,high
9270,7787050180,2015-01-28,3,7282,585000.0,high
8238,4315701163,2015-04-13,3,6000,585000.0,high
12487,2568300210,2014-06-28,5,16777,585000.0,high
10114,7852010510,2015-04-24,4,6250,585000.0,high
12117,4154303655,2014-12-11,2,7200,585000.0,high
20414,5631501202,2015-03-26,4,5612,585000.0,high
1210,8585400135,2014-11-05,4,5356,585000.0,high
4188,1376800115,2014-11-03,3,5378,585000.0,high
6526,6204430250,2014-11-21,5,12614,585000.0,high
4587,725079058,2014-08-11,3,216493,585000.0,high
7392,424069130,2015-02-13,4,17859,584999.0,high
13737,4305500180,2014-10-14,4,6224,584950.0,high
7036,4449800345,2014-10-08,3,3962,584000.0,high
20526,2902200142,2014-06-05,3,1485,584000.0,high
12575,6134500220,2014-07-28,3,6600,583800.0,high
15854,7199310290,2014-09-05,3,7800,583500.0,high
10827,5469500640,2015-02-24,3,13000,583500.0,high
17764,1630700361,2015-04-09,4,48351,583500.0,high
2103,2767601031,2015-02-02,4,3900,583500.0,high
17020,8078430130,2015-04-07,3,8276,583000.0,high
10288,9346920070,2014-08-22,3,10183,583000.0,high
6986,3342100780,2014-07-09,3,5100,583000.0,high
2317,3253500030,2014-07-25,4,9453,583000.0,high
5731,1954400500,2014-06-25,3,8144,583000.0,high
12661,7202260330,2014-05-09,4,4000,583000.0,high
10040,8914200060,2015-01-15,4,10519,583000.0,high
7430,9510970050,2014-09-01,4,4011,583000.0,high
9147,8917100180,2014-06-04,6,16411,583000.0,high
12305,7751800070,2014-08-04,3,10050,583000.0,high
967,8651520510,2014-05-15,4,7636,582800.0,high
10923,9554200200,2014-12-18,2,6549,582500.0,high
9343,6743700317,2015-02-04,2,23779,582500.0,high
3800,4235401055,2014-05-14,2,4800,582500.0,high
6364,9498200091,2014-09-25,2,6804,582500.0,high
8393,2493200215,2014-12-31,3,3140,582000.0,high
12891,1777600880,2014-07-11,5,12335,582000.0,high
5253,4441300440,2014-05-12,4,4650,582000.0,high
7857,6021502310,2014-12-18,2,4141,582000.0,high
2855,9828702812,2014-09-23,4,1189,582000.0,high
16792,6388930420,2014-08-05,3,19860,582000.0,high
18232,9828702120,2014-07-01,4,2566,581000.0,high
808,7202340960,2014-09-08,3,4438,581000.0,high
19015,2447500015,2014-11-21,2,11200,581000.0,high
9072,8679600150,2014-05-07,4,13695,581000.0,high
10371,7518507580,2015-05-02,2,4080,581000.0,high
4196,8562500690,2014-05-13,4,8164,581000.0,high
30,8562750320,2014-11-10,3,3980,580500.0,high
6644,3570000130,2014-06-11,4,27820,580379.0,high
7867,1438000110,2014-06-03,4,5886,580135.0,high
14424,3543900418,2014-05-15,3,4638,580050.0,high
8240,4157600120,2015-04-22,5,11900,580000.0,high
7794,461002615,2014-12-02,5,5000,580000.0,high
14017,9136103136,2015-03-13,2,4013,580000.0,high
13747,1238501098,2015-03-13,3,8506,580000.0,high
18943,3131201105,2014-07-09,3,5100,580000.0,high
16827,7511200190,2014-09-10,4,36465,580000.0,high
8842,4221250100,2014-08-05,3,4604,580000.0,high
10994,7309100270,2014-06-26,4,6975,580000.0,high
8813,9191201250,2015-01-07,5,3750,580000.0,high
10597,5490220030,2015-02-25,4,11680,580000.0,high
18542,1560800110,2014-06-17,5,10875,580000.0,high
18082,9376301591,2015-04-14,3,2600,580000.0,high
19241,3876311490,2014-07-24,4,6825,580000.0,high
10124,1994200012,2015-04-13,3,2797,580000.0,high
19436,3179102305,2014-07-17,3,6874,580000.0,high
6818,3095000095,2014-07-14,3,4800,580000.0,high
14237,8078600330,2014-07-08,3,5980,580000.0,high
10852,3575302397,2014-11-13,3,11550,580000.0,high
11497,3260200200,2014-10-30,3,7416,580000.0,high
16700,5700001100,2014-10-07,4,4995,580000.0,high
7492,582000675,2014-09-08,2,6000,580000.0,high
13699,2923501020,2014-09-29,4,7700,580000.0,high
9228,7558750120,2015-03-10,3,8188,580000.0,high
10853,6190500340,2014-05-09,4,6268,580000.0,high
9018,267020090,2014-08-18,5,15783,580000.0,high
9162,9429500146,2014-07-14,3,18750,580000.0,high
17938,1235100371,2014-07-17,5,9600,580000.0,high
13581,5101406375,2015-03-19,3,10633,580000.0,high
11046,7511200350,2014-09-19,3,81021,580000.0,high
20387,9523100730,2014-05-23,3,1173,580000.0,high
20989,2135200155,2014-08-05,5,7410,580000.0,high
19568,2436200025,2014-10-09,6,4000,580000.0,high
16974,1523550480,2014-06-13,3,4627,580000.0,high
6569,6844703135,2015-03-12,4,5100,580000.0,high
2419,8078350030,2014-06-02,4,7064,580000.0,high
3145,9274201807,2014-08-20,3,1937,580000.0,high
21442,8682320900,2014-11-05,3,5300,580000.0,high
3988,2768301217,2015-05-06,3,1873,580000.0,high
293,6073240060,2014-10-02,4,11060,580000.0,high
20632,1861100267,2014-09-18,3,1521,580000.0,high
21308,9528101061,2014-08-25,4,951,580000.0,high
2017,3383900058,2014-11-18,3,857,580000.0,high
3063,6896300375,2014-05-05,2,7000,580000.0,high
20960,8032700072,2015-04-15,3,1250,580000.0,high
16185,6891800500,2015-04-26,3,9752,580000.0,high
17068,2215500080,2014-05-28,5,6000,580000.0,high
2946,7525410090,2014-07-08,4,35752,580000.0,high
3259,1137301780,2014-11-26,3,40278,580000.0,high
2963,7278100690,2014-09-18,3,7190,580000.0,high
13282,7537300210,2015-01-28,2,5700,580000.0,high
1798,1139000685,2014-07-29,4,6703,580000.0,high
12420,8010100135,2014-10-30,3,6250,580000.0,high
20049,7222000090,2014-05-06,4,8327,580000.0,high
13317,6917700665,2015-02-18,2,9780,580000.0,high
19632,1972200554,2014-08-04,3,1026,580000.0,high
4043,5309100750,2015-01-23,3,2800,580000.0,high
5759,1954420170,2014-11-13,3,7484,580000.0,high
17335,2856100381,2014-07-11,7,2400,580000.0,high
17307,7518501025,2015-03-27,3,5100,580000.0,high
2614,7525300310,2014-06-19,4,9593,580000.0,high
1888,9253900354,2014-07-01,3,11000,580000.0,high
4389,9237800100,2015-02-04,3,8625,580000.0,high
16369,4083301950,2014-11-20,2,3200,580000.0,high
19771,9523100731,2014-09-30,3,1171,580000.0,high
3235,8576400110,2015-03-17,6,13700,580000.0,high
21008,9274200322,2014-08-20,3,1236,580000.0,high
6655,1774200190,2015-04-28,3,32757,580000.0,high
20033,9211010900,2014-06-18,4,5000,580000.0,high
20811,1825079046,2014-12-18,3,374616,580000.0,high
16018,259601100,2014-05-13,5,7125,580000.0,high
2700,2218000390,2014-06-12,5,6000,580000.0,high
6312,5100403947,2014-08-04,4,5000,580000.0,high
6313,1189000825,2014-07-02,3,3960,580000.0,high
1844,9274200320,2015-04-13,3,1280,580000.0,high
13041,9521101065,2015-03-23,2,5000,580000.0,high
21306,1862400541,2015-02-28,3,1585,579950.0,high
18318,2421059125,2015-04-14,4,213444,579950.0,high
21523,3304300300,2015-05-07,4,8643,579950.0,high
2908,9528101224,2014-10-07,3,1217,579950.0,high
21564,7168100015,2014-10-09,5,5752,579950.0,high
10031,1646501920,2014-10-30,3,4120,579500.0,high
4160,1257202120,2014-10-30,2,2754,579100.0,high
2763,6690500070,2014-07-21,3,4040,579000.0,high
13216,822069029,2015-02-17,3,223027,579000.0,high
17823,1646500365,2014-11-21,3,4429,579000.0,high
10071,8121200700,2014-07-13,4,8764,579000.0,high
18976,6649900301,2014-12-31,3,18540,579000.0,high
14340,6379500227,2014-10-06,3,1904,579000.0,high
8208,521079025,2015-04-17,3,286181,579000.0,high
7524,2484700015,2015-03-27,4,6000,579000.0,high
21577,3881900317,2015-01-23,4,2631,579000.0,high
3724,9828702251,2014-06-23,3,1269,579000.0,high
16024,8682261440,2015-01-13,2,4500,579000.0,high
3390,5249801785,2014-12-05,2,7200,579000.0,high
8398,8682231110,2014-06-09,2,6275,579000.0,high
15782,8835900010,2014-08-04,3,5400,579000.0,high
20570,3879900750,2014-09-10,2,1051,579000.0,high
21487,847100047,2014-09-17,4,9825,579000.0,high
5556,4083802195,2015-03-19,2,4000,578888.0,high
17316,3904920380,2015-03-23,3,6602,578550.0,high
10027,9178600810,2014-12-17,3,5700,578500.0,high
19518,3905120610,2014-06-25,4,5415,578000.0,high
439,284000223,2014-09-16,3,10875,578000.0,high
458,1742800030,2014-06-12,4,9225,578000.0,high
7557,6021501780,2014-08-18,3,4500,578000.0,high
5508,2600040130,2014-07-11,3,9580,578000.0,high
16401,1370803730,2015-01-26,3,6000,578000.0,high
8325,567000025,2015-04-02,2,3000,577500.0,high
12642,3126049107,2015-05-03,2,5515,577500.0,high
10082,3447000060,2014-10-08,3,13286,577500.0,high
17442,1592000130,2014-11-14,3,10879,577500.0,high
413,1525200060,2014-07-23,3,7251,577500.0,high
20935,6382500084,2014-10-13,3,1755,577450.0,high
12730,5680000455,2014-11-17,4,7200,577288.0,high
14309,3787000120,2015-01-22,3,7878,577000.0,high
12130,2436200320,2015-04-21,2,5265,577000.0,high
1915,7577700070,2014-08-28,2,4879,577000.0,high
18970,3297700100,2014-09-03,3,5500,577000.0,high
3944,3584900090,2014-06-13,3,12874,577000.0,high
1493,1737100830,2015-02-05,4,7490,577000.0,high
10453,2768000390,2014-09-26,5,5000,577000.0,high
18060,6917700650,2014-10-08,2,23160,577000.0,high
11211,7504180070,2014-11-11,3,20251,577000.0,high
20270,7202261060,2014-12-29,3,5238,577000.0,high
621,3010300240,2014-06-23,3,5750,577000.0,high
18122,1428900033,2014-11-19,4,6100,576925.0,high
3842,9276201140,2015-02-13,3,5000,576750.0,high
8162,452001570,2015-04-03,2,5000,576250.0,high
1690,5631500505,2014-06-16,4,28405,576000.0,high
5026,6205500280,2015-04-21,3,13891,576000.0,high
3967,7852090750,2014-07-21,4,5756,576000.0,high
20491,9211010330,2015-04-09,4,6924,576000.0,high
2841,2755200090,2014-07-14,3,5395,576000.0,high
302,2747100024,2014-06-19,3,9000,576000.0,high
16323,267000170,2014-12-10,3,12000,575950.0,high
8614,8024200820,2015-02-13,3,6130,575700.0,high
6612,9482700080,2014-10-13,3,2897,575575.0,high
9528,1795900210,2014-05-18,4,7475,575550.0,high
15453,8813400345,2015-04-14,2,3663,575000.0,high
7431,7156200005,2015-04-02,3,9163,575000.0,high
2423,6728700075,2014-05-20,4,6060,575000.0,high
9927,8568030030,2014-07-29,4,16970,575000.0,high
19806,7853380510,2014-06-03,4,7644,575000.0,high
12731,125039021,2014-09-24,2,2726,575000.0,high
18893,7579200600,2015-04-28,3,5750,575000.0,high
12533,5710600620,2015-04-29,3,9600,575000.0,high
19679,5214510060,2015-05-04,5,7200,575000.0,high
9130,2011400230,2014-06-26,5,49709,575000.0,high
13999,1241500155,2014-08-05,3,3599,575000.0,high
2503,1781500435,2015-02-25,3,7344,575000.0,high
7780,3023049186,2015-04-16,3,30056,575000.0,high
17725,5511600315,2015-02-18,2,5810,575000.0,high
12303,5710610800,2014-07-02,3,8625,575000.0,high
12925,9545240180,2014-06-16,4,9603,575000.0,high
17642,2767603160,2015-02-25,2,4750,575000.0,high
16404,2652500225,2014-10-10,3,3600,575000.0,high
13832,1930300410,2015-03-04,2,4320,575000.0,high
6211,2877102846,2014-06-25,3,3333,575000.0,high
12877,3905120330,2014-11-10,4,5508,575000.0,high
7881,5469501530,2014-06-03,3,33825,575000.0,high
7834,6453900040,2014-07-14,5,7500,575000.0,high
16388,4027700009,2014-05-15,4,17810,575000.0,high
19575,4442800040,2014-06-24,3,5000,575000.0,high
14296,1931300175,2014-07-02,4,4800,575000.0,high
3254,2917200645,2015-05-11,4,6200,575000.0,high
3169,525049085,2014-09-18,3,4050,575000.0,high
9652,3286800110,2014-09-04,5,53578,575000.0,high
4522,7748000025,2015-04-12,2,5418,575000.0,high
2049,8682261070,2015-04-27,2,6194,575000.0,high
3056,3693901801,2015-05-05,3,5000,575000.0,high
15530,3905080250,2014-09-26,4,6247,575000.0,high
20917,6762700452,2014-06-13,3,1287,575000.0,high
21048,7853420450,2014-05-19,4,4945,575000.0,high
6169,2321300351,2014-06-12,2,4032,575000.0,high
9835,4038700830,2015-04-09,4,8800,575000.0,high
19302,3756900027,2014-11-25,8,15990,575000.0,high
2368,4443800030,2014-12-01,2,4076,575000.0,high
13977,200500410,2015-05-06,3,9535,575000.0,high
13886,3522029124,2014-12-03,3,435600,575000.0,high
18645,7942600910,2014-12-16,1,8667,575000.0,high
2374,1330900570,2014-11-06,4,35636,575000.0,high
9087,9165100230,2014-12-22,3,3880,575000.0,high
20694,6371000079,2014-07-14,4,1230,575000.0,high
4709,723069089,2014-07-15,4,56628,575000.0,high
12702,4321200580,2015-01-25,3,2320,575000.0,high
4400,1492800296,2014-07-03,3,6743,575000.0,high
12414,3052700695,2014-05-07,4,5000,575000.0,high
14864,686450330,2014-09-15,4,12155,575000.0,high
5924,7626200305,2014-10-22,3,5000,575000.0,high
10871,1954430390,2014-07-07,4,6137,575000.0,high
8388,6751300385,2015-04-24,3,9030,575000.0,high
3920,1158700100,2014-08-11,2,19700,575000.0,high
18026,2767602720,2015-02-23,3,5000,575000.0,high
13152,226059161,2014-12-31,4,27441,575000.0,high
10393,9839300125,2015-01-07,4,4400,575000.0,high
5915,4206901155,2014-09-24,3,4000,575000.0,high
7548,3204300705,2014-05-15,2,6000,575000.0,high
5678,3740000010,2014-10-09,3,5956,575000.0,high
10440,7214720510,2014-08-06,4,47044,575000.0,high
11596,7010700860,2014-12-26,4,4163,575000.0,high
3766,3876301140,2014-11-05,5,7992,575000.0,high
11159,1321700030,2014-06-24,4,20793,575000.0,high
11104,1088800060,2014-11-05,3,9600,575000.0,high
16062,6189200050,2015-02-03,3,10349,575000.0,high
10672,9141100070,2015-01-26,5,12375,575000.0,high
18798,1930301220,2015-04-17,3,2400,575000.0,high
10710,8564700240,2014-10-17,3,7301,575000.0,high
13205,2287600040,2014-07-11,4,8100,575000.0,high
13609,259800610,2015-02-20,4,9491,575000.0,high
7649,9238480120,2015-04-21,4,35075,575000.0,high
5513,9283800050,2014-08-19,2,19709,575000.0,high
16368,6633900050,2014-08-26,3,4797,575000.0,high
13667,1823069287,2014-07-29,3,33661,575000.0,high
5459,1672000170,2014-09-08,3,11141,575000.0,high
7640,7853220740,2015-04-07,4,9775,575000.0,high
5390,7202350480,2014-09-30,3,4780,575000.0,high
17979,9545200180,2014-11-26,3,10136,575000.0,high
8299,2624049165,2014-05-13,3,11750,575000.0,high
20263,3026059363,2014-10-31,3,1559,575000.0,high
16354,6788200605,2014-12-23,3,3800,575000.0,high
10270,2771600350,2014-05-06,3,6500,575000.0,high
1093,2484200171,2014-07-14,4,7140,575000.0,high
8584,2997800090,2015-04-06,3,5652,575000.0,high
8629,2926049086,2014-10-28,7,11250,575000.0,high
16957,2464400285,2014-12-29,3,2910,575000.0,high
6029,3629870020,2014-11-14,3,3485,575000.0,high
12136,1211000070,2014-09-21,5,4000,575000.0,high
13437,8121100325,2015-04-19,4,4635,575000.0,high
11248,952001710,2015-03-03,4,5750,575000.0,high
13243,1523069072,2014-07-23,3,100188,575000.0,high
5609,3039000050,2014-12-01,4,11201,575000.0,high
15413,9414610020,2014-06-18,5,10000,574950.0,high
14609,2887703186,2014-10-23,3,2946,574800.0,high
9636,5101406384,2014-10-20,4,6380,574500.0,high
1806,8079100370,2014-11-07,3,7000,574000.0,high
18560,955000453,2015-04-13,2,1114,574000.0,high
10061,6979900370,2014-11-14,4,22795,574000.0,high
13898,8857640210,2015-04-20,4,10179,574000.0,high
6242,7852110050,2014-06-25,3,6832,574000.0,high
11864,2927600435,2015-04-02,3,21450,573500.0,high
14464,34001540,2015-04-23,2,6600,573300.0,high
6563,7558750190,2014-07-24,4,9520,573000.0,high
19959,7853430690,2015-01-27,3,4682,572800.0,high
5370,2541100050,2014-07-31,4,11349,572650.0,high
4711,8081900195,2014-12-10,3,4600,572500.0,high
17719,7135500120,2014-05-19,3,9791,572500.0,high
13922,9238900085,2014-10-29,5,4947,572500.0,high
15354,3066200460,2014-12-18,3,11200,572500.0,high
5848,4113800500,2015-02-12,3,7589,572500.0,high
20027,3744000100,2014-11-11,4,4838,572115.0,high
21591,4140940150,2014-10-02,4,3852,572000.0,high
18562,9545220100,2014-07-28,3,9938,572000.0,high
20522,3304300210,2015-03-27,4,7992,572000.0,high
18660,1231001130,2014-11-13,3,4000,572000.0,high
14252,2193340120,2014-06-04,3,7897,572000.0,high
5196,9416400020,2014-08-27,3,3885,572000.0,high
15788,8653600050,2015-02-25,3,22767,572000.0,high
12516,8682260610,2015-04-30,2,5143,572000.0,high
4909,5450300010,2014-09-02,3,13751,572000.0,high
4950,4376700430,2014-07-16,5,9225,572000.0,high
4223,7923300115,2014-12-01,4,8947,571900.0,high
9336,3905081530,2014-10-07,4,5799,571500.0,high
19008,4077800474,2014-11-24,4,7455,571500.0,high
18475,5315100667,2014-06-03,3,6710,571500.0,high
9318,4420600015,2014-10-06,4,25990,571500.0,high
8694,5072400100,2015-04-13,4,9900,571000.0,high
11929,6021501420,2014-08-25,4,4000,571000.0,high
72,8820901275,2014-06-10,4,7807,571000.0,high
20064,8562770490,2015-03-30,3,2867,571000.0,high
10955,3630110510,2014-08-04,3,3867,571000.0,high
11943,7202261260,2014-11-17,3,5186,571000.0,high
16026,7680400050,2014-10-22,5,43560,571000.0,high
8824,200500610,2014-06-11,3,7465,571000.0,high
12384,2652500126,2015-02-17,2,1800,570500.0,high
2994,9828701871,2015-02-12,3,1657,570000.0,high
11062,6141100320,2015-02-13,2,6685,570000.0,high
111,3362400511,2015-03-04,3,3328,570000.0,high
16410,8635750980,2014-07-14,4,4200,570000.0,high
13642,622049106,2014-12-02,6,15625,570000.0,high
5819,7200001259,2015-05-01,3,9000,570000.0,high
415,3426059070,2014-09-09,3,37461,570000.0,high
12412,9221400335,2014-10-01,4,5080,570000.0,high
4677,4229400015,2015-05-07,3,4089,570000.0,high
2922,7215721570,2015-05-05,3,4941,570000.0,high
7300,9274203390,2014-05-20,2,4025,570000.0,high
7175,6151800080,2014-09-02,3,10203,570000.0,high
9109,809003160,2014-12-18,2,4000,570000.0,high
16658,7701930050,2014-08-11,3,20189,570000.0,high
13507,3126049154,2014-09-25,3,3192,570000.0,high
10900,1797500435,2015-04-20,2,4000,570000.0,high
14369,4113800330,2014-06-06,3,6975,570000.0,high
13141,7504001320,2014-11-21,3,11953,570000.0,high
8363,1236300146,2015-05-04,3,7287,570000.0,high
9245,686200490,2014-09-26,4,7700,570000.0,high
11445,1974300060,2014-09-23,4,10918,570000.0,high
18349,2461900850,2015-01-05,4,6000,570000.0,high
18845,686530530,2014-08-04,5,9750,570000.0,high
13221,820079081,2014-09-11,4,217800,570000.0,high
13042,3244500158,2014-09-08,3,40392,570000.0,high
19101,5126210360,2014-10-22,4,115434,570000.0,high
4984,1443550020,2015-05-06,4,11816,570000.0,high
8551,2826079101,2015-04-15,4,44001,570000.0,high
20210,1635500250,2014-11-24,4,5801,570000.0,high
6903,5249801440,2015-04-22,3,7650,570000.0,high
10430,1592000640,2014-11-19,3,9246,570000.0,high
7859,23500180,2014-05-05,3,6000,570000.0,high
916,2768301525,2014-10-23,3,1777,570000.0,high
14310,5693500760,2014-07-07,3,3330,570000.0,high
16148,1624059093,2014-06-30,3,29185,570000.0,high
4464,8082400011,2015-04-06,2,4301,570000.0,high
942,65000400,2014-10-22,4,6766,570000.0,high
10377,1928300350,2014-12-22,3,3300,570000.0,high
8591,200520120,2014-07-01,4,8483,570000.0,high
1645,1377300135,2014-10-17,2,6240,570000.0,high
3725,9558040820,2014-07-09,6,6015,570000.0,high
9187,226059103,2014-05-27,3,36210,570000.0,high
15669,9828702335,2015-02-12,2,690,570000.0,high
18683,2423020090,2015-04-24,3,7350,570000.0,high
2728,3760500435,2015-01-14,3,11936,570000.0,high
21193,2770601912,2015-04-02,3,1280,570000.0,high
12215,9164100105,2015-03-10,3,4750,570000.0,high
10544,11200070,2014-07-21,3,3296,570000.0,high
17520,1646501845,2014-09-13,3,3090,570000.0,high
14702,1423069077,2014-09-15,2,102366,570000.0,high
19353,3187600100,2014-05-13,3,5401,570000.0,high
13318,7214710210,2014-12-17,4,36446,570000.0,high
2163,7234601162,2014-09-15,3,1021,570000.0,high
9555,357000025,2014-10-20,2,3760,570000.0,high
12799,3905120540,2014-06-18,4,6738,570000.0,high
18597,3222049087,2015-04-22,1,7540,570000.0,high
9135,3649100676,2015-02-19,4,7910,570000.0,high
17832,424049039,2014-07-07,3,2808,570000.0,high
15868,587550010,2015-01-16,4,23544,570000.0,high
12267,4221250320,2014-10-17,4,4534,570000.0,high
19955,4305600100,2014-12-22,4,5600,570000.0,high
14605,4077800455,2015-03-26,4,10401,570000.0,high
3520,824069156,2015-04-29,4,46902,570000.0,high
5346,267010020,2014-07-11,4,7800,570000.0,high
15296,2597000130,2015-04-30,3,10929,570000.0,high
20363,9211000170,2014-10-08,4,7187,570000.0,high
9170,4017050820,2015-03-20,3,13880,569999.0,high
20169,1438000010,2014-09-12,4,6875,569995.0,high
19752,7853361420,2014-08-26,4,5899,569950.0,high
5104,9289100170,2014-10-31,5,28185,569950.0,high
8985,9468200100,2014-07-10,4,5940,569950.0,high
14688,621069057,2015-03-23,4,443440,569950.0,high
17237,9276200190,2015-04-16,5,6250,569950.0,high
8007,9325200110,2014-09-09,5,7805,569950.0,high
9459,721049096,2014-05-27,5,40902,569950.0,high
19755,6056100102,2014-10-30,5,3873,569900.0,high
21408,3343901408,2015-01-28,4,6474,569888.0,high
7963,1837010040,2014-09-05,4,8190,569500.0,high
14661,3416601021,2014-09-26,4,3194,569500.0,high
5813,8078440050,2014-07-30,4,8248,569500.0,high
2672,3959400400,2014-07-09,3,8227,569000.0,high
18824,6117501250,2014-08-01,4,21196,569000.0,high
3504,7000100850,2014-09-26,4,7890,569000.0,high
2283,5017000575,2014-11-24,3,3000,569000.0,high
5553,3295730050,2014-10-01,3,8060,569000.0,high
16728,9521100795,2014-06-23,4,3884,569000.0,high
3326,4021700025,2014-06-10,5,10583,569000.0,high
6929,2621700010,2014-05-08,4,41688,569000.0,high
7706,7852140100,2014-10-07,4,10954,569000.0,high
18774,7199350600,2014-06-02,3,7519,568500.0,high
16590,8635750950,2014-06-07,4,4200,568500.0,high
16064,7954300460,2014-09-04,4,6181,568500.0,high
14166,2722059010,2014-06-18,5,58806,568450.0,high
13361,5408100035,2015-04-20,3,7260,568000.0,high
18557,324069058,2014-05-30,4,50233,568000.0,high
9099,1525069058,2014-06-26,4,265716,568000.0,high
8818,3723800409,2014-05-07,3,5080,568000.0,high
18617,5122400025,2014-07-08,4,17476,568000.0,high
7182,7936000403,2014-06-09,3,3520,568000.0,high
3484,925069111,2015-05-07,3,235224,568000.0,high
2190,8644400060,2014-10-29,3,57063,568000.0,high
15461,8914100080,2015-03-11,3,22499,568000.0,high
4970,9274200314,2014-08-21,3,1279,568000.0,high
17069,225069016,2014-07-22,3,213008,568000.0,high
11408,9274200318,2015-04-10,3,1308,568000.0,high
12544,871000515,2014-12-05,2,4592,567500.0,high
21265,8562770430,2014-07-02,3,2502,567500.0,high
1335,8961990160,2015-04-13,3,4556,567500.0,high
18815,9274200735,2015-05-07,4,5060,567500.0,high
9781,7852110070,2014-06-08,3,7398,567500.0,high
14313,1560930450,2014-10-24,3,67082,567500.0,high
4985,9547201155,2014-10-16,3,3060,567500.0,high
6538,9290800050,2015-03-24,3,14033,567500.0,high
4504,3223039013,2014-07-18,3,46173,567035.0,high
11888,2464400435,2015-04-20,3,4275,567000.0,high
7028,3904901190,2014-12-19,3,10908,567000.0,high
1330,7436500270,2014-07-25,5,6936,567000.0,high
8150,1508210230,2015-04-28,3,6875,567000.0,high
4808,8650300190,2014-05-21,3,6093,567000.0,high
19153,3918400097,2014-11-17,4,11213,567000.0,high
20024,6382500076,2014-09-10,3,1902,566950.0,high
3630,7811100100,2014-09-18,4,10297,566000.0,high
16879,461001435,2014-06-10,4,5000,566000.0,high
1446,339350070,2015-03-18,3,6294,566000.0,high
1039,7215722010,2015-02-26,3,5259,566000.0,high
11990,7205850030,2014-05-09,3,10140,566000.0,high
7686,8078410210,2014-06-16,4,7737,566000.0,high
20228,5045700250,2014-11-18,5,5820,565997.0,high
14686,8608900205,2015-04-03,3,5850,565500.0,high
8390,2767602094,2014-05-16,3,1221,565000.0,high
5142,5525400420,2014-05-14,4,14667,565000.0,high
13461,8648700450,2014-12-16,3,9450,565000.0,high
13610,635000145,2014-10-07,2,4736,565000.0,high
17456,9169100185,2015-02-25,3,5000,565000.0,high
19431,4022900652,2014-11-18,5,20790,565000.0,high
631,582000135,2014-06-22,2,6000,565000.0,high
4066,3856905010,2014-08-05,3,3570,565000.0,high
14690,255520180,2014-12-18,3,8653,565000.0,high
6528,3630120050,2014-06-25,2,4008,565000.0,high
8827,5153200100,2015-02-25,3,15939,565000.0,high
11621,1972201550,2014-07-16,4,2452,565000.0,high
8850,7504001340,2014-08-29,3,12556,565000.0,high
17848,3824100286,2015-03-19,3,8378,565000.0,high
5714,9297300255,2014-07-16,3,4000,565000.0,high
9852,9560800310,2014-10-09,4,9725,565000.0,high
5548,569000050,2014-07-03,4,8624,565000.0,high
13495,8563030330,2015-03-13,4,7350,565000.0,high
4409,9285800590,2015-03-09,3,4108,565000.0,high
7340,325059126,2015-02-09,4,12100,565000.0,high
6942,3882320010,2014-11-26,4,13156,565000.0,high
15723,1939110080,2014-09-26,4,7936,565000.0,high
13056,2595300155,2015-02-24,4,8296,565000.0,high
721,6431000270,2014-07-28,2,4080,565000.0,high
760,6979900390,2014-05-29,4,22594,565000.0,high
19506,2078500210,2014-10-31,4,10016,565000.0,high
807,6067900060,2014-06-05,3,9966,565000.0,high
21351,3421069049,2014-10-21,2,276170,565000.0,high
8521,4038800580,2014-06-04,5,11455,565000.0,high
861,2359300030,2015-05-08,3,5212,565000.0,high
20412,1972202187,2014-10-24,3,1058,565000.0,high
940,2768301715,2015-03-11,4,4300,565000.0,high
10401,8045000340,2014-08-02,3,7210,565000.0,high
12998,4221250120,2014-08-27,4,4602,565000.0,high
10350,6868200060,2014-12-11,3,8040,565000.0,high
12200,1370804461,2015-03-10,3,5111,565000.0,high
1833,6141600140,2014-09-04,5,11675,565000.0,high
17597,1923300315,2015-02-17,2,3000,565000.0,high
8613,5535600150,2015-03-12,4,10459,565000.0,high
7739,7519000665,2015-04-08,5,3430,565000.0,high
8635,7524950870,2014-05-19,4,10698,565000.0,high
1176,9465910320,2014-07-09,3,7394,565000.0,high
17423,2505500009,2015-04-27,4,8281,565000.0,high
20529,7658600082,2014-11-14,2,2457,565000.0,high
7496,1722069052,2014-10-24,5,107157,565000.0,high
19023,2260000210,2015-02-09,3,10450,565000.0,high
8134,6430500291,2015-02-12,3,4080,565000.0,high
6408,6338000592,2014-08-20,3,4800,565000.0,high
18921,2206500300,2014-08-20,5,9720,565000.0,high
3030,7745000090,2014-05-09,4,7447,565000.0,high
19298,7504100360,2015-01-12,4,12090,565000.0,high
7176,6154900095,2014-07-11,4,7102,565000.0,high
12765,7663700968,2014-05-28,7,9066,565000.0,high
9026,7852190580,2015-02-10,3,6037,565000.0,high
20880,3362400092,2015-03-12,3,1005,565000.0,high
5847,1822360080,2014-12-11,4,6856,565000.0,high
9069,7010700245,2014-12-31,5,4360,565000.0,high
11371,4083306620,2014-07-28,3,2218,565000.0,high
16210,1236300307,2014-09-05,3,8800,565000.0,high
9418,259600620,2015-02-06,4,9940,565000.0,high
17732,1556200145,2014-10-07,4,3875,565000.0,high
2528,4477000270,2014-08-22,3,15677,565000.0,high
9298,1422029138,2014-09-02,3,217805,565000.0,high
2594,3584900160,2014-09-22,3,12368,565000.0,high
15549,8118600080,2015-02-20,4,7980,565000.0,high
4734,7399800110,2014-12-09,4,48787,565000.0,high
19000,4022905473,2014-12-05,5,12480,565000.0,high
5752,7624700050,2014-12-23,1,6250,565000.0,high
15579,3222059130,2014-06-16,4,139392,565000.0,high
16285,9475960050,2014-06-20,4,4900,565000.0,high
20700,3574770030,2014-08-28,4,4521,564950.0,high
14623,3905030330,2014-10-08,3,8501,564800.0,high
4492,439000090,2015-03-23,4,6000,564500.0,high
2217,2787250240,2015-04-21,4,14568,564500.0,high
17184,3449820380,2015-04-02,3,6174,564450.0,high
15443,5652601155,2015-04-15,4,6138,564000.0,high
7405,7852190290,2015-03-03,4,6658,564000.0,high
8621,5101404444,2015-04-14,5,8700,564000.0,high
18515,9547202950,2014-10-30,4,4590,564000.0,high
19591,8682261140,2014-06-18,2,4500,564000.0,high
15995,7625700305,2014-06-05,3,6250,564000.0,high
21342,5045700470,2015-03-19,4,4750,563950.0,high
14992,6446200190,2015-04-20,4,25000,563750.0,high
20772,1972200428,2014-06-25,3,1312,563500.0,high
13636,7852020620,2015-03-03,4,4944,563500.0,high
14050,7853220210,2014-09-22,4,7838,563500.0,high
416,824079032,2014-06-26,4,174240,563500.0,high
9946,8567450060,2014-06-09,4,12831,563500.0,high
9586,1186000150,2015-01-23,3,2800,563250.0,high
10632,5015000700,2015-01-23,3,4000,563225.0,high
3613,809000945,2015-01-06,6,2760,563000.0,high
9909,124000160,2014-07-01,4,3376,563000.0,high
9153,5631500866,2014-05-06,4,15480,563000.0,high
17379,4146800050,2014-11-26,3,5289,563000.0,high
7562,4077800412,2015-03-16,3,9509,563000.0,high
1005,461004720,2015-04-22,3,5000,563000.0,high
8475,6790900110,2014-06-10,3,16500,563000.0,high
12674,1954420230,2015-03-10,3,7549,562500.0,high
17043,3574900170,2014-10-03,4,8721,562500.0,high
20742,2902200241,2014-06-23,3,907,562500.0,high
20890,7708200880,2014-09-23,5,6327,562500.0,high
15020,1931300010,2015-05-01,2,2800,562500.0,high
1981,4113800550,2014-07-21,4,7322,562500.0,high
4891,6132600380,2015-03-20,3,5250,562200.0,high
14074,2561360210,2014-06-03,3,12112,562100.0,high
2680,2768000270,2014-06-25,2,3700,562100.0,high
14707,3396820150,2014-05-06,5,8111,562000.0,high
4348,3856904560,2014-11-25,4,4080,562000.0,high
9125,4036800910,2014-05-14,3,8000,562000.0,high
8863,1226059161,2014-12-29,4,83200,562000.0,high
4266,8887001140,2014-07-23,3,80471,562000.0,high
7563,2787250090,2014-06-18,5,15101,562000.0,high
10613,7954000125,2015-05-01,3,5978,562000.0,high
4233,1024069162,2015-04-16,3,50529,562000.0,high
10285,7436500060,2014-10-20,4,7007,562000.0,high
18539,1772600665,2015-02-25,3,5200,562000.0,high
2422,6744700181,2015-02-17,3,10530,562000.0,high
19687,1972200326,2015-04-22,2,1314,562000.0,high
18884,1626069220,2014-09-05,3,97138,562000.0,high
1640,7922800320,2014-10-16,5,8996,561750.0,high
16802,6646200280,2014-07-15,4,6624,561600.0,high
4340,5101404563,2014-06-27,3,6380,561500.0,high
12704,7922750150,2014-09-17,4,9800,561500.0,high
15642,3630030500,2014-06-12,3,4140,561000.0,high
2607,3904990030,2014-07-09,4,5250,561000.0,high
21223,7852090680,2015-03-05,4,5395,561000.0,high
14904,7625702155,2014-10-14,3,5000,561000.0,high
1699,7625704005,2014-05-06,3,7000,561000.0,high
11060,7202340860,2015-03-18,3,5277,561000.0,high
11459,4305200070,2014-09-22,3,7200,561000.0,high
20927,7708210040,2014-09-12,5,10315,561000.0,high
4665,4221270100,2014-06-11,3,3984,560200.0,high
5044,6072650290,2015-04-06,3,12443,560000.0,high
14797,4226900211,2014-10-23,4,5814,560000.0,high
5853,7625703800,2015-04-24,3,6000,560000.0,high
8071,2770604575,2015-05-06,3,6000,560000.0,high
12397,3959400335,2015-04-23,3,7333,560000.0,high
12193,8078430030,2014-07-16,3,9686,560000.0,high
17443,2487200279,2014-11-24,3,5128,560000.0,high
7352,3459800020,2015-04-06,4,6838,560000.0,high
4321,8731990090,2014-08-20,4,22000,560000.0,high
5297,1562200380,2014-09-16,4,8800,560000.0,high
8113,1370804480,2014-09-29,2,4233,560000.0,high
7397,2464400500,2014-07-14,4,2700,560000.0,high
5465,3905081350,2015-01-09,4,6192,560000.0,high
19081,1825049013,2015-02-13,4,4048,560000.0,high
5430,6383000825,2015-03-25,2,15783,560000.0,high
5642,6204420290,2014-12-03,5,8960,560000.0,high
7609,9324800450,2014-10-09,3,6900,560000.0,high
18973,3905040590,2015-04-21,3,7169,560000.0,high
4644,3905081800,2014-07-25,4,5764,560000.0,high
9137,7312200040,2014-12-16,4,9787,560000.0,high
12813,2726079098,2014-09-18,3,216493,560000.0,high
20639,7852090570,2015-03-17,4,5710,560000.0,high
17175,1982200430,2014-06-12,4,3880,560000.0,high
7001,4083306720,2014-09-15,4,3420,560000.0,high
9759,6388910160,2014-06-23,3,12476,560000.0,high
18331,8159600360,2014-06-05,4,3713,560000.0,high
15565,5126210280,2014-09-26,3,103672,560000.0,high
11585,6134500070,2014-07-09,3,6058,560000.0,high
2003,4319200505,2014-06-17,5,9100,560000.0,high
18601,1245001751,2014-07-09,2,9219,560000.0,high
16182,8682310430,2014-09-14,2,4647,560000.0,high
16776,9545230280,2014-05-07,3,13374,560000.0,high
2273,1921069082,2014-05-12,3,216777,560000.0,high
7062,1338801060,2014-12-04,4,3400,560000.0,high
20650,2028700570,2014-11-25,3,1786,560000.0,high
6264,2483700095,2014-11-06,4,6000,560000.0,high
20656,7017200055,2015-01-13,4,7570,560000.0,high
6175,4359700080,2014-07-21,3,14985,560000.0,high
15488,1087900050,2014-06-03,3,10182,560000.0,high
16922,2026079016,2014-09-04,3,383328,560000.0,high
6203,425079099,2014-05-07,3,60392,560000.0,high
7081,6072500050,2014-07-29,5,9000,560000.0,high
14653,3345100286,2015-02-19,4,24750,560000.0,high
16772,9523102660,2014-05-13,3,5000,560000.0,high
2778,2490200055,2014-08-01,3,4088,560000.0,high
2501,3298720030,2015-04-17,4,8555,560000.0,high
9302,2461900790,2015-03-13,4,6250,560000.0,high
2647,7518500885,2014-05-19,4,4690,560000.0,high
8853,3904920600,2014-11-05,3,12498,560000.0,high
6517,5437200050,2014-11-20,4,8819,560000.0,high
16137,2316800020,2014-06-27,4,6583,560000.0,high
8578,8914200220,2015-01-16,4,9601,560000.0,high
6792,2790400380,2014-12-01,3,11935,560000.0,high
11032,4140500055,2014-06-26,4,16360,560000.0,high
17878,9274202165,2015-01-20,3,4375,560000.0,high
4054,4022906430,2014-06-30,3,15002,560000.0,high
151,1324300398,2015-04-09,3,5000,560000.0,high
16887,6372000280,2014-10-08,3,2198,560000.0,high
187,1954440060,2014-05-05,3,8744,560000.0,high
5982,7922750020,2014-07-08,4,9800,560000.0,high
12440,2624049035,2014-06-17,3,3477,560000.0,high
383,8563040160,2015-01-21,4,7800,560000.0,high
20510,4083306553,2015-04-22,3,1411,560000.0,high
17970,1939100610,2014-06-23,4,7989,560000.0,high
16057,5506500170,2014-09-12,3,32880,560000.0,high
11530,3575301550,2015-04-07,3,7500,560000.0,high
10618,2874600335,2014-05-30,3,7350,560000.0,high
745,7340500270,2015-01-23,4,6000,560000.0,high
765,3575200070,2014-11-04,3,31400,560000.0,high
15744,2026059181,2014-11-20,3,15790,560000.0,high
10036,2896000710,2014-10-22,4,11240,560000.0,high
17161,6977000080,2014-07-21,4,9874,560000.0,high
7242,8673400052,2015-04-03,3,1193,560000.0,high
12881,5102400035,2014-10-08,3,7028,560000.0,high
17682,1423069076,2014-09-26,3,95396,560000.0,high
11410,2078500350,2014-06-04,3,12708,560000.0,high
626,7548300731,2014-08-08,3,1458,559950.0,high
19890,5045700400,2015-02-23,5,6370,559950.0,high
10881,7202270570,2014-07-14,3,4310,559950.0,high
12729,1926049385,2014-07-29,4,7200,559950.0,high
18621,114100131,2015-01-14,5,8193,559950.0,high
17663,5589900610,2014-09-18,5,9519,559950.0,high
4009,8682291720,2014-05-08,2,4950,559950.0,high
336,200350070,2014-06-02,3,5569,559900.0,high
17720,5101408835,2014-09-09,5,6380,559900.0,high
21336,3744000130,2014-11-11,4,4934,559630.0,high
11293,4123400310,2015-04-09,4,7088,559500.0,high
11925,8123710070,2014-12-05,3,9250,559500.0,high
13242,1392800035,2014-06-18,2,6400,559000.0,high
5697,8682230950,2015-03-17,2,4500,559000.0,high
8610,6392002020,2015-03-24,3,6500,559000.0,high
5336,8682291630,2014-10-07,2,5520,559000.0,high
21262,5694500840,2014-11-25,2,960,559000.0,high
18301,7940710100,2014-09-11,3,5200,559000.0,high
4942,1121059030,2014-10-13,3,217800,559000.0,high
17923,7589200153,2014-06-09,3,5386,559000.0,high
18951,2484700145,2014-12-29,4,8458,559000.0,high
15600,3449800010,2015-03-09,4,8876,558000.0,high
16423,1102000095,2014-08-05,4,5120,558000.0,high
2667,9274200316,2015-04-09,3,934,558000.0,high
14089,952001765,2014-07-07,2,5750,558000.0,high
16865,8682291680,2015-03-17,2,4601,558000.0,high
10822,6071800310,2014-06-19,4,10358,558000.0,high
4697,9126101645,2014-06-10,4,3870,558000.0,high
5634,3578400500,2014-12-09,3,15757,558000.0,high
14136,8077200360,2014-11-12,4,6813,557865.0,high
8693,6821100090,2015-04-09,4,6000,557800.0,high
9139,826000495,2015-02-06,4,4800,557510.0,high
16916,200500680,2014-07-15,3,11056,557500.0,high
14546,3211700035,2014-06-25,3,11165,557500.0,high
3553,8100400110,2014-07-08,3,9670,557500.0,high
6506,1560930050,2015-03-25,3,35255,557500.0,high
21414,1624049291,2014-10-08,3,5025,557500.0,high
6543,1775801405,2014-12-16,4,38258,557500.0,high
17408,8673400190,2014-07-23,3,1587,557000.0,high
19420,3578401210,2014-12-18,4,11315,557000.0,high
13668,8854000410,2015-02-12,3,18241,557000.0,high
400,9126100861,2015-03-06,3,2096,557000.0,high
20417,9265880040,2014-05-09,4,4500,557000.0,high
14599,1232001985,2015-04-28,2,3840,557000.0,high
6749,3275750050,2015-03-20,4,7140,556300.0,high
19557,293000068,2014-06-13,3,7437,556000.0,high
13104,546000865,2014-09-19,3,4005,556000.0,high
21094,3630240020,2014-05-21,3,1168,556000.0,high
18961,9510300220,2014-08-04,3,35440,556000.0,high
1310,7298040310,2014-05-23,5,16905,556000.0,high
4689,2228900195,2015-03-11,4,5402,556000.0,high
18286,1241500147,2014-05-21,3,3600,556000.0,high
3264,9191201790,2014-10-31,3,2500,556000.0,high
8420,514500195,2014-10-16,4,7200,556000.0,high
14999,9268200585,2014-09-03,2,5040,555950.0,high
4085,6888900115,2015-02-16,3,4880,555750.0,high
15124,6751500285,2014-07-31,3,12420,555700.0,high
3214,3041700090,2014-11-11,3,11337,555565.0,high
7273,1245500250,2015-05-07,2,10000,555500.0,high
10717,6021502470,2014-11-06,2,4600,555000.0,high
13714,2600100180,2014-10-20,4,19275,555000.0,high
16433,1257200020,2015-03-27,3,4590,555000.0,high
2333,2346800270,2015-01-06,3,23085,555000.0,high
13685,3123059107,2014-05-20,3,158558,555000.0,high
20857,207700180,2015-01-21,5,5047,555000.0,high
20863,7658600081,2014-09-19,2,1610,555000.0,high
8229,438000015,2014-09-16,4,5946,555000.0,high
9693,8644300200,2014-06-05,4,10720,555000.0,high
15948,3296000170,2014-12-29,5,13144,555000.0,high
10759,1912100875,2015-04-23,2,1248,555000.0,high
17835,9406510040,2015-02-06,4,24074,555000.0,high
13135,7954300620,2015-04-13,4,5079,555000.0,high
12123,2141330700,2014-05-22,4,8140,555000.0,high
8509,6388910730,2014-08-06,3,8676,555000.0,high
12665,2156500220,2014-09-23,4,7140,555000.0,high
7108,6817801150,2015-03-30,4,10987,555000.0,high
101,5200100125,2014-10-27,3,3478,555000.0,high
18818,9348500220,2014-07-28,3,12183,555000.0,high
20778,6056110200,2014-09-29,3,2479,555000.0,high
8216,7302900090,2015-02-18,4,21785,555000.0,high
8990,9512501450,2015-04-29,3,9170,555000.0,high
7312,6373000130,2014-12-01,4,2300,555000.0,high
10043,7852190320,2015-03-13,4,6776,555000.0,high
6099,6204050080,2014-05-28,3,4270,555000.0,high
3324,2600300110,2014-12-02,4,6200,555000.0,high
4836,7522500005,2014-08-15,2,4750,555000.0,high
4511,1982200015,2014-09-19,4,2600,555000.0,high
16150,7853230460,2015-04-03,3,4819,555000.0,high
19584,1025049266,2014-09-30,2,954,555000.0,high
20029,7228500037,2015-05-05,2,1361,555000.0,high
2762,6384500581,2014-06-18,3,6000,555000.0,high
5101,824069193,2014-09-11,4,94525,555000.0,high
1528,8016300030,2014-11-03,5,8712,555000.0,high
19269,2919700540,2015-03-18,4,4800,555000.0,high
5719,1796100010,2014-09-11,3,188760,555000.0,high
20602,7853361370,2014-05-02,4,6500,555000.0,high
12929,4321200970,2014-06-10,3,4976,555000.0,high
3191,2877102670,2014-07-07,3,4200,555000.0,high
6378,7199100020,2014-07-14,3,15500,555000.0,high
20053,8648900110,2014-05-05,3,3211,555000.0,high
10097,3224059033,2014-10-07,4,82764,555000.0,high
10115,5104512180,2014-06-26,5,6930,555000.0,high
17310,6072650250,2015-04-24,4,8125,555000.0,high
6107,3376600010,2014-12-01,4,11000,555000.0,high
9724,3904940160,2014-09-04,3,7584,555000.0,high
20054,8648900110,2014-08-26,3,3211,555000.0,high
1983,434000030,2014-12-19,3,7020,555000.0,high
3294,686450490,2014-09-29,3,11250,555000.0,high
9647,5634500234,2015-05-13,3,6092,554990.0,high
10992,513000445,2014-11-11,4,4816,554950.0,high
20140,1123059126,2014-07-03,3,10254,554950.0,high
10416,1827200135,2014-05-23,4,12905,554820.0,high
10969,3271300955,2014-07-03,4,4350,554729.0,high
3645,3179100755,2015-03-30,3,6802,554663.0,high
18916,452001540,2014-08-18,3,5000,554600.0,high
10327,9557300570,2015-03-27,3,6565,554500.0,high
18369,7752700110,2014-06-18,5,11411,554000.0,high
4539,3223069118,2014-06-16,3,108900,554000.0,high
18759,8682231210,2014-08-05,2,5580,554000.0,high
20696,8562770320,2015-01-14,3,4126,554000.0,high
5361,4037000840,2015-04-06,3,9001,554000.0,high
2353,2313900560,2014-08-25,3,3500,554000.0,high
16739,5160300020,2014-06-09,3,10780,554000.0,high
1032,8682231170,2015-04-29,2,6045,554000.0,high
16799,868000305,2014-06-17,4,7104,554000.0,high
14813,546001020,2015-02-18,3,4046,554000.0,high
6658,5072100095,2014-11-17,5,12900,554000.0,high
7348,8682261650,2014-07-10,2,4996,554000.0,high
5943,1483300430,2014-11-25,2,3700,554000.0,high
3394,5332200026,2014-05-08,2,1349,553650.0,high
997,3856902996,2014-08-04,2,2340,553500.0,high
3311,7977201910,2015-04-14,3,5100,553000.0,high
13252,2461900760,2015-04-01,3,6250,553000.0,high
21556,476000017,2014-10-03,2,1512,553000.0,high
9056,3625059166,2015-01-07,3,18135,553000.0,high
8520,8132700150,2014-05-03,2,5000,553000.0,high
21367,3449820430,2014-10-06,3,9072,553000.0,high
20646,3751601877,2015-03-20,4,18900,552900.0,high
12157,2225069062,2015-04-15,3,18414,552775.0,high
18474,7011201482,2015-03-17,2,2800,552700.0,high
10056,3034200435,2014-08-27,4,9390,552625.0,high
20571,7234600820,2015-03-27,3,1435,552500.0,high
14837,2193320210,2014-08-05,5,7229,552500.0,high
8654,8118600025,2015-03-31,4,7980,552500.0,high
1787,2770606602,2015-03-05,3,5775,552500.0,high
20585,4219610320,2015-01-19,4,6902,552500.0,high
2323,9376301180,2015-04-08,3,5000,552500.0,high
2541,2738650030,2015-05-11,3,3582,552500.0,high
18156,3332000061,2014-08-05,3,4120,552500.0,high
8999,1556200265,2014-07-23,3,4025,552500.0,high
1119,3343900326,2015-03-11,4,10400,552500.0,high
16659,200800480,2014-11-06,3,8469,552321.0,high
344,7852110140,2014-07-18,4,5823,552250.0,high
21212,7234600098,2014-09-05,3,1379,552100.0,high
4177,9523100459,2014-06-09,2,951,552000.0,high
15269,7518505851,2014-06-16,3,2300,552000.0,high
7412,7130300170,2015-03-26,4,8429,552000.0,high
17931,2979800750,2014-09-11,2,5000,552000.0,high
18979,9346700150,2014-07-02,3,9900,552000.0,high
20132,1890000170,2014-10-29,3,1920,552000.0,high
17258,1868900285,2014-05-23,3,5000,552000.0,high
9349,3751601785,2015-02-25,3,18400,551870.0,high
20090,1123059125,2014-12-08,4,10003,551500.0,high
15392,2204500480,2015-01-07,3,8640,551100.0,high
18390,6639900176,2014-11-14,3,17362,551000.0,high
13208,6705800040,2014-05-16,2,9604,551000.0,high
20178,9512200050,2014-08-27,5,4943,551000.0,high
13359,3126049052,2015-03-18,4,6348,551000.0,high
9324,7518503830,2014-07-23,4,5100,551000.0,high
13509,3432501395,2014-09-24,4,5988,551000.0,high
3227,2354300740,2015-03-03,3,6000,551000.0,high
4397,2767602490,2014-07-24,3,1948,551000.0,high
455,7702010030,2014-05-20,3,5802,551000.0,high
14373,2436700666,2015-02-16,2,1499,550700.0,high
308,7171200445,2015-02-28,2,5000,550700.0,high
10313,1021000060,2015-03-04,2,7400,550500.0,high
4147,9158100090,2015-04-27,3,8280,550500.0,high
9385,3388300730,2014-09-10,3,70567,550388.0,high
15928,8682261190,2015-01-12,2,4500,550285.0,high
14065,23500220,2014-10-15,5,8050,550120.0,high
13903,3630060150,2015-04-01,3,2625,550000.0,high
10100,2325039084,2014-12-17,2,7290,550000.0,high
6290,9826701665,2014-07-25,3,4200,550000.0,high
14769,1982200790,2015-01-27,3,3880,550000.0,high
11399,5706200370,2014-08-06,4,9460,550000.0,high
17949,1560920450,2014-09-24,4,35169,550000.0,high
1832,9322800260,2014-09-12,4,5688,550000.0,high
7442,1785400780,2015-04-15,3,18255,550000.0,high
18649,430000175,2014-12-15,3,5618,550000.0,high
6623,126059242,2014-11-19,3,45738,550000.0,high
17804,5561401530,2014-10-29,1,40600,550000.0,high
4226,522069119,2015-05-12,3,62310,550000.0,high
1105,7374600060,2015-01-09,3,12825,550000.0,high
908,1596600024,2014-10-16,5,5720,550000.0,high
2471,1175001125,2014-10-06,2,3420,550000.0,high
21017,1972205633,2014-07-23,3,1369,550000.0,high
8765,120069059,2014-08-04,3,169448,550000.0,high
18175,2436700610,2015-04-22,4,4000,550000.0,high
1293,6073500160,2014-12-10,3,7500,550000.0,high
4115,514500090,2014-05-13,4,7500,550000.0,high
9732,263000324,2014-05-13,7,8100,550000.0,high
955,5489200435,2014-09-04,4,5000,550000.0,high
3433,8121100015,2015-05-05,3,3713,550000.0,high
17925,9238430300,2014-11-06,4,39460,550000.0,high
12541,6819100330,2015-02-20,3,6000,550000.0,high
1890,3404700041,2014-09-29,3,37000,550000.0,high
17842,4151800265,2015-03-06,3,6120,550000.0,high
4205,6300000337,2014-05-29,5,9488,550000.0,high
10856,3904940140,2014-10-06,4,8056,550000.0,high
8791,5067400032,2014-12-05,3,14400,550000.0,high
13820,952006680,2015-01-29,2,5750,550000.0,high
9363,7202331050,2014-09-24,3,4080,550000.0,high
6468,5694000768,2014-09-22,3,1481,550000.0,high
294,9297300045,2014-07-09,3,4166,550000.0,high
1860,9560700055,2015-03-10,5,9877,550000.0,high
19085,8567450220,2014-08-18,4,9045,550000.0,high
13130,2490200450,2014-06-09,4,5100,550000.0,high
306,7280300196,2015-04-03,4,7750,550000.0,high
20532,1900600015,2015-02-27,3,6604,550000.0,high
19082,7550800015,2014-07-14,3,5000,550000.0,high
20230,7548800050,2015-04-21,3,1303,550000.0,high
20262,7787920250,2015-05-01,4,9328,550000.0,high
9796,1774220070,2015-05-07,4,36256,550000.0,high
4900,9201000480,2014-11-12,3,9401,550000.0,high
14411,6852700477,2014-09-16,2,2970,550000.0,high
20204,1622049242,2015-03-04,4,9612,550000.0,high
707,4022907770,2014-10-14,4,14782,550000.0,high
19789,2858600083,2014-12-22,5,9272,550000.0,high
1709,5535600520,2014-12-08,4,6809,550000.0,high
4540,2522029039,2014-09-29,3,843309,550000.0,high
3026,3342101785,2014-05-23,3,5400,550000.0,high
6865,2708100130,2015-05-03,2,3000,550000.0,high
5780,1954440050,2014-07-25,4,8683,550000.0,high
4833,1324300380,2014-07-16,3,5000,550000.0,high
12269,290000075,2015-02-25,3,6000,550000.0,high
18990,2770605420,2014-09-16,2,4000,550000.0,high
20101,3574770100,2015-01-16,4,4534,550000.0,high
20171,8562901100,2014-12-30,3,5400,550000.0,high
18009,7203600745,2014-10-14,3,4780,550000.0,high
17400,7525410190,2014-05-02,3,35200,550000.0,high
15327,9358400080,2014-06-27,4,16197,550000.0,high
14035,686450210,2014-11-04,4,7200,550000.0,high
1668,2249500059,2015-01-07,3,2159,550000.0,high
8057,2722059013,2015-02-04,2,43560,550000.0,high
1623,4213910030,2015-04-01,4,5116,550000.0,high
2940,1494300110,2014-06-03,4,9600,550000.0,high
11650,8078350520,2014-09-16,3,7749,550000.0,high
12292,1257201375,2014-12-02,3,3952,550000.0,high
8012,2206700215,2015-04-22,4,9822,550000.0,high
11655,4206901550,2014-06-02,3,3035,550000.0,high
20142,8029770470,2014-06-05,4,5150,550000.0,high
12090,1428001160,2015-04-20,3,100623,550000.0,high
17818,7905200365,2015-04-08,3,5850,550000.0,high
5872,6071300500,2014-08-15,4,9719,550000.0,high
1521,6003501535,2014-08-28,3,3200,550000.0,high
4990,6071900130,2015-04-15,3,10798,550000.0,high
3298,7409700215,2014-06-06,3,5000,550000.0,high
16245,7217400895,2014-06-09,3,3402,550000.0,high
12032,2028700575,2014-11-13,3,2688,550000.0,high
5034,9558040050,2014-09-19,4,6731,550000.0,high
13026,1245001739,2015-03-16,3,12527,550000.0,high
7843,7518505345,2014-12-29,2,4080,550000.0,high
10494,2886200070,2014-06-02,3,4064,550000.0,high
9265,2141300620,2014-09-15,3,13252,550000.0,high
18499,2174503500,2014-11-03,3,6000,550000.0,high
11611,8078450340,2015-02-11,4,6926,550000.0,high
19256,6071200455,2014-05-23,3,9152,550000.0,high
13843,8122100355,2014-09-24,1,7560,550000.0,high
15284,3584800010,2015-04-08,3,6664,550000.0,high
16126,1725059252,2015-04-02,4,24140,550000.0,high
13857,5076700145,2015-04-27,3,8180,550000.0,high
5733,2895600095,2014-07-16,3,6328,550000.0,high
13673,1931300815,2015-03-26,2,4800,550000.0,high
4384,2423029245,2014-06-17,3,78225,550000.0,high
19022,5448300150,2015-01-05,3,26500,550000.0,high
17064,3013300660,2014-10-28,3,8095,550000.0,high
20222,3362400094,2014-12-03,3,1005,550000.0,high
6961,8078410280,2015-05-04,3,9061,550000.0,high
1757,3260570260,2014-12-04,4,4750,550000.0,high
733,4021100045,2014-07-15,3,17950,550000.0,high
18904,2202500025,2014-07-21,4,15520,550000.0,high
19011,6600220490,2015-04-09,3,11556,550000.0,high
15311,3383900048,2014-10-22,3,1092,550000.0,high
13683,2024089011,2014-08-26,5,262231,550000.0,high
14425,8929000230,2015-03-06,3,2261,550000.0,high
15348,9191200380,2014-12-22,4,5000,550000.0,high
3634,1828001220,2014-10-07,5,9473,550000.0,high
17667,8024201210,2014-09-11,3,5111,550000.0,high
16111,5100401060,2014-09-08,4,6678,550000.0,high
9438,2392100090,2015-04-02,3,6500,550000.0,high
9643,6071000265,2015-01-25,3,10136,550000.0,high
4030,1972205338,2015-04-18,3,1091,550000.0,high
10932,1574700140,2014-08-08,3,9720,550000.0,high
20337,6821101732,2015-02-19,3,875,550000.0,high
19271,2391600735,2014-09-09,3,5750,550000.0,high
18136,4154302560,2014-11-21,3,7200,550000.0,high
15759,7577700185,2014-07-09,4,3600,550000.0,high
10224,3629870200,2015-03-06,3,3082,550000.0,high
6038,8562600190,2014-06-23,3,8086,550000.0,high
1086,9834200885,2015-04-20,4,4080,550000.0,high
19461,722059020,2015-03-18,6,40164,550000.0,high
1939,6127010800,2014-06-09,3,4165,550000.0,high
16710,6791000050,2014-09-08,3,14400,550000.0,high
3950,1825069031,2014-08-14,4,8447,550000.0,high
3951,1825069031,2014-10-16,4,8447,550000.0,high
6584,1330900250,2014-05-15,3,40887,550000.0,high
1954,1562200240,2014-09-18,3,15360,550000.0,high
7627,4083800555,2015-03-26,2,3080,550000.0,high
13275,6071400360,2014-09-08,4,9163,550000.0,high
2212,8563001070,2015-03-23,4,12377,550000.0,high
7290,2155000290,2014-06-30,3,9600,550000.0,high
1041,7197300105,2014-05-02,4,10500,550000.0,high
6447,7312400080,2014-07-14,3,4800,550000.0,high
2064,8944600200,2014-06-23,3,3255,550000.0,high
20909,3578600141,2014-09-23,4,7539,550000.0,high
3901,6072300110,2015-04-16,3,8376,550000.0,high
2157,2095800520,2015-04-24,3,7752,550000.0,high
10358,6206100030,2015-05-01,3,10960,550000.0,high
7620,2769601250,2015-05-12,2,3100,550000.0,high
36,9435300030,2014-05-28,4,34848,550000.0,high
9520,7200001254,2014-07-09,4,9000,550000.0,high
16934,1330900050,2015-04-21,3,37264,550000.0,high
1065,809001070,2015-01-23,3,2500,550000.0,high
11966,3589500260,2014-11-11,4,4500,550000.0,high
2378,4027701291,2014-08-20,4,13113,550000.0,high
14854,8121200620,2015-04-16,3,10455,550000.0,high
11536,7977200055,2015-02-13,3,6120,550000.0,high
12437,9465910310,2014-09-19,4,7549,550000.0,high
17056,4037000470,2015-03-16,3,8957,550000.0,high
3596,6979920090,2014-06-26,4,27540,550000.0,high
16778,2742100250,2014-07-20,4,17745,550000.0,high
14382,5101404351,2014-07-02,4,5005,550000.0,high
5482,3825500020,2015-02-18,4,6605,550000.0,high
15196,3204900010,2015-02-11,3,10603,550000.0,high
12741,6383000150,2014-08-06,3,6009,550000.0,high
12966,3223059123,2014-06-30,4,128502,550000.0,high
20358,9265880170,2014-08-26,4,5954,550000.0,high
19862,291310340,2014-07-08,3,3582,550000.0,high
10280,8928100125,2014-10-28,4,6090,550000.0,high
19719,1438000200,2014-09-11,4,6587,549995.0,high
21290,1438000190,2014-09-11,4,5690,549995.0,high
10605,2985800070,2014-07-25,3,6600,549995.0,high
15112,9558900010,2014-10-06,3,5860,549950.0,high
8504,7987401095,2014-11-13,3,2500,549950.0,high
17210,7214770020,2015-04-09,5,54380,549950.0,high
2767,7283900045,2015-04-28,3,6288,549950.0,high
13117,5072420040,2014-09-10,3,8690,549950.0,high
8664,3226079059,2014-10-19,3,266587,549950.0,high
3822,5104511730,2015-04-09,4,6800,549950.0,high
3074,6021500245,2014-09-10,2,4000,549950.0,high
21049,8956200770,2014-07-23,4,9674,549950.0,high
6611,1433500050,2014-12-02,4,13500,549950.0,high
8446,6600220150,2015-03-10,4,14694,549950.0,high
6274,3026059341,2014-12-11,4,10510,549950.0,high
18297,546000245,2014-07-16,3,3031,549900.0,high
6710,3260570290,2015-04-24,4,4751,549900.0,high
3325,9485951030,2014-09-24,5,42316,549900.0,high
9410,5104511530,2014-09-19,5,7555,549900.0,high
12375,2421059017,2014-05-23,4,213879,549900.0,high
18311,1025049268,2014-07-21,2,936,549900.0,high
4572,5119010090,2014-05-10,5,7015,549900.0,high
20952,9826700697,2014-11-03,3,960,549900.0,high
15479,9560700010,2014-08-01,3,11680,549800.0,high
1618,5418200295,2015-03-09,3,8438,549500.0,high
14323,6021502300,2015-02-11,2,4141,549010.0,high
2525,7811210320,2014-08-01,5,9720,549000.0,high
21555,6821101731,2014-09-30,3,1380,549000.0,high
14204,4305600040,2014-05-05,4,6338,549000.0,high
1359,3526039116,2014-11-18,3,6130,549000.0,high
4912,121029034,2014-06-24,2,13392,549000.0,high
5105,3797000680,2014-11-25,3,3000,549000.0,high
16095,5152920170,2015-04-21,5,12350,549000.0,high
8306,1795900120,2014-10-29,3,9235,549000.0,high
63,9528102996,2014-12-07,3,1044,549000.0,high
19427,1423069162,2014-06-04,4,88426,549000.0,high
2472,3034200197,2014-09-03,2,11165,549000.0,high
13066,3362401935,2014-06-19,4,3060,549000.0,high
3753,9828700900,2014-05-05,2,5400,549000.0,high
13818,8021701115,2014-08-26,3,5130,549000.0,high
7503,7518504775,2014-11-12,5,3978,549000.0,high
6393,3363400655,2014-07-24,2,6000,549000.0,high
12237,3575200030,2014-07-29,4,59800,549000.0,high
11266,9827700105,2014-09-17,3,3600,549000.0,high
13786,9523100458,2014-06-17,2,953,549000.0,high
13958,8651540040,2014-07-18,3,10961,549000.0,high
1905,5100401160,2014-07-07,4,4704,548800.0,high
3532,6840701095,2015-04-03,3,4400,548500.0,high
10846,2594200566,2015-04-06,4,7200,548500.0,high
18048,8682280970,2015-02-04,2,5479,548050.0,high
318,9521101455,2014-07-23,2,3864,548000.0,high
7587,4104910040,2014-07-01,4,11005,548000.0,high
1317,4037800140,2014-08-14,4,8880,548000.0,high
10196,967000400,2015-04-28,5,7200,548000.0,high
13165,8946400210,2014-06-03,3,4099,548000.0,high
20134,2767603753,2014-08-29,2,1878,548000.0,high
16427,8724300010,2014-09-09,4,5012,548000.0,high
14542,631000040,2015-03-31,4,7794,548000.0,high
15372,5100404761,2014-08-13,3,9570,547500.0,high
20009,3362400432,2014-06-11,3,2262,547500.0,high
16884,1088800470,2014-10-28,3,10355,547500.0,high
20106,7217400389,2015-04-01,3,1977,547500.0,high
12398,6072760390,2015-04-07,4,7254,547500.0,high
15551,126059005,2015-01-15,5,103237,547000.0,high
4999,6430500010,2014-06-20,5,4080,547000.0,high
7297,1868901815,2014-06-17,4,2800,547000.0,high
10670,3034200516,2015-02-17,2,10038,547000.0,high
20531,6821102367,2015-04-29,3,1452,547000.0,high
14400,2726049164,2014-06-05,3,8381,547000.0,high
9440,4302201085,2015-05-06,3,7680,546940.0,high
16853,3376600170,2014-08-28,4,10000,546800.0,high
2271,7697100030,2014-09-29,4,5910,546800.0,high
10134,8078440140,2014-10-09,3,7199,546500.0,high
8273,5309100450,2015-03-30,3,2675,546500.0,high
16830,8078410250,2015-04-01,4,8579,546200.0,high
15740,6190500380,2014-10-27,3,6607,546200.0,high
1249,472000055,2014-05-14,3,5000,546000.0,high
16795,11200290,2014-06-09,3,3464,546000.0,high
13404,2273600410,2015-05-05,3,9999,546000.0,high
15776,5528600050,2015-02-11,2,12856,546000.0,high
14376,3037200141,2015-03-09,2,1324,546000.0,high
3449,7905200147,2014-11-04,2,5031,546000.0,high
19292,567000401,2015-04-21,4,1397,546000.0,high
17773,7177300735,2015-03-29,2,6180,546000.0,high
15433,2254501440,2015-04-21,4,3600,546000.0,high
6917,6819100122,2014-06-05,2,3400,546000.0,high
11479,3904990260,2014-07-24,4,4500,545800.0,high
5233,4346300010,2014-06-18,3,9361,545500.0,high
17555,1196002395,2014-09-17,3,19200,545400.0,high
9064,2896310120,2014-11-17,4,25995,545000.0,high
6486,2817210420,2014-11-14,4,10948,545000.0,high
4732,4141400100,2015-01-20,4,9720,545000.0,high
20633,3438500036,2015-04-29,5,7268,545000.0,high
20043,3438500037,2015-04-05,5,7268,545000.0,high
9144,4048400191,2014-06-05,3,51649,545000.0,high
11771,7905200310,2014-07-29,4,6731,545000.0,high
17265,2625079030,2014-10-28,3,136343,545000.0,high
646,2490200320,2015-03-20,3,6200,545000.0,high
9579,6619910230,2014-06-16,3,9775,545000.0,high
12990,9510320150,2014-12-02,4,50595,545000.0,high
10980,5729000070,2015-01-28,4,22880,545000.0,high
13272,7527200360,2014-06-11,3,15693,545000.0,high
19897,9274200324,2015-01-20,3,1279,545000.0,high
10744,3905060070,2014-08-29,4,8504,545000.0,high
19802,8011100125,2014-11-17,4,6717,545000.0,high
13444,2267000730,2014-07-01,3,3210,545000.0,high
18507,2205700180,2015-04-03,3,8069,545000.0,high
21126,1890000169,2014-09-03,3,1845,545000.0,high
19455,8728550150,2014-07-15,3,20369,545000.0,high
1755,7784400060,2015-01-20,3,9000,545000.0,high
2048,3761100341,2014-08-28,4,8990,545000.0,high
2709,9276202190,2014-08-08,6,6250,545000.0,high
8634,6329000705,2015-04-02,2,13380,545000.0,high
10695,8137500400,2014-10-07,3,40173,545000.0,high
10531,3904920390,2014-07-10,3,7184,545000.0,high
14814,7227502507,2014-07-09,3,17377,545000.0,high
14246,4099100210,2014-08-13,3,3366,545000.0,high
7938,824069113,2014-09-24,3,14585,545000.0,high
19504,4140500180,2014-06-04,5,17240,545000.0,high
6244,5703000050,2014-05-08,3,191228,545000.0,high
2080,7519000570,2014-11-10,4,3708,545000.0,high
2788,3416600111,2015-03-23,2,3760,545000.0,high
18354,7519001321,2015-02-10,4,2350,545000.0,high
14646,5249804825,2014-07-02,3,7200,545000.0,high
17515,1467400095,2015-02-24,4,53578,545000.0,high
11118,1226059105,2014-08-27,4,40510,545000.0,high
2519,3905030140,2014-06-22,4,6023,545000.0,high
16317,8078430480,2014-08-06,4,7412,545000.0,high
6613,3303870050,2015-03-03,4,12275,545000.0,high
1187,6398000171,2014-07-10,2,14057,545000.0,high
7447,7731100066,2014-06-12,3,5000,545000.0,high
7677,1828001130,2014-06-17,4,11585,545000.0,high
20265,7853361410,2014-05-30,4,4738,545000.0,high
12559,952005000,2014-08-15,3,5750,545000.0,high
20701,7589700055,2014-06-11,2,2150,545000.0,high
6295,9328500630,2015-03-02,3,6240,545000.0,high
3297,1995200245,2014-06-06,4,6034,545000.0,high
13128,5710500230,2015-05-06,3,9975,545000.0,high
8341,4154300296,2015-03-18,3,5030,545000.0,high
11110,8859000045,2015-04-24,4,8480,545000.0,high
18070,8682261250,2014-12-11,2,5581,545000.0,high
15215,4443800545,2015-03-30,2,3880,545000.0,high
4138,9126100608,2015-02-25,4,1341,545000.0,high
12205,8605900060,2014-06-03,3,3000,545000.0,high
4141,4221250090,2014-11-13,3,5149,545000.0,high
12712,686400040,2015-04-10,4,7210,545000.0,high
1395,8567300140,2014-07-23,4,35040,545000.0,high
931,8663280160,2015-03-05,5,7863,545000.0,high
15809,8567450080,2015-03-25,4,11612,545000.0,high
16769,4449800595,2014-09-22,3,4000,545000.0,high
2341,2771603610,2015-04-23,3,4000,545000.0,high
20078,7853360820,2014-09-09,4,6937,544999.0,high
12759,4037200530,2015-03-17,3,7371,544950.0,high
6542,4221270290,2014-11-21,3,4936,544900.0,high
8122,9558050360,2015-04-21,5,5857,544800.0,high
1733,8099900260,2014-05-28,4,10414,544500.0,high
4270,3359500755,2014-09-02,5,3240,544500.0,high
11344,9512501370,2014-11-05,4,9000,544300.0,high
18490,148000035,2014-06-02,3,8203,544000.0,high
12449,3905100310,2014-06-25,4,3974,544000.0,high
16442,3052700460,2014-06-30,3,1613,544000.0,high
11594,3180100023,2015-01-30,3,1755,544000.0,high
21076,7853270630,2015-01-20,4,6973,544000.0,high
628,7010700292,2014-10-09,3,2790,543500.0,high
17331,7852010950,2014-10-20,4,5835,543500.0,high
18307,2338800100,2014-05-08,6,15600,543200.0,high
1029,1370804430,2015-03-05,2,5484,543115.0,high
18483,2802200100,2014-08-11,4,8767,543000.0,high
11475,1972202505,2014-07-29,3,1256,543000.0,high
19717,1048000060,2014-06-19,3,949,543000.0,high
18652,2922701085,2015-03-27,2,4700,543000.0,high
6136,3645500050,2014-05-14,3,7640,543000.0,high
6884,2346800005,2015-04-27,3,8364,543000.0,high
2483,3034200370,2014-10-31,4,8451,543000.0,high
11930,723069128,2014-05-14,2,217800,543000.0,high
13223,9521101520,2014-12-12,2,3864,543000.0,high
18142,426069095,2014-10-14,3,39768,542950.0,high
21380,1438000120,2014-06-16,4,5600,542525.0,high
13064,5561400610,2014-10-19,5,42500,542500.0,high
18180,5423600040,2014-07-07,3,10086,542500.0,high
2693,7811210200,2015-04-20,4,10160,542500.0,high
7647,2623069031,2014-05-21,5,1074218,542500.0,high
16948,9274201809,2014-11-19,3,1649,542500.0,high
16496,8838900167,2014-05-09,4,14289,542500.0,high
21112,2770601457,2015-02-10,3,1487,542300.0,high
3400,7214710300,2014-07-16,4,43088,542126.0,high
12838,3296000040,2014-09-23,3,15985,542000.0,high
18362,8857320120,2015-03-10,2,2819,542000.0,high
3362,8562700300,2014-07-08,3,8030,542000.0,high
8315,1868903130,2015-02-12,4,5000,542000.0,high
5116,8682231190,2014-10-21,2,4500,542000.0,high
1397,2205500400,2014-05-14,4,8250,542000.0,high
13760,458000065,2014-09-23,4,3440,542000.0,high
15201,3396820010,2015-02-23,3,12056,542000.0,high
634,9550204515,2014-09-24,2,3060,542000.0,high
11897,8944600060,2015-04-20,3,3054,541900.0,high
21598,8956200760,2014-10-13,4,7866,541800.0,high
9612,3914000090,2015-04-21,3,55847,541500.0,high
16033,8682282210,2015-04-17,2,3690,541500.0,high
19573,5422560850,2014-12-10,3,8123,541338.0,high
6114,6071200545,2014-05-05,5,8426,541125.0,high
1745,7214800240,2015-03-16,4,9800,541100.0,high
10668,1928300640,2014-08-28,3,4080,541000.0,high
19936,1982201595,2015-01-21,3,1166,541000.0,high
17441,3630030010,2014-09-26,3,4038,541000.0,high
10282,9325200160,2014-06-19,5,7415,540500.0,high
8616,1122069006,2014-07-10,3,185130,540500.0,high
5552,9328500680,2015-02-02,4,6758,540400.0,high
7265,123039642,2015-05-01,3,14876,540000.0,low
16797,7853220670,2014-09-18,3,8935,540000.0,low
20318,9532000170,2015-02-17,4,3855,540000.0,low
12206,3964400160,2014-11-18,3,4240,540000.0,low
14858,3626039268,2014-05-16,1,6700,540000.0,low
2490,3905040070,2015-05-04,3,5146,540000.0,low
4672,1133000100,2014-10-07,5,10202,540000.0,low
3818,2785000110,2014-06-05,4,8400,540000.0,low
19855,254000241,2015-03-24,3,5279,540000.0,low
4690,3905100740,2014-06-08,4,4169,540000.0,low
3017,3396200300,2015-03-31,3,7129,540000.0,low
8760,9194101388,2014-09-19,3,16671,540000.0,low
21302,7853360480,2014-09-04,4,9248,540000.0,low
10866,3157600240,2014-09-03,3,5000,540000.0,low
8077,1026069172,2014-06-18,4,34222,540000.0,low
6918,3908100020,2014-08-03,4,5766,540000.0,low
5823,7430500415,2014-07-25,2,7500,540000.0,low
19489,1997200245,2014-07-14,2,4800,540000.0,low
9566,5200100115,2014-11-17,3,3478,540000.0,low
20715,1982201596,2015-01-12,3,1404,540000.0,low
16010,4305600250,2014-10-27,4,5471,540000.0,low
17646,4237901250,2015-03-27,4,3417,540000.0,low
20478,1890000166,2014-09-05,3,1889,540000.0,low
8777,5126310110,2014-07-22,4,9935,540000.0,low
11090,8567450140,2014-08-27,5,10189,540000.0,low
6920,2872900280,2015-04-06,4,10283,540000.0,low
8733,117000001,2014-05-27,4,3565,540000.0,low
1631,8651520240,2014-07-28,4,29078,540000.0,low
4661,9547205225,2014-08-14,4,6120,540000.0,low
9928,4022906531,2014-08-06,3,16455,540000.0,low
4553,2126079014,2014-05-12,4,228254,540000.0,low
14563,7635801371,2014-07-25,4,19400,540000.0,low
17999,3396800120,2015-04-27,3,11100,540000.0,low
21560,423059387,2014-11-18,5,4850,540000.0,low
5435,6840701150,2015-03-11,5,4400,540000.0,low
12457,6743700030,2015-04-01,4,8402,540000.0,low
17876,5700000245,2014-06-02,4,4240,540000.0,low
17474,6329000185,2015-03-29,3,23361,540000.0,low
19061,2767603255,2015-02-24,2,4750,540000.0,low
15830,7234601025,2014-08-05,3,1021,540000.0,low
20601,8682301600,2015-05-04,3,3930,540000.0,low
19611,5104511250,2014-06-13,5,9775,540000.0,low
6707,9465910380,2014-10-24,4,7453,540000.0,low
10999,5126310060,2015-04-17,4,7334,540000.0,low
13174,1036450360,2015-01-07,4,3784,540000.0,low
20549,7853360300,2014-09-04,4,6005,540000.0,low
11612,9297301535,2014-05-29,3,5085,540000.0,low
16692,6821102358,2015-02-24,3,3135,540000.0,low
5507,1089700010,2014-10-08,4,9436,540000.0,low
9814,2862100260,2014-10-03,4,4280,540000.0,low
16338,5423600080,2014-09-18,3,11656,540000.0,low
12027,342000036,2014-07-02,3,1800,540000.0,low
15751,6744700427,2014-05-07,7,7647,540000.0,low
3925,1822069097,2014-12-23,6,206474,540000.0,low
5023,5536500020,2014-07-16,4,4450,540000.0,low
13170,1428000970,2014-05-21,3,62290,540000.0,low
15609,1797500780,2014-05-21,3,1691,540000.0,low
2609,2193340140,2014-08-14,4,7850,540000.0,low
7831,3423600065,2014-06-04,3,4160,540000.0,low
17108,4023500362,2015-04-02,4,9322,540000.0,low
18053,8714600145,2015-04-01,2,4120,540000.0,low
19772,9272201318,2015-04-14,3,1972,540000.0,low
18999,1722069097,2014-12-29,3,100188,540000.0,low
7632,7527000090,2014-08-14,4,19500,540000.0,low
16147,8854000010,2014-08-12,5,10059,540000.0,low
20730,6204050160,2014-06-08,5,4369,540000.0,low
9205,259100110,2014-06-18,3,8200,540000.0,low
5861,3578401700,2014-07-01,3,9580,540000.0,low
6091,3303910010,2015-02-20,3,13227,540000.0,low
13823,866400040,2014-10-13,5,5590,540000.0,low
3559,2919201095,2015-03-27,3,3840,540000.0,low
1008,1624079104,2015-04-02,3,217800,540000.0,low
18838,7852010940,2015-05-05,3,5817,540000.0,low
8979,9530101385,2014-10-14,2,3021,540000.0,low
14288,7200001608,2014-07-01,4,10140,540000.0,low
16840,955000430,2014-09-03,2,1569,540000.0,low
15189,6446200050,2015-05-04,3,25992,540000.0,low
5125,3741600020,2014-09-15,3,20018,540000.0,low
16982,8563030500,2015-03-30,3,9875,539950.0,low
7598,2705600068,2015-03-27,3,2180,539950.0,low
20647,3869900136,2014-12-19,3,1596,539950.0,low
18022,4310700778,2015-02-10,3,1558,539950.0,low
5559,3630120380,2015-02-05,2,3507,539950.0,low
18317,2652501513,2014-08-13,3,3200,539950.0,low
19219,2705600067,2015-03-23,3,2183,539950.0,low
19315,1560920040,2014-07-31,4,37430,539950.0,low
1570,7853300070,2014-08-18,5,5250,539950.0,low
3562,3342700371,2014-06-09,3,7149,539950.0,low
14007,5056500210,2014-10-07,4,9000,539950.0,low
17806,7852090820,2014-07-29,3,4203,539900.0,low
21311,5694500497,2015-01-16,3,1325,539900.0,low
862,6403310060,2014-08-11,3,10150,539900.0,low
12451,4017050260,2014-06-06,3,12476,539500.0,low
15444,3261020080,2014-12-24,4,8550,539500.0,low
13902,4174600072,2014-12-23,4,5722,539500.0,low
10209,1026069155,2015-03-12,3,43995,539000.0,low
6537,1931300425,2014-09-08,3,3200,539000.0,low
8855,1725079025,2014-09-03,3,209088,539000.0,low
19386,6870300090,2014-06-04,3,2300,539000.0,low
9957,7577700521,2014-10-01,2,5175,539000.0,low
18823,4040500100,2014-10-20,7,6890,539000.0,low
20398,1604601801,2015-02-17,3,1400,539000.0,low
15856,23520380,2014-09-09,3,9860,539000.0,low
12532,9136103026,2015-03-05,3,3225,539000.0,low
4591,8665900291,2015-02-25,4,19850,539000.0,low
12921,8910500150,2015-01-20,3,5040,539000.0,low
6790,8651510380,2014-12-16,3,9195,539000.0,low
16435,8651520420,2014-06-06,3,9568,539000.0,low
20056,2768301477,2015-04-25,3,1187,539000.0,low
18473,9557300040,2015-02-25,5,7245,539000.0,low
11288,5101402435,2015-03-04,3,5338,539000.0,low
19449,7504001430,2014-10-23,3,12000,539000.0,low
17769,1238500281,2015-04-10,5,11727,539000.0,low
18252,255520150,2014-09-02,3,9972,539000.0,low
6572,3438500924,2014-08-11,5,6604,538900.0,low
6265,6600220380,2014-05-31,5,13189,538888.0,low
8604,7852090180,2014-08-04,3,4270,538500.0,low
14155,1722049154,2014-07-07,3,15229,538250.0,low
1013,686201000,2014-12-30,4,7260,538200.0,low
422,6388900710,2014-12-19,3,11632,538000.0,low
10901,2155000160,2014-05-08,4,9600,538000.0,low
12807,9547204675,2014-10-24,2,3060,538000.0,low
19780,9211010320,2014-07-09,3,7014,538000.0,low
4730,6414100025,2014-07-21,4,10032,538000.0,low
18243,1994200040,2014-06-13,3,7200,538000.0,low
15738,2211700290,2014-12-04,3,7204,538000.0,low
5661,6326000130,2014-12-02,3,10137,538000.0,low
4795,2856102280,2014-05-14,3,3825,538000.0,low
1,6414100192,2014-12-09,3,7242,538000.0,low
5540,7922900380,2014-10-30,3,8050,538000.0,low
13406,7923000360,2015-01-20,4,7953,538000.0,low
13778,427000065,2015-01-26,5,9108,537500.0,low
1613,6127011000,2014-05-08,4,4630,537500.0,low
1312,3459700340,2014-10-30,4,9530,537250.0,low
14331,6388910040,2015-03-24,3,7051,537100.0,low
8085,8663240180,2015-03-30,4,2660,537000.0,low
3204,4136980090,2015-04-07,4,26040,537000.0,low
4294,1235700042,2014-05-28,3,12920,537000.0,low
2532,1232000810,2015-03-26,3,4800,537000.0,low
18692,7923200150,2014-09-15,4,7957,537000.0,low
17024,1117300050,2015-03-27,3,27003,537000.0,low
7925,5309100515,2015-01-20,4,3635,537000.0,low
3192,5014000100,2014-09-24,4,6413,537000.0,low
15507,7214810050,2015-04-16,4,8800,537000.0,low
15032,6744700424,2014-06-26,3,7479,537000.0,low
12785,7752000065,2015-01-06,3,10050,537000.0,low
14761,6338000032,2014-08-27,4,7104,537000.0,low
20182,7853420480,2014-06-18,3,6360,536751.0,low
12026,6619910260,2015-04-07,3,8910,536650.0,low
12906,6909200401,2014-09-08,4,3515,536500.0,low
10364,9297301505,2014-05-09,4,4000,536500.0,low
8699,7550801207,2015-04-28,2,1860,536500.0,low
19800,6127010320,2014-06-09,3,6224,536000.0,low
8369,8835350300,2015-03-04,3,7397,536000.0,low
13441,2722059275,2015-05-12,3,34548,536000.0,low
18796,5101405067,2014-05-09,3,5413,536000.0,low
5595,3905030480,2014-06-17,4,5948,536000.0,low
20803,9532000070,2014-12-01,4,4831,536000.0,low
14991,7853300280,2015-02-13,4,8833,536000.0,low
18025,7280300375,2015-01-22,5,9140,536000.0,low
11114,475000004,2014-07-07,2,746,536000.0,low
2637,1175000059,2014-10-10,3,3764,536000.0,low
6582,2273600460,2015-01-30,3,8503,536000.0,low
10506,7852170570,2015-03-09,3,5344,535950.0,low
6680,4046400010,2015-03-09,3,10880,535900.0,low
850,3905081070,2014-05-21,4,5790,535800.0,low
14059,7518507330,2014-07-24,3,5100,535610.0,low
7736,3905080730,2015-02-23,3,4976,535500.0,low
12519,7399800150,2014-06-06,3,40250,535500.0,low
21348,1442870050,2014-07-18,4,6969,535365.0,low
6677,2795000080,2014-09-19,3,7207,535100.0,low
1437,4473400045,2014-08-26,3,5600,535000.0,low
19399,7202330790,2014-06-18,3,4080,535000.0,low
15304,7806500290,2014-08-18,3,19485,535000.0,low
2526,3123049320,2015-04-15,3,12197,535000.0,low
4309,239000115,2015-04-08,2,7280,535000.0,low
18216,3388300590,2014-06-11,5,49222,535000.0,low
5889,1705400244,2015-04-02,2,5346,535000.0,low
21327,7394400080,2015-03-04,4,4000,535000.0,low
21462,5694000706,2014-08-13,3,1125,535000.0,low
19199,826069184,2014-10-02,3,47044,535000.0,low
1759,8670000060,2014-08-27,4,12138,535000.0,low
11942,625100181,2014-05-08,4,65836,535000.0,low
17766,2922701175,2014-09-19,2,5700,535000.0,low
13114,222069029,2015-02-19,2,224769,535000.0,low
12068,6884800262,2014-09-20,4,3515,535000.0,low
6296,6301800020,2014-05-06,3,10109,535000.0,low
17609,9357000650,2014-05-27,4,5600,535000.0,low
6568,387000190,2015-04-30,4,6920,535000.0,low
19849,7708210070,2014-06-17,4,7201,535000.0,low
119,1695900060,2015-05-11,4,2982,535000.0,low
3943,8961990090,2014-06-24,3,4132,535000.0,low
1181,3210950510,2014-09-04,3,40259,535000.0,low
10324,6414600232,2015-04-20,3,6648,535000.0,low
2223,3886902445,2015-03-16,2,9000,535000.0,low
19347,3693901720,2014-07-01,4,5000,535000.0,low
6775,3856900005,2014-09-09,6,6000,535000.0,low
7559,3905100220,2014-05-28,3,4006,535000.0,low
10223,2921700060,2014-10-27,4,6480,535000.0,low
13797,6843310120,2014-10-29,4,33578,535000.0,low
3856,8556800100,2015-01-21,4,23994,535000.0,low
3684,8564850300,2014-09-12,3,5978,535000.0,low
33,7589200193,2014-11-10,3,3000,535000.0,low
2155,8856900310,2015-02-03,4,12607,535000.0,low
11347,4315700505,2015-02-10,4,3250,535000.0,low
8577,434000040,2014-05-27,2,5527,535000.0,low
10968,6821102317,2014-12-09,3,1499,535000.0,low
12814,3904960150,2015-04-23,3,6634,535000.0,low
5411,9517200480,2014-07-02,3,12141,535000.0,low
13987,625049281,2014-05-21,2,4841,535000.0,low
16230,9211010440,2015-04-30,4,6933,535000.0,low
21027,3629990180,2014-08-05,4,3615,535000.0,low
18663,4317700085,2015-01-22,4,10656,535000.0,low
5264,3905100380,2015-04-21,4,3766,535000.0,low
13363,7504100910,2014-10-06,3,12546,535000.0,low
19339,3019300090,2014-07-23,2,5000,535000.0,low
21527,9578060230,2014-06-18,4,4595,535000.0,low
18173,2490200620,2014-08-11,3,5100,535000.0,low
9673,3449820100,2014-12-24,2,7246,535000.0,low
3468,7518504291,2014-12-15,2,3360,535000.0,low
17139,2787250080,2015-03-27,4,15099,535000.0,low
10909,1370803925,2014-09-03,2,5133,535000.0,low
16636,323059316,2015-05-05,5,6178,535000.0,low
985,9528104108,2014-05-29,3,1016,535000.0,low
3509,7550800195,2014-07-30,4,5000,535000.0,low
5644,1626069178,2014-09-10,4,110642,535000.0,low
5309,5711200170,2014-05-23,3,7620,535000.0,low
9098,3649100674,2015-04-30,3,6263,535000.0,low
15006,9264000010,2014-07-29,3,23505,535000.0,low
19659,2767604425,2015-01-29,3,1276,535000.0,low
2735,9510310030,2014-07-28,4,45963,535000.0,low
5805,7202260780,2015-01-20,3,5544,535000.0,low
16069,5302400080,2014-10-15,4,15008,535000.0,low
9920,5366200030,2015-02-05,3,3600,535000.0,low
15859,871000170,2014-12-02,2,3827,535000.0,low
6220,2770601734,2014-06-30,3,6300,535000.0,low
4510,3013300017,2015-04-08,3,6859,535000.0,low
12311,9523102420,2014-09-22,1,5000,535000.0,low
20156,8562770250,2014-05-07,3,2289,535000.0,low
21423,7708200180,2014-07-10,5,4551,535000.0,low
3001,8082400100,2014-08-25,3,3561,535000.0,low
16145,7852020080,2014-12-10,3,5108,535000.0,low
20186,123039376,2014-08-20,4,15100,535000.0,low
20115,7702080110,2014-10-16,5,6389,535000.0,low
4601,3290800215,2014-07-30,2,4120,535000.0,low
9039,6163901772,2014-09-18,3,10031,535000.0,low
7935,2726079061,2014-05-07,3,149410,535000.0,low
11152,9202600060,2014-06-02,3,9626,535000.0,low
6513,6388920460,2014-12-26,3,8164,535000.0,low
9148,3395300180,2014-08-12,3,12286,534950.0,low
4281,5101408593,2014-07-11,5,6337,534950.0,low
21495,7787920180,2015-05-04,5,10572,534950.0,low
15119,1529200480,2014-05-18,3,3500,534640.0,low
4597,3630030110,2014-06-16,3,3150,534500.0,low
16250,259800680,2014-08-05,4,7210,534000.0,low
18714,4038200120,2014-08-25,5,8625,534000.0,low
19176,9191201325,2015-03-01,4,2750,534000.0,low
2851,9126100850,2014-11-20,5,3600,534000.0,low
612,3905040800,2014-09-25,3,5080,533600.0,low
20835,291310310,2014-12-10,3,3517,533500.0,low
20964,1442880610,2014-08-29,4,6685,533380.0,low
17539,3956100050,2014-08-29,4,21806,533300.0,low
3789,5706201140,2014-11-21,4,15398,533250.0,low
20905,1442880650,2014-06-10,4,8853,533112.0,low
8606,2422059015,2014-08-08,2,295772,533050.0,low
16149,8564950280,2014-10-09,3,4607,533000.0,low
6093,8857640170,2015-05-06,4,6536,533000.0,low
1309,2878600200,2014-05-08,3,4080,533000.0,low
11359,7702020030,2015-02-25,4,6394,533000.0,low
16175,9482700440,2014-05-06,5,3780,533000.0,low
9380,1931300688,2015-04-29,3,1085,533000.0,low
6273,3905050280,2014-08-19,3,4812,533000.0,low
9997,9164100125,2014-08-07,4,4750,533000.0,low
14635,626059220,2015-05-06,4,23750,532500.0,low
970,2313900510,2014-10-28,3,5000,532500.0,low
5230,3797001815,2015-02-17,2,3000,532500.0,low
6544,3575302575,2014-08-11,3,7500,532500.0,low
16170,7802900500,2015-03-04,3,37120,532500.0,low
1269,2919702075,2014-09-25,3,3360,532500.0,low
5506,4046400440,2014-08-06,4,8750,532500.0,low
150,3362900810,2014-08-20,3,3090,532170.0,low
8352,7577700061,2015-04-16,3,5012,532000.0,low
6931,1954440080,2015-01-29,3,8022,532000.0,low
19704,1604601804,2015-04-16,3,2050,532000.0,low
3814,3905081500,2014-06-04,3,4910,532000.0,low
16023,1232000950,2015-03-12,3,4800,532000.0,low
13049,7199340620,2014-06-04,4,7029,532000.0,low
14453,513000665,2015-04-08,3,5750,532000.0,low
10830,2617300200,2014-05-09,5,57499,532000.0,low
1489,5561300640,2015-05-06,3,35015,532000.0,low
17187,7202340190,2015-02-19,3,5344,531800.0,low
13775,9283800230,2014-06-25,4,49765,531500.0,low
21445,3744000150,2014-09-28,4,5046,531155.0,low
12061,200500700,2014-06-12,3,9736,531000.0,low
17625,7974200777,2014-11-18,2,6660,531000.0,low
13079,8651730580,2015-03-30,3,8390,531000.0,low
1761,235000075,2014-07-18,5,5022,531000.0,low
606,6865200444,2014-05-05,2,1175,531000.0,low
21189,8648900010,2015-01-02,4,3853,530200.0,low
18310,1646502055,2014-06-13,3,3399,530100.0,low
21437,7853361120,2014-07-29,3,6295,530000.0,low
14890,1720069075,2015-05-08,3,211266,530000.0,low
9990,3260000700,2014-09-04,3,7770,530000.0,low
11097,8955800045,2015-05-12,2,11285,530000.0,low
11797,4039300140,2014-06-25,5,7910,530000.0,low
4565,6113400047,2015-03-31,4,14985,530000.0,low
7741,3586500665,2015-01-12,3,27505,530000.0,low
20826,9476200710,2014-06-08,3,7200,530000.0,low
905,3188100400,2014-06-03,3,6041,530000.0,low
17057,8651511060,2014-06-30,4,15086,530000.0,low
1314,2407900200,2015-04-09,4,4836,530000.0,low
12220,7852130550,2014-09-16,4,6788,530000.0,low
543,224069094,2014-09-11,3,40518,530000.0,low
11732,9528104109,2014-10-27,3,1090,530000.0,low
13382,6415100297,2015-02-19,3,9063,530000.0,low
578,1088650310,2015-01-27,4,5493,530000.0,low
17763,1630700361,2014-06-27,4,48351,530000.0,low
16059,8155500020,2014-10-18,5,7140,530000.0,low
709,6055000310,2014-07-01,3,39478,530000.0,low
20513,8648900040,2014-07-09,3,3078,530000.0,low
20438,9211010220,2014-11-04,4,4500,530000.0,low
11555,2491200955,2014-12-29,5,6000,530000.0,low
21091,9211010840,2014-11-12,4,9000,530000.0,low
6058,2056100275,2014-10-06,2,5000,530000.0,low
5533,148000680,2014-10-27,3,4800,530000.0,low
8637,2077700042,2014-06-26,3,26571,530000.0,low
11341,2322069116,2014-08-25,4,46609,530000.0,low
647,2218000335,2014-07-07,3,2500,530000.0,low
17447,6392003810,2014-05-23,4,5000,530000.0,low
13552,8835350230,2014-08-25,3,7480,530000.0,low
12534,6003001999,2015-02-09,2,976,530000.0,low
5566,3179100480,2014-08-06,3,1536,530000.0,low
12490,125039025,2014-06-11,3,3680,530000.0,low
13355,3558900450,2014-07-11,4,8640,530000.0,low
11659,7635801370,2014-09-04,3,17700,530000.0,low
3711,4447300008,2014-09-23,3,1963,530000.0,low
17322,1924079090,2014-10-16,3,45738,530000.0,low
14,1175000570,2015-03-12,5,4850,530000.0,low
20704,9578060370,2015-04-08,4,5105,530000.0,low
14405,6141600065,2014-10-16,3,8114,530000.0,low
4731,3529000930,2014-06-16,4,6360,530000.0,low
20711,1934800193,2015-03-06,3,1233,530000.0,low
13167,8078420230,2014-05-30,3,9906,530000.0,low
3006,8682291730,2014-05-13,2,4950,530000.0,low
5322,6746700605,2015-01-28,5,3000,530000.0,low
19945,8011100047,2015-03-06,4,7872,530000.0,low
1262,3904901200,2014-08-18,3,11817,530000.0,low
13807,5561300730,2014-06-05,4,35654,530000.0,low
18585,2767604067,2014-08-20,3,1125,530000.0,low
12737,123059042,2015-04-23,3,220414,530000.0,low
13360,8677900120,2014-11-21,3,20150,530000.0,low
19359,7376300085,2015-05-05,3,10350,530000.0,low
1003,2826049282,2014-06-14,3,7214,530000.0,low
17434,2062600020,2014-07-08,2,779,530000.0,low
4545,2771601730,2014-06-29,2,3400,530000.0,low
21557,2770603523,2015-04-22,3,1250,530000.0,low
9887,7922710320,2015-03-16,3,9605,530000.0,low
5412,240000269,2015-01-24,4,10800,530000.0,low
2286,6112300140,2014-05-14,4,15002,530000.0,low
10202,6690500060,2014-07-24,3,4040,530000.0,low
372,2231500030,2015-03-24,4,10754,530000.0,low
11276,8682280270,2014-09-03,2,2983,530000.0,low
7153,5249803870,2014-09-02,4,5580,530000.0,low
4263,5152100110,2015-04-22,4,14161,530000.0,low
2568,7645900055,2014-06-24,2,3680,530000.0,low
396,7375300160,2015-03-09,5,8800,530000.0,low
10011,4364200125,2015-01-29,2,7680,530000.0,low
6547,8121200460,2014-11-19,3,10958,530000.0,low
15368,5076900010,2014-05-13,3,8190,530000.0,low
6641,5710610670,2014-07-23,4,9601,530000.0,low
11130,9557300560,2014-05-08,3,6760,530000.0,low
3251,7215420590,2015-05-04,4,35996,530000.0,low
19828,1839500055,2014-11-14,4,7891,530000.0,low
1418,952000055,2015-02-06,3,5750,530000.0,low
3041,6117500025,2015-02-17,5,13572,530000.0,low
19542,7436300180,2014-05-19,3,3174,530000.0,low
13864,2887700995,2014-05-08,4,2850,530000.0,low
11861,9834200030,2015-04-14,3,4080,530000.0,low
13746,2783100230,2015-05-12,4,8270,530000.0,low
14764,1952000150,2014-05-06,5,9636,530000.0,low
14917,7986401205,2015-04-25,2,3000,530000.0,low
16419,8818900250,2014-05-07,3,4284,530000.0,low
5705,2624079022,2014-10-20,3,100623,530000.0,low
19368,1972200325,2014-09-19,2,1312,530000.0,low
14758,2922700155,2014-11-25,4,4700,530000.0,low
1484,8888000055,2014-12-30,3,20412,530000.0,low
2633,1727510030,2015-03-12,3,7262,530000.0,low
1762,1951700700,2014-06-05,4,7665,530000.0,low
6270,8078400010,2014-11-18,4,8376,530000.0,low
14762,8161000210,2014-08-14,3,21893,530000.0,low
9261,6205500580,2014-12-10,3,13775,530000.0,low
18222,2771104010,2014-06-05,3,1664,529999.0,low
20408,2768200209,2014-10-06,2,1174,529950.0,low
19535,6073300530,2015-04-28,4,7500,529950.0,low
9401,452001280,2014-07-03,3,5000,529950.0,low
20413,2767600985,2014-12-04,3,1250,529950.0,low
13334,1828000760,2014-07-14,3,8400,529950.0,low
18761,5076700115,2015-02-23,3,10000,529941.0,low
5679,6895300050,2014-10-02,5,9430,529900.0,low
5145,7787890050,2015-02-18,4,8455,529888.0,low
20524,9385200042,2015-03-18,3,905,529500.0,low
10299,6821100125,2015-02-25,2,4800,529500.0,low
19636,9385200041,2015-03-04,3,905,529500.0,low
2231,8563000520,2014-10-29,4,7610,529219.0,low
12766,6844700975,2015-04-14,2,6528,529100.0,low
7659,1461200040,2014-07-14,3,22098,529000.0,low
10037,9238900060,2014-05-29,3,6420,529000.0,low
3563,1724079013,2014-07-18,3,217800,529000.0,low
21002,1226039124,2015-04-28,2,9714,529000.0,low
6411,3905080280,2015-03-04,3,4499,529000.0,low
21191,2768200213,2014-07-24,2,1395,529000.0,low
506,2769600560,2014-05-27,3,3328,529000.0,low
9224,7436500120,2015-02-19,3,7367,529000.0,low
16798,3124089049,2014-12-08,4,90169,529000.0,low
18485,9828701690,2014-08-06,3,3400,529000.0,low
17283,6917700305,2015-02-19,2,7667,529000.0,low
12851,1523059183,2014-12-05,5,91476,529000.0,low
21490,9512200090,2015-05-01,3,7724,529000.0,low
4753,1954430190,2014-08-08,4,7171,528000.0,low
4972,8564950250,2015-01-07,3,4932,528000.0,low
1058,9421500070,2014-12-30,4,8005,528000.0,low
5131,1086100130,2014-09-04,5,8580,528000.0,low
3203,7214711270,2014-12-04,5,38009,528000.0,low
14470,8562700410,2015-04-15,5,7786,528000.0,low
13551,7202330610,2014-07-21,3,5613,528000.0,low
7112,2489200250,2015-04-30,3,6300,528000.0,low
18037,7003200120,2014-06-27,2,40642,528000.0,low
15205,7518505910,2014-11-19,2,5100,528000.0,low
2047,3558910640,2015-04-01,4,9750,528000.0,low
16215,2492200280,2014-12-02,3,4086,528000.0,low
13311,6813600365,2014-10-09,4,3600,527950.0,low
7569,7852011020,2015-03-27,3,5928,527900.0,low
141,1777500060,2014-07-08,5,9375,527700.0,low
11804,4442800162,2015-04-14,2,806,527700.0,low
4390,2724089019,2014-05-23,1,59677,527550.0,low
4230,9551201295,2014-07-28,2,3000,527500.0,low
3679,6072100490,2014-12-04,4,8480,527500.0,low
9987,4040400200,2014-10-07,5,8250,527500.0,low
15533,2924069132,2014-05-27,3,78844,527500.0,low
20035,2025049192,2014-10-21,3,1389,527500.0,low
4571,597000195,2015-02-03,3,4000,527200.0,low
4197,3834500195,2014-07-07,6,8401,527000.0,low
3280,8818400490,2014-06-11,2,4080,527000.0,low
6522,4038700190,2014-09-30,4,5250,527000.0,low
11070,7434500127,2014-08-12,3,6450,527000.0,low
3123,1023059511,2014-10-20,4,6736,527000.0,low
17606,7954300740,2014-09-09,4,6163,527000.0,low
222,626059335,2014-09-04,4,19436,527000.0,low
8014,3583400120,2015-02-04,5,10700,526750.0,low
14699,9238510220,2014-10-28,3,43170,526500.0,low
18667,3226049054,2014-10-03,3,7236,526500.0,low
4063,3423059140,2014-09-10,4,54450,526000.0,low
18593,6384500590,2014-11-13,3,6125,526000.0,low
5928,1972201856,2014-05-07,2,2400,526000.0,low
20911,1934800180,2015-02-10,3,1583,526000.0,low
17192,3095000185,2014-10-13,3,5250,526000.0,low
4029,7550800945,2014-10-07,2,4500,526000.0,low
2509,1024069159,2015-03-13,3,37801,526000.0,low
5184,6067910130,2015-03-25,3,18099,526000.0,low
8095,3589500315,2014-09-19,3,1281,526000.0,low
18591,259801030,2015-03-09,4,8000,526000.0,low
15451,3992700048,2014-07-18,4,6350,526000.0,low
4143,7977201707,2014-05-23,3,3420,526000.0,low
10927,1823069155,2014-05-05,5,71874,525888.0,low
16453,8018000020,2014-11-14,4,7770,525300.0,low
14216,4038700720,2014-09-18,5,8025,525126.0,low
10596,9530101670,2014-06-23,2,3500,525000.0,low
1114,4037200295,2014-08-19,3,8835,525000.0,low
9505,1310930100,2015-03-18,4,16697,525000.0,low
6161,7977201845,2014-05-14,3,6120,525000.0,low
6663,9558020380,2014-08-20,4,4750,525000.0,low
9206,2316800100,2014-11-05,3,6725,525000.0,low
9493,4191400090,2015-03-10,4,10500,525000.0,low
13847,5249803185,2014-10-15,4,7200,525000.0,low
3575,6042000090,2014-10-02,4,7731,525000.0,low
6065,7287100177,2015-02-25,4,12106,525000.0,low
11409,3034200550,2014-09-22,4,7754,525000.0,low
14179,7011201445,2014-07-02,2,3503,525000.0,low
8199,9455200205,2014-06-04,3,7800,525000.0,low
9190,5100402644,2014-11-19,4,6380,525000.0,low
17226,5706201470,2015-04-28,3,12350,525000.0,low
20993,9211010230,2015-03-30,3,4500,525000.0,low
8448,3905040220,2014-05-09,3,6970,525000.0,low
10957,1560920200,2014-08-26,3,35021,525000.0,low
5425,6362900080,2014-08-14,6,7560,525000.0,low
18227,820079101,2014-12-22,3,435600,525000.0,low
3620,225039175,2014-05-13,5,4591,525000.0,low
18365,5561000330,2015-05-05,3,38350,525000.0,low
4500,6072400820,2014-09-26,3,7875,525000.0,low
4961,5214500660,2015-05-05,4,7200,525000.0,low
15765,1622069127,2014-11-18,5,321908,525000.0,low
5750,3131201310,2014-09-30,5,3876,525000.0,low
3857,9830200475,2015-03-23,3,7440,525000.0,low
8968,686400210,2014-09-22,4,8549,525000.0,low
2151,2124069078,2014-12-11,2,43645,525000.0,low
15756,477000019,2014-06-20,3,1879,525000.0,low
6856,1115800440,2014-09-18,4,8560,525000.0,low
3815,5611000090,2014-08-05,4,10330,525000.0,low
20433,9828702389,2014-05-13,3,1161,525000.0,low
21240,7174800094,2015-04-20,1,5923,525000.0,low
12138,126059225,2014-08-06,3,43560,525000.0,low
21131,6928000605,2014-06-26,4,6625,525000.0,low
12469,4254000060,2014-10-02,4,17856,525000.0,low
6250,8850000509,2014-09-23,2,1444,525000.0,low
20971,9578060540,2014-06-14,4,4924,525000.0,low
19407,126039394,2015-05-08,4,26650,525000.0,low
14451,1930300915,2014-08-20,3,4800,525000.0,low
616,6600700030,2015-05-06,3,9414,525000.0,low
14612,225039029,2015-03-17,3,5625,525000.0,low
2242,5104531820,2014-06-02,4,7631,525000.0,low
17389,1088801350,2015-02-10,3,9610,525000.0,low
15753,2710600080,2014-08-25,4,6099,525000.0,low
13195,6003501400,2015-02-26,3,3520,525000.0,low
7924,2770601800,2014-10-24,3,6000,525000.0,low
14659,9828701608,2014-09-15,3,2350,525000.0,low
20916,2771602174,2014-07-01,2,1458,525000.0,low
3709,5423030300,2014-05-19,4,7672,525000.0,low
3623,2767602141,2014-09-05,3,4290,525000.0,low
3631,6116500300,2014-09-10,3,26500,525000.0,low
483,9169600135,2014-10-27,3,6000,525000.0,low
12977,7420100040,2015-04-22,3,10956,525000.0,low
5534,458000235,2015-03-25,4,3740,525000.0,low
12914,930000234,2015-04-21,4,7680,525000.0,low
3048,7852020300,2015-03-13,3,4544,525000.0,low
17202,2423020010,2015-03-16,3,8136,525000.0,low
7320,7844200425,2015-04-14,4,14157,525000.0,low
5188,2663000050,2014-09-26,4,4000,525000.0,low
8889,8556800090,2015-04-30,5,19080,525000.0,low
14582,7203600530,2014-05-29,3,5238,525000.0,low
15821,1234000630,2014-10-02,4,11549,525000.0,low
15001,7504021310,2014-05-06,3,11985,525000.0,low
15106,2985800225,2015-04-01,3,6800,525000.0,low
21471,9211000110,2014-10-03,4,5795,525000.0,low
4848,192300020,2014-05-21,3,10362,525000.0,low
8094,5561000600,2015-04-10,3,34528,525000.0,low
17967,1737100040,2014-10-22,3,7350,525000.0,low
5027,7199330010,2015-04-17,3,7200,525000.0,low
6998,9161100460,2015-03-23,2,4950,525000.0,low
10412,3876311860,2014-12-26,3,7800,525000.0,low
4355,7977201865,2015-04-21,2,6120,525000.0,low
10682,3342103228,2014-08-04,4,5573,525000.0,low
20172,6979970080,2014-05-13,3,5086,525000.0,low
18055,8651511030,2014-10-02,3,9146,525000.0,low
16378,6332000130,2015-04-20,3,6550,525000.0,low
18682,2592401080,2015-04-02,3,7950,525000.0,low
9962,8901001090,2014-11-17,3,22500,525000.0,low
17096,923000095,2015-03-26,3,8100,525000.0,low
12233,9465910030,2014-05-15,3,7434,525000.0,low
262,3325069129,2014-12-16,3,40510,525000.0,low
13366,4039400410,2014-10-10,4,6600,525000.0,low
18085,6817801430,2015-03-05,3,11430,525000.0,low
4131,9516500100,2015-04-18,3,9579,525000.0,low
19517,1189000180,2014-09-10,2,3360,525000.0,low
14885,8673400177,2015-04-02,3,1074,525000.0,low
13143,8567450180,2014-05-29,5,9216,525000.0,low
15783,7199000290,2014-09-05,4,10735,525000.0,low
434,8564950390,2014-09-19,4,5280,525000.0,low
8321,2902200234,2014-12-09,3,1182,525000.0,low
20308,1972200426,2014-09-18,2,1268,525000.0,low
2801,5561200310,2014-06-09,3,36445,525000.0,low
2421,1383500070,2015-02-10,4,16801,525000.0,low
13109,2215500220,2014-09-23,4,6360,525000.0,low
9267,3876310300,2014-06-06,5,8000,525000.0,low
15111,1231000660,2014-05-21,3,4000,525000.0,low
11170,9424400105,2014-07-10,4,5959,525000.0,low
1573,1974200060,2015-04-24,4,10070,525000.0,low
11921,1931300955,2014-11-26,1,3200,525000.0,low
9152,2324039100,2014-11-12,4,5080,525000.0,low
11375,952000310,2014-05-20,3,4773,525000.0,low
6479,9512500460,2014-07-11,3,9350,525000.0,low
4214,1736800740,2015-03-03,4,7725,525000.0,low
8719,6204410150,2015-04-14,4,7957,525000.0,low
4012,8121100600,2015-03-24,3,6180,525000.0,low
8904,5282200015,2014-05-27,5,3800,525000.0,low
2883,1574100025,2014-08-07,4,6240,525000.0,low
2539,6021503570,2014-09-18,2,4000,525000.0,low
1205,4123400340,2014-12-03,4,7307,525000.0,low
11182,3047700045,2014-07-17,3,2850,525000.0,low
3992,2023039160,2015-04-23,4,98881,525000.0,low
3212,3959400855,2014-08-20,4,7200,525000.0,low
21174,9578060420,2015-01-14,4,4924,525000.0,low
8437,1785400300,2014-08-21,3,15258,525000.0,low
14350,6071300180,2014-07-14,5,10081,525000.0,low
6481,6204200170,2014-07-09,4,6308,525000.0,low
21146,7708210050,2014-06-10,5,8364,525000.0,low
17342,4232900250,2014-07-10,2,3600,525000.0,low
7298,4022902715,2015-04-03,5,10277,525000.0,low
6483,2206500430,2014-07-09,4,10440,525000.0,low
21010,1604601803,2015-04-08,3,1400,525000.0,low
15573,8901000585,2015-04-01,4,7400,525000.0,low
12229,1473060030,2014-07-09,4,9958,525000.0,low
15933,7443000514,2015-03-10,3,1764,525000.0,low
2604,1024069037,2014-09-15,3,16530,525000.0,low
5004,1036000080,2014-10-09,3,8000,525000.0,low
6069,7016000440,2014-07-16,5,8621,525000.0,low
3522,4083301645,2014-10-24,3,6840,525000.0,low
15475,6822100050,2014-09-18,2,7200,525000.0,low
15390,3629970680,2014-11-12,2,2856,524950.0,low
5815,7518502945,2014-05-19,3,3825,524950.0,low
5988,4172100050,2014-08-25,3,3250,524950.0,low
11318,1326069094,2015-02-25,3,24539,524950.0,low
14730,1254201106,2014-08-29,3,3172,524500.0,low
3762,2523089097,2014-10-29,3,264844,524500.0,low
6142,1951700480,2014-08-13,4,12950,524400.0,low
973,3629790160,2014-07-24,3,3469,524250.0,low
20648,8956200960,2015-01-20,4,11385,524225.0,low
2789,3205500160,2014-12-26,4,7015,524000.0,low
20070,1383800015,2015-01-08,3,1007,524000.0,low
12372,5244800695,2014-06-16,2,2000,524000.0,low
3833,1115800110,2015-01-09,3,9471,524000.0,low
3007,5318100504,2014-07-28,2,2272,524000.0,low
18438,1785400210,2015-01-29,4,15491,524000.0,low
10317,2821100125,2014-11-20,3,6720,524000.0,low
16882,1823069102,2014-05-08,3,73151,524000.0,low
3124,4109600195,2014-07-18,4,5000,524000.0,low
6014,6821101870,2014-05-05,3,5520,524000.0,low
19794,1972201963,2014-06-16,3,1282,523950.0,low
9866,5398600075,2014-08-25,2,5969,523500.0,low
14842,2767900355,2014-06-27,5,5000,523460.0,low
11701,5708500270,2014-05-16,3,3135,523000.0,low
4165,4055700778,2014-11-14,4,20870,523000.0,low
4133,4036800805,2014-05-13,3,7735,523000.0,low
17795,5210200081,2014-11-10,3,8681,523000.0,low
2660,823069074,2014-12-23,4,65340,523000.0,low
6668,5100404030,2014-12-08,3,5413,523000.0,low
19430,7852010900,2015-03-24,3,6182,523000.0,low
15037,8563000250,2014-08-12,3,9707,522500.0,low
19056,3626039207,2014-10-17,4,6480,522500.0,low
18234,6751300375,2014-10-16,3,9030,522500.0,low
11254,2126049290,2015-02-20,4,8154,522500.0,low
4161,3987700115,2014-07-28,4,9299,522500.0,low
8079,2125079054,2015-02-24,4,122403,522500.0,low
19715,7169500200,2014-09-03,2,1210,522500.0,low
11926,7852170370,2014-05-16,3,7875,522500.0,low
2291,1774350160,2014-07-18,4,41600,522250.0,low
790,1494300060,2014-06-11,3,8400,522000.0,low
2807,8857640860,2014-09-26,4,6598,522000.0,low
3780,8635700025,2014-07-25,3,15600,522000.0,low
8952,3902300100,2014-05-12,4,8623,522000.0,low
11010,2391602650,2015-04-10,3,4600,522000.0,low
14333,4077800582,2014-09-12,3,7080,522000.0,low
14104,8680500220,2014-12-03,3,12338,521900.0,low
21007,9126101121,2015-04-07,3,1619,521500.0,low
4016,6385000025,2014-10-17,3,5700,521450.0,low
10014,686400060,2014-08-20,4,8034,521000.0,low
3580,7936000252,2015-05-11,2,7500,521000.0,low
2870,8121610110,2015-03-03,3,37363,521000.0,low
1492,6204200340,2014-11-10,3,18250,521000.0,low
2098,2568300132,2014-10-08,3,5455,521000.0,low
651,7214700350,2014-11-24,4,36400,521000.0,low
14860,7625701830,2014-10-23,3,6000,521000.0,low
10793,1972200696,2014-10-06,3,1254,521000.0,low
7457,6914700130,2014-06-15,3,8100,520500.0,low
1712,6190701146,2015-04-15,6,14350,520500.0,low
11904,2776600002,2015-04-22,2,6141,520000.0,low
18592,326049038,2015-05-04,4,9882,520000.0,low
5296,7519000585,2015-03-11,2,3708,520000.0,low
6703,2616800050,2014-12-02,4,34947,520000.0,low
20304,8080400177,2014-09-09,2,1368,520000.0,low
1847,7588700204,2014-07-16,4,4532,520000.0,low
2440,7853250160,2015-02-20,4,7161,520000.0,low
8757,1773100755,2014-08-21,11,4960,520000.0,low
17350,3905040780,2014-09-24,4,5085,520000.0,low
18813,1437910090,2015-01-28,4,6440,520000.0,low
8417,4027700594,2014-12-22,3,36665,520000.0,low
18805,3904900230,2014-07-16,3,10855,520000.0,low
18479,2224079086,2014-11-10,3,53628,520000.0,low
8435,5101404491,2015-02-12,2,6380,520000.0,low
12640,4038400040,2014-11-24,3,8800,520000.0,low
475,3629920030,2014-08-08,4,3006,520000.0,low
1016,7199320570,2015-01-26,4,7700,520000.0,low
21595,1972201967,2014-10-31,2,981,520000.0,low
7552,322069020,2014-06-19,3,219527,520000.0,low
321,2597650240,2014-10-23,3,16200,520000.0,low
17774,1525039057,2014-07-02,3,1036,520000.0,low
21108,9268851630,2014-06-04,3,1487,520000.0,low
8688,6769200040,2014-12-18,3,6609,520000.0,low
15770,8562600500,2015-01-09,3,7558,520000.0,low
2887,2523069156,2014-12-03,3,43995,520000.0,low
16709,3585900430,2014-12-22,3,18483,520000.0,low
15330,9536600010,2014-12-23,4,8277,520000.0,low
13144,4443801590,2015-04-02,2,3880,520000.0,low
10328,4443800960,2015-04-08,3,3880,520000.0,low
4481,7600057,2014-08-05,3,2700,520000.0,low
3175,3629800100,2014-10-28,3,4297,520000.0,low
449,4140090240,2014-11-05,3,9263,520000.0,low
16852,6431500122,2015-04-28,3,8841,520000.0,low
7982,123000110,2014-09-30,2,5000,520000.0,low
20114,3818400110,2014-08-26,4,4950,520000.0,low
2346,1421069159,2014-11-10,3,58712,520000.0,low
5245,3303000130,2015-04-28,3,7667,520000.0,low
16905,7518503220,2014-10-28,2,3825,520000.0,low
14559,5631500369,2014-05-21,4,11446,520000.0,low
15147,7961500010,2015-03-04,3,10794,520000.0,low
8582,1023059365,2014-05-06,3,54885,520000.0,low
10638,2540850070,2015-03-20,4,7357,520000.0,low
10078,9547200340,2015-01-20,3,3264,520000.0,low
1632,9408300310,2014-06-24,3,35722,520000.0,low
5404,3579000440,2014-08-13,4,8798,520000.0,low
13427,5637500180,2014-06-12,4,3500,520000.0,low
18857,7923600330,2014-11-19,5,5280,520000.0,low
10758,363000045,2015-01-02,3,3000,520000.0,low
1379,1453600202,2014-05-20,4,10000,520000.0,low
1649,5101402482,2014-07-24,4,6380,520000.0,low
13368,9828702266,2014-10-03,3,1165,520000.0,low
13467,2810600210,2015-04-22,3,3760,520000.0,low
7936,1270000040,2014-07-16,2,22508,520000.0,low
7227,2767603649,2014-07-30,3,1250,520000.0,low
13580,2622029072,2014-10-01,4,210201,520000.0,low
21358,1438000130,2014-07-03,4,6160,519995.0,low
20904,7242800040,2015-01-20,4,1321,519990.0,low
12970,8099900040,2014-11-11,5,10200,519950.0,low
139,2767603505,2014-05-07,3,1249,519950.0,low
7123,8563020380,2014-05-20,4,9350,519900.0,low
1394,5631500254,2014-10-07,4,6172,519900.0,low
10463,936000055,2014-11-19,3,19454,519500.0,low
1472,2724069070,2015-02-20,4,17859,519500.0,low
14380,723039189,2015-01-02,3,26099,519000.0,low
11613,6431000196,2014-06-04,2,2820,519000.0,low
15524,461005435,2015-02-02,3,5680,519000.0,low
1802,1705400055,2014-07-19,4,6305,519000.0,low
6082,8682231330,2015-05-04,2,4823,519000.0,low
18819,1066600090,2014-09-05,5,8861,519000.0,low
5000,3023049215,2014-07-02,5,13054,519000.0,low
19379,2768100205,2014-06-25,4,2617,519000.0,low
5993,2105200050,2014-06-19,3,10744,519000.0,low
19847,9211010260,2014-06-17,4,4500,519000.0,low
15448,4077800507,2014-08-21,4,5520,518500.0,low
116,3362400431,2014-06-26,3,1102,518500.0,low
21045,3744000040,2014-07-22,4,4500,518380.0,low
12531,9547200790,2014-09-17,3,4500,518000.0,low
18294,9376301110,2014-05-19,3,2096,518000.0,low
12746,4077800438,2014-12-31,4,8768,518000.0,low
15661,5726500130,2015-04-07,4,15000,518000.0,low
21461,7787920230,2015-04-08,5,13104,518000.0,low
10395,1522700060,2014-06-24,4,14021,518000.0,low
9908,1123059116,2015-03-19,4,9910,518000.0,low
4505,5561300750,2014-07-25,4,34870,518000.0,low
9738,8701600030,2014-11-13,5,5000,518000.0,low
5367,6600250050,2014-09-03,4,9750,518000.0,low
17308,6072400470,2014-11-13,4,10244,518000.0,low
13959,9818700455,2014-08-26,4,4000,518000.0,low
15271,3296900130,2014-10-07,4,13760,518000.0,low
12622,6751300065,2014-05-06,3,8000,518000.0,low
15843,7199310170,2014-06-16,4,7500,518000.0,low
18840,1102001055,2015-04-24,3,6612,518000.0,low
16759,3299200080,2014-10-03,4,12051,518000.0,low
19505,3342103174,2014-08-13,4,5672,518000.0,low
7605,2121000300,2015-02-19,4,11670,518000.0,low
12317,2254501342,2015-05-05,2,1149,518000.0,low
14349,2769602710,2014-10-06,3,5000,517950.0,low
16157,3876000440,2014-07-28,5,7500,517850.0,low
411,2422029094,2014-07-16,2,143947,517534.0,low
6443,5710610430,2015-03-13,3,10625,517500.0,low
6131,1377800010,2014-11-19,3,7000,517500.0,low
10029,3904980270,2015-05-05,3,3933,517500.0,low
7060,8944360170,2014-11-14,3,4332,517500.0,low
14223,3905100610,2015-04-09,4,3370,517500.0,low
748,579003610,2015-02-24,3,5200,517500.0,low
2288,3205100060,2015-04-13,3,9719,517100.0,low
19170,6865200981,2014-12-21,2,3750,517000.0,low
18638,1189000910,2014-07-08,2,3408,517000.0,low
12483,9528102110,2014-09-17,3,4635,517000.0,low
3050,2826049165,2015-02-26,4,13500,517000.0,low
15781,3575305362,2014-12-15,3,10000,517000.0,low
17882,259700180,2015-04-28,4,8250,517000.0,low
229,7202340400,2015-03-03,3,4729,516500.0,low
21552,688000017,2014-06-27,1,638,516500.0,low
2906,726059395,2014-09-23,6,8660,516250.0,low
9562,3331500820,2014-06-10,3,5150,516200.0,low
5665,4039000050,2014-07-14,3,8250,516130.0,low
13129,9528102060,2014-07-30,2,3090,516000.0,low
20173,7853320470,2014-06-11,4,8698,516000.0,low
10559,9542600070,2014-12-02,3,7304,516000.0,low
8327,8562901250,2014-08-27,4,10800,516000.0,low
20215,1438000440,2014-07-24,5,4136,515805.0,low
10825,6388930570,2014-10-23,3,9722,515700.0,low
17294,5126310470,2015-01-15,4,8126,515500.0,low
18121,5535600110,2014-06-18,4,7700,515500.0,low
5269,2426049180,2014-10-14,3,4900,515100.0,low
6833,7787120500,2015-05-04,4,8320,515055.0,low
20713,1250200693,2014-07-18,3,2409,515000.0,low
20502,847100021,2014-05-20,4,8765,515000.0,low
21011,7702080150,2014-12-01,5,4502,515000.0,low
7495,3526059115,2015-04-21,5,11761,515000.0,low
6802,7429000130,2015-05-09,4,12534,515000.0,low
20219,9828702649,2014-10-28,3,1178,515000.0,low
4087,5683000033,2014-12-01,2,4725,515000.0,low
17852,6791200120,2015-04-07,3,13362,515000.0,low
20546,625049359,2014-12-03,3,1180,515000.0,low
7103,6813600415,2014-05-08,2,4960,515000.0,low
11335,5104532030,2015-03-06,4,5222,515000.0,low
8927,114100304,2014-12-03,4,21370,515000.0,low
12571,3343300065,2014-09-02,4,14810,515000.0,low
19599,2490200220,2015-03-02,3,5100,515000.0,low
14714,3902100205,2015-04-17,3,4500,515000.0,low
17775,5393601635,2014-12-29,5,6000,515000.0,low
8314,200300210,2014-07-01,3,7200,515000.0,low
1331,5153200030,2015-01-13,2,15000,515000.0,low
19911,7853320030,2014-11-24,4,5150,515000.0,low
3405,7905200037,2014-11-19,3,5733,515000.0,low
522,726049331,2015-03-26,5,5105,515000.0,low
12641,7215730730,2015-01-28,4,4338,515000.0,low
6619,23500190,2014-10-08,4,7800,515000.0,low
1131,4039100400,2015-05-06,3,8250,515000.0,low
18371,4027701055,2015-04-24,2,15219,515000.0,low
14012,7881500330,2015-03-04,3,5000,515000.0,low
12749,5566100205,2014-12-23,3,12000,515000.0,low
7162,8965000050,2014-07-29,3,10939,515000.0,low
18118,7589200165,2015-01-07,3,5280,515000.0,low
13833,9393700065,2015-04-23,3,5120,515000.0,low
3426,7518502490,2014-12-29,3,5100,515000.0,low
16867,6071700020,2014-08-27,3,8400,515000.0,low
12700,2329720040,2014-06-30,3,4506,515000.0,low
2840,7625702350,2014-05-23,2,6500,515000.0,low
5938,2140700190,2015-04-10,4,9248,515000.0,low
21125,3438500250,2014-06-23,5,5027,515000.0,low
2255,4035900060,2014-09-19,3,20873,515000.0,low
8038,1826049362,2014-06-11,3,19585,515000.0,low
13514,423059077,2014-12-23,5,48787,515000.0,low
17730,1370804115,2014-11-06,2,5200,515000.0,low
19546,442000175,2015-03-31,2,5664,515000.0,low
18613,8113101582,2015-04-15,5,5249,515000.0,low
5156,3904910050,2014-10-23,3,4394,515000.0,low
7717,1137410040,2014-05-27,4,6473,515000.0,low
17112,5518800010,2014-07-03,5,9629,515000.0,low
13684,2427910040,2014-08-26,4,15067,515000.0,low
11153,8857320030,2014-11-07,3,2738,515000.0,low
1074,9209900270,2015-02-05,2,4228,515000.0,low
13596,8682262260,2014-11-06,2,5570,515000.0,low
14298,923000120,2015-04-08,3,7620,515000.0,low
18567,8035350120,2015-02-24,3,12184,515000.0,low
1048,2024059094,2014-08-25,3,11500,515000.0,low
10774,1954400060,2014-05-06,3,7167,515000.0,low
5042,7821200307,2015-02-17,2,3300,515000.0,low
16108,7996720050,2015-04-24,3,3202,515000.0,low
15209,923000413,2014-08-18,4,8160,515000.0,low
19851,5126300060,2014-08-11,3,5845,515000.0,low
11547,7298020140,2014-10-21,3,11441,515000.0,low
1456,546000400,2015-04-22,5,2402,515000.0,low
8471,714000315,2015-04-14,3,9448,515000.0,low
16450,7016100380,2015-04-23,4,8947,515000.0,low
3933,9285800755,2014-07-14,3,6100,515000.0,low
17334,2105200010,2014-09-04,4,39049,515000.0,low
598,662310400,2014-10-17,4,8249,515000.0,low
18622,2296700330,2014-10-14,4,8261,515000.0,low
19883,2768100186,2014-06-18,3,1419,515000.0,low
10216,1357900060,2014-06-10,3,5001,515000.0,low
17552,1795910420,2014-10-31,3,7851,515000.0,low
8410,3625059140,2014-05-07,3,9147,515000.0,low
5516,6204200470,2015-03-18,4,6967,515000.0,low
1475,1562100030,2014-09-10,4,7980,515000.0,low
5282,2473002850,2015-01-13,5,15916,515000.0,low
21136,9532000010,2015-04-16,3,3837,515000.0,low
6657,2436700655,2015-03-17,2,1249,515000.0,low
6987,475000080,2014-11-11,2,5000,515000.0,low
1082,7764200030,2014-07-16,3,11254,515000.0,low
4402,7853290090,2014-11-18,4,7306,515000.0,low
1006,7852090810,2014-11-19,3,4203,515000.0,low
14123,326069101,2014-12-05,3,219978,515000.0,low
12805,2768100040,2014-07-01,2,5000,515000.0,low
19935,9126100814,2014-10-08,3,1020,515000.0,low
17833,7853220970,2014-05-28,4,7178,515000.0,low
3186,3521049048,2014-08-11,3,48993,515000.0,low
9768,2705600069,2015-05-01,3,1264,514950.0,low
21003,2767704251,2015-04-16,3,1072,514700.0,low
11447,5152980070,2015-01-02,4,9614,514500.0,low
1488,5202500030,2015-04-01,3,9964,514000.0,low
9319,3856901880,2014-08-15,2,4000,514000.0,low
11275,226059065,2014-09-03,3,54014,514000.0,low
5946,461004095,2014-07-21,3,5000,514000.0,low
4242,925059198,2014-08-28,3,7200,514000.0,low
9662,2624039133,2014-06-11,3,5899,514000.0,low
20727,522079068,2015-05-06,3,161607,513000.0,low
5896,8944360080,2014-07-08,3,4592,513000.0,low
15276,8651720420,2015-04-28,4,8040,513000.0,low
14409,1504800097,2014-06-13,4,7070,513000.0,low
2945,2768100690,2015-04-23,3,5000,513000.0,low
5888,2792000010,2015-04-23,4,8887,513000.0,low
14801,1972201960,2014-08-25,3,1312,513000.0,low
12270,1842100160,2014-07-31,5,8652,513000.0,low
12042,6641020160,2014-05-06,4,5684,513000.0,low
19404,5700002165,2014-10-30,2,4322,513000.0,low
7003,2767601100,2014-10-27,4,4000,513000.0,low
3628,2568800121,2014-09-11,4,8311,512500.0,low
19160,4140090110,2014-09-12,4,6900,512500.0,low
4206,8561200110,2014-05-21,3,7604,512500.0,low
5854,643400130,2015-03-04,3,7200,512500.0,low
19216,3964400120,2015-05-08,4,4240,512500.0,low
17563,2254502070,2014-11-05,3,2400,512500.0,low
16159,2391602500,2014-05-15,3,2875,512500.0,low
1042,2877101031,2014-07-02,3,3000,512031.0,low
19035,6669250100,2014-07-29,4,4506,512000.0,low
848,7197350070,2015-03-04,3,12555,512000.0,low
1605,925049360,2015-04-28,2,3881,512000.0,low
18736,2767604558,2014-07-21,2,1313,512000.0,low
11806,9432750070,2014-08-08,4,17209,512000.0,low
3230,2877102345,2014-10-27,2,5000,511718.0,low
12182,7922800160,2014-05-09,3,7293,511555.0,low
7825,6392001005,2014-06-20,4,6000,511500.0,low
18886,8127700410,2014-10-15,4,7875,511200.0,low
18140,5706202070,2014-09-30,4,12220,511100.0,low
9622,3574750150,2014-05-14,3,4883,511000.0,low
11277,7695370160,2014-08-11,5,6983,511000.0,low
8160,1822059440,2015-02-03,4,7600,511000.0,low
149,1994200024,2014-11-04,3,3455,511000.0,low
10104,5100402782,2014-10-20,2,5413,511000.0,low
6147,6751300130,2014-08-13,3,8000,510500.0,low
15858,3300701365,2014-05-28,3,4000,510250.0,low
8566,8159300040,2014-10-02,4,9112,510000.0,low
10059,6071200400,2014-11-25,4,9075,510000.0,low
6212,7280300080,2015-02-02,4,7800,510000.0,low
5127,509000020,2014-11-18,3,40106,510000.0,low
17809,7298050090,2014-10-07,4,10935,510000.0,low
7651,125059138,2014-07-22,6,7561,510000.0,low
10647,1025079074,2014-12-02,3,266151,510000.0,low
9711,1321720160,2015-01-02,4,18948,510000.0,low
1680,1774220350,2015-04-01,3,38639,510000.0,low
4,1954400510,2015-02-18,3,8080,510000.0,low
14416,3577300040,2015-04-30,3,8133,510000.0,low
2335,993000046,2014-09-22,3,4510,510000.0,low
7137,7853250080,2015-02-16,5,4499,510000.0,low
8581,4027700456,2014-06-19,4,8031,510000.0,low
21054,3751600409,2015-05-08,4,17334,510000.0,low
18864,4321200600,2015-05-04,4,5572,510000.0,low
13121,4442800166,2015-04-07,3,1012,510000.0,low
1688,2923039017,2014-07-17,2,131115,510000.0,low
2063,9214400135,2015-03-10,2,6095,510000.0,low
18179,3024079096,2015-04-14,4,118666,510000.0,low
7248,8096600050,2015-01-23,3,9600,510000.0,low
20937,2767601752,2014-07-07,3,1237,510000.0,low
8384,1972201965,2014-06-24,3,1309,510000.0,low
11803,3447000030,2015-04-01,3,11995,510000.0,low
3629,5249804560,2014-08-18,4,7200,510000.0,low
12772,6811000220,2015-02-04,3,12630,510000.0,low
8650,3325069060,2014-09-12,3,43560,510000.0,low
13292,5255300150,2015-05-11,3,8325,510000.0,low
5592,2726049071,2014-12-11,2,4206,510000.0,low
14387,1796000120,2014-10-23,4,102366,510000.0,low
8406,9169600110,2015-03-17,3,6240,510000.0,low
11658,2824059128,2014-10-09,3,7405,510000.0,low
11570,3888100117,2014-11-10,5,9750,510000.0,low
9232,7214700580,2014-06-08,4,62290,510000.0,low
11508,2025079037,2014-10-01,3,219542,510000.0,low
13340,3905080870,2015-02-06,3,5929,510000.0,low
10187,8568010310,2014-09-12,3,27566,510000.0,low
5612,2824069142,2015-04-09,3,11325,510000.0,low
2965,6821102100,2015-03-17,2,6480,510000.0,low
1203,1231000510,2015-05-04,3,3800,510000.0,low
9019,534000195,2014-11-13,3,6700,510000.0,low
10607,125059179,2014-07-23,6,7200,510000.0,low
18789,1535204165,2014-12-04,3,58341,510000.0,low
11684,9477940390,2015-01-09,4,5405,510000.0,low
5685,8035350010,2014-07-15,4,13348,510000.0,low
20463,2011400401,2015-02-26,3,7136,510000.0,low
1146,3905100520,2014-10-29,3,3658,510000.0,low
12776,7228500610,2015-03-30,2,5280,510000.0,low
7373,6421100592,2014-09-10,3,11950,510000.0,low
5959,8663310050,2014-10-06,4,10423,510000.0,low
8607,7436500360,2014-06-06,3,7040,510000.0,low
19528,9165100375,2014-11-18,5,3838,510000.0,low
21247,7169500020,2014-12-05,2,1101,510000.0,low
2910,8677900123,2014-06-12,3,19200,510000.0,low
15561,3755500080,2014-06-06,4,14250,510000.0,low
18241,3244500037,2015-04-06,3,53578,510000.0,low
18993,7923700330,2014-05-28,4,8800,510000.0,low
13755,8024202170,2014-08-20,3,6183,510000.0,low
10551,6841700070,2015-03-17,2,4500,510000.0,low
14055,369000365,2015-04-22,1,6600,510000.0,low
14943,2887700826,2014-05-29,3,3800,510000.0,low
10112,8861700030,2014-12-12,3,10275,510000.0,low
6047,6815100095,2014-12-23,2,4000,510000.0,low
9295,4391600035,2014-07-01,3,7020,510000.0,low
10252,3342100160,2014-10-09,3,5100,510000.0,low
8351,7197000100,2015-01-08,4,9988,510000.0,low
2244,3582500240,2014-05-14,3,26460,510000.0,low
1147,6332940070,2014-05-07,4,5203,510000.0,low
9802,5561100431,2014-08-06,5,83231,510000.0,low
9362,7715801030,2015-03-31,4,8125,510000.0,low
8780,714000195,2014-11-13,2,5544,510000.0,low
9287,2523400205,2015-04-21,2,5100,510000.0,low
15895,125059178,2014-07-22,6,7480,510000.0,low
3847,2193310300,2015-04-01,3,9250,510000.0,low
6694,3331001995,2015-01-23,3,4859,509990.0,low
15499,3425079088,2014-08-19,3,70567,509950.0,low
11959,3905080310,2014-08-06,3,4668,509950.0,low
2246,4027700844,2014-09-16,3,9153,509950.0,low
19796,8648900060,2014-05-05,3,2700,509900.0,low
21546,9211010300,2014-07-07,3,9053,509900.0,low
15170,7511200020,2014-08-29,3,53578,509900.0,low
6886,4040600190,2014-08-06,5,9000,509500.0,low
4228,2771604226,2014-11-18,2,1485,509500.0,low
8569,9550202730,2014-10-14,2,3120,509250.0,low
2773,7199340310,2015-02-18,3,7600,509250.0,low
5976,930000289,2015-03-16,3,7620,509007.0,low
19375,8900000100,2014-12-31,4,1724,509000.0,low
10337,3579000800,2014-10-24,4,9355,509000.0,low
2530,8682282180,2014-09-23,2,4675,509000.0,low
12926,3293700482,2015-01-14,3,9315,509000.0,low
8787,3333001430,2014-09-12,3,5000,509000.0,low
8583,8944600620,2014-07-03,2,3521,509000.0,low
15992,3975400190,2014-11-04,4,2166,509000.0,low
7262,3578400780,2015-03-27,3,10098,508800.0,low
16742,446000010,2014-11-19,4,6750,508500.0,low
3456,3575302345,2014-12-08,4,12500,508500.0,low
17802,2206500110,2014-09-05,4,9600,508450.0,low
15749,7172200080,2015-03-19,3,5969,508300.0,low
14512,6933600540,2014-08-20,2,5040,508000.0,low
6838,3204300225,2014-11-03,2,2500,508000.0,low
7850,9527000330,2014-08-11,6,7500,508000.0,low
8250,8123450300,2015-03-06,3,8462,508000.0,low
1743,5561401260,2014-10-14,4,53392,508000.0,low
20721,5169700132,2015-04-01,4,6283,507950.0,low
16886,7922900250,2014-05-20,3,8118,507500.0,low
6870,7197350050,2014-07-01,3,9594,507500.0,low
21603,7852140040,2014-08-25,3,5536,507250.0,low
3270,952003350,2015-02-04,3,5750,507250.0,low
7630,7228501910,2015-01-22,3,1329,507200.0,low
18936,9828702666,2014-07-28,4,956,507000.0,low
11377,2872900390,2014-08-14,3,8158,507000.0,low
16113,3379100130,2014-06-18,4,9375,507000.0,low
8399,2767602645,2014-11-10,4,2746,507000.0,low
600,8682250350,2014-10-09,2,6460,507000.0,low
15165,3034200660,2014-06-19,3,7201,507000.0,low
17641,6392001810,2014-09-04,3,6000,507000.0,low
5132,2111011060,2014-06-18,5,16249,507000.0,low
2015,7702600160,2014-07-09,3,40098,507000.0,low
687,7853290030,2015-03-11,4,7649,507000.0,low
4460,4019301500,2014-08-28,3,11585,507000.0,low
19609,7852020720,2015-03-27,3,4931,506950.0,low
17259,8651720470,2014-09-10,4,7200,506500.0,low
8559,6388910360,2014-11-19,3,9040,506400.0,low
14023,7977200995,2015-05-06,3,6120,506000.0,low
15630,2321059093,2014-08-05,3,213008,506000.0,low
11042,4037000160,2014-06-15,5,8000,506000.0,low
7228,3649100387,2015-04-16,4,12000,506000.0,low
12119,259000240,2014-06-17,3,7700,506000.0,low
8710,1175000110,2014-12-02,2,3588,506000.0,low
7284,7640400250,2014-06-19,2,8210,506000.0,low
8221,4307350730,2014-11-13,5,8370,506000.0,low
19693,1442880570,2014-08-21,4,8092,505657.0,low
9042,476000331,2014-12-02,3,1187,505500.0,low
18100,9191201385,2015-03-01,3,3400,505400.0,low
11898,8860310240,2014-12-17,3,11400,505000.0,low
6684,7852020660,2014-05-09,3,5824,505000.0,low
16529,8651720020,2014-05-12,4,6369,505000.0,low
17159,6072000380,2014-07-01,4,9778,505000.0,low
17671,8078430360,2014-12-16,3,11012,505000.0,low
14577,8665050770,2014-06-19,3,4611,505000.0,low
10136,1862400226,2015-03-11,2,8130,505000.0,low
9637,6821102346,2014-05-22,3,1596,505000.0,low
11527,2877102180,2014-08-29,2,5000,505000.0,low
12103,1137610140,2014-06-10,3,5957,505000.0,low
14929,4027700396,2014-08-28,4,12000,505000.0,low
16007,9826700726,2014-10-06,3,1483,505000.0,low
7575,2391600330,2015-04-10,2,5060,505000.0,low
10197,5101401816,2014-07-26,3,5410,505000.0,low
2034,7695500200,2015-03-23,3,17882,505000.0,low
62,5072410070,2014-10-21,3,8690,505000.0,low
3028,8901001185,2014-10-07,4,7400,505000.0,low
13767,7010700976,2014-11-14,3,5400,505000.0,low
1069,524069037,2014-07-10,2,57000,505000.0,low
21586,2767604724,2014-10-15,2,1201,505000.0,low
8061,3505100297,2015-04-11,3,4550,505000.0,low
6901,6855100010,2014-09-23,3,9601,505000.0,low
9171,226039279,2014-09-18,4,12540,505000.0,low
21251,3449500050,2014-10-15,4,9825,505000.0,low
3213,2028700265,2015-01-15,2,3816,505000.0,low
447,1049010390,2015-03-19,3,5460,505000.0,low
6344,7276100020,2015-04-14,4,12675,505000.0,low
13499,7942600975,2014-05-12,4,4800,505000.0,low
9885,194000565,2015-04-09,2,4640,505000.0,low
21513,1023059465,2014-05-13,4,5602,505000.0,low
13906,1566100450,2015-04-28,3,8375,505000.0,low
590,2525069041,2014-09-04,3,217800,505000.0,low
20528,2902200237,2014-07-07,2,1209,505000.0,low
18753,3876313120,2015-05-01,3,7210,505000.0,low
9779,6619910240,2014-06-25,3,10695,505000.0,low
19439,8562901010,2014-09-26,2,10800,505000.0,low
1124,5332200550,2015-03-25,3,4000,505000.0,low
1175,2767601375,2014-08-21,3,2500,505000.0,low
1380,3904910520,2014-06-25,3,8060,505000.0,low
16819,9268200380,2014-11-18,2,5040,505000.0,low
9480,259600410,2015-04-13,3,7210,505000.0,low
19714,4305600240,2014-11-25,4,5006,505000.0,low
12758,9477920120,2015-02-12,4,5340,505000.0,low
9243,8682262240,2015-03-30,2,5065,505000.0,low
19414,8682260850,2014-07-29,2,4871,504975.0,low
1482,8161010060,2014-12-18,3,21937,504750.0,low
21458,3226049565,2014-07-11,5,5000,504600.0,low
19268,1972202023,2014-09-04,3,1545,504500.0,low
19628,1048000160,2014-06-27,2,1687,504200.0,low
20789,1442880640,2014-07-15,4,7467,504058.0,low
6473,2770601462,2015-04-23,3,1750,503500.0,low
8983,8021700495,2014-07-22,3,2250,503045.0,low
9942,452001860,2015-03-21,3,2500,503000.0,low
8156,1121039059,2014-05-22,2,59612,503000.0,low
2809,2591760070,2014-06-03,3,4882,503000.0,low
1382,8681660060,2014-09-29,4,5044,503000.0,low
15534,922069169,2014-05-29,3,108900,503000.0,low
9880,8819900055,2015-03-30,2,4280,503000.0,low
1795,2925079012,2014-11-05,4,156988,503000.0,low
18906,2558700220,2014-07-21,4,7350,503000.0,low
1547,1419700270,2014-05-07,3,6760,503000.0,low
17083,9414500480,2015-04-07,3,9827,503000.0,low
12464,9414610070,2015-01-30,3,9840,502775.0,low
6900,4019300480,2014-11-11,4,14016,502700.0,low
6796,4037400280,2014-09-23,3,7875,502550.0,low
18765,3009800015,2015-04-22,2,4750,502501.0,low
3607,3342103148,2015-02-13,5,6168,502500.0,low
20167,9578060660,2014-05-13,4,5616,502000.0,low
12105,324000370,2014-07-21,3,5000,502000.0,low
2090,3380900160,2015-04-28,4,8400,502000.0,low
10594,384000135,2014-06-24,3,14350,502000.0,low
17188,8651710190,2014-10-24,4,10943,502000.0,low
13586,1226059101,2014-07-01,3,45613,502000.0,low
20670,8564860270,2015-03-30,4,5539,502000.0,low
20692,3274800505,2015-04-24,3,3073,502000.0,low
15091,9169100130,2014-10-07,2,4704,502000.0,low
3963,6145600855,2015-05-04,4,3844,502000.0,low
15411,7715800430,2014-11-04,3,9135,502000.0,low
10566,7525300260,2014-06-23,6,8122,502000.0,low
4736,4040800600,2014-06-09,3,8800,502000.0,low
3021,3824100082,2015-04-01,3,11200,502000.0,low
11977,4353700200,2014-12-03,2,7523,501000.0,low
9340,2979800845,2014-05-24,2,4320,501000.0,low
2172,9269260240,2015-04-24,4,5439,501000.0,low
16926,2201500680,2015-03-05,3,8667,501000.0,low
730,1742800060,2014-06-12,3,7972,501000.0,low
1825,461002025,2015-05-01,2,2500,501000.0,low
4388,8827900015,2014-08-29,3,4360,501000.0,low
9126,259600530,2014-05-05,4,7519,501000.0,low
20444,4305600360,2015-02-25,4,9612,500012.0,low
7218,3946900010,2015-03-23,2,6050,500007.0,low
16239,7189800095,2014-11-04,4,5040,500000.0,low
2658,6071900070,2014-06-22,4,8400,500000.0,low
7893,6071800410,2014-12-01,3,8994,500000.0,low
7969,1324059048,2014-07-21,3,34848,500000.0,low
7138,6713700250,2014-06-04,5,11440,500000.0,low
15938,1124000010,2014-07-11,3,8100,500000.0,low
12015,224069129,2015-02-25,3,54315,500000.0,low
14912,2926049504,2015-04-02,3,9008,500000.0,low
9150,7977200720,2015-04-27,3,6120,500000.0,low
21032,6056110150,2015-03-20,2,2162,500000.0,low
17260,3904950190,2014-05-27,3,4539,500000.0,low
7748,3325069025,2015-05-08,3,21780,500000.0,low
17256,5561300980,2015-03-20,4,36680,500000.0,low
15886,2306400010,2014-10-17,2,3220,500000.0,low
15382,5710610250,2014-07-01,5,12087,500000.0,low
13872,2423069164,2015-04-10,3,65340,500000.0,low
10722,226059121,2014-08-13,3,77536,500000.0,low
10610,2767603612,2014-05-12,2,1334,500000.0,low
16055,7016200460,2014-08-26,4,7210,500000.0,low
11136,7277100055,2015-02-24,3,7680,500000.0,low
9236,6843300090,2014-11-03,4,35100,500000.0,low
9269,3034200543,2014-12-29,3,7916,500000.0,low
15435,2525059134,2014-10-16,2,12000,500000.0,low
20695,5379801920,2015-04-15,4,7482,500000.0,low
11683,4174600262,2015-04-08,2,5432,500000.0,low
17989,6137610620,2014-08-08,4,9354,500000.0,low
1851,6117501176,2015-01-02,4,26989,500000.0,low
6532,3221069091,2014-11-06,3,208737,500000.0,low
17003,6150700005,2014-12-01,4,5001,500000.0,low
7121,7616200050,2015-01-05,3,6120,500000.0,low
12689,7550801225,2014-06-27,4,7100,500000.0,low
16669,9141100073,2014-08-26,4,6685,500000.0,low
17391,3508100161,2015-03-27,4,9104,500000.0,low
12057,3374300030,2015-05-05,4,8155,500000.0,low
8336,259600790,2014-10-15,3,7370,500000.0,low
8338,6902000100,2014-09-15,3,65501,500000.0,low
19610,9828702265,2014-05-06,3,1171,500000.0,low
15095,2141500020,2014-12-17,4,8560,500000.0,low
19905,2888000030,2014-09-26,4,8196,500000.0,low
20311,7132300525,2015-04-11,3,825,500000.0,low
6578,2767602945,2014-06-25,3,4750,500000.0,low
19525,3888100176,2015-03-06,4,7806,500000.0,low
19903,2026049326,2014-07-07,3,3012,500000.0,low
11853,9250900111,2015-03-12,3,5654,500000.0,low
8742,1939050110,2015-01-13,3,15661,500000.0,low
3503,5249802460,2014-12-10,3,7200,500000.0,low
19181,826079047,2014-08-14,3,216057,500000.0,low
21210,7234600832,2014-05-16,2,1500,500000.0,low
11751,952007055,2014-10-21,3,4600,500000.0,low
14422,8137500730,2014-05-07,3,37565,500000.0,low
8319,1725079061,2014-07-10,3,47044,500000.0,low
13251,9512500720,2015-04-28,5,8400,500000.0,low
8311,2867700035,2015-02-12,5,7897,500000.0,low
2277,1930301555,2014-07-01,2,4500,500000.0,low
144,6071600370,2015-02-27,4,8517,500000.0,low
16616,1626069102,2015-03-23,4,44431,500000.0,low
11067,2254501620,2015-04-09,2,3200,500000.0,low
8832,2558600100,2014-08-27,4,12620,500000.0,low
17149,3905100630,2014-07-16,3,4561,500000.0,low
11484,4375700055,2014-06-27,2,8040,500000.0,low
1985,8568000070,2014-09-05,4,18001,500000.0,low
11326,2207000060,2014-08-18,3,8815,500000.0,low
15979,1972201305,2014-07-29,2,3360,500000.0,low
9451,9126100815,2014-12-17,3,1156,500000.0,low
19186,2239000011,2015-01-27,4,7816,500000.0,low
14429,3579000410,2014-09-05,3,7447,500000.0,low
1214,1026049082,2014-11-25,4,27631,500000.0,low
10939,2877101821,2014-08-05,3,3400,500000.0,low
15179,2413910190,2015-02-02,3,48096,500000.0,low
20379,7852130460,2015-03-25,4,4104,500000.0,low
20380,2768301357,2014-10-01,3,1396,500000.0,low
6033,2205700345,2014-07-07,4,8640,500000.0,low
12473,5490210510,2014-09-22,3,14633,500000.0,low
17676,1785400770,2014-08-25,4,12436,500000.0,low
5581,3818400050,2015-04-06,4,4668,500000.0,low
12791,6414100482,2015-03-31,2,12059,500000.0,low
20480,1931300308,2014-05-20,3,1200,500000.0,low
6026,2273600250,2014-08-04,3,8530,500000.0,low
15762,452001310,2014-08-25,2,5000,500000.0,low
1088,2473002080,2015-03-17,3,9360,500000.0,low
3749,3383900057,2014-12-03,3,902,500000.0,low
20947,2767601750,2014-08-15,3,962,500000.0,low
18368,1236300268,2015-03-03,3,10360,500000.0,low
5623,2491200675,2014-09-12,3,6394,500000.0,low
14489,2770601530,2014-08-26,2,1269,500000.0,low
17674,1868900395,2014-09-02,2,3750,500000.0,low
9539,6140100150,2014-11-25,4,7200,500000.0,low
16319,8924100430,2014-12-24,2,7130,500000.0,low
16001,2561340020,2015-02-17,3,11096,500000.0,low
10330,7202330030,2014-08-22,3,5683,500000.0,low
15514,1954630080,2014-06-19,3,48716,500000.0,low
13525,2013802060,2014-09-27,2,27332,500000.0,low
15748,3342103281,2014-10-20,4,20100,500000.0,low
17127,9286100250,2015-03-19,3,2575,500000.0,low
12985,5647900650,2014-11-20,5,25474,500000.0,low
8698,3797000745,2015-02-09,3,3500,500000.0,low
10346,9522400350,2014-10-08,4,23478,500000.0,low
17107,952001660,2014-09-16,4,5750,500000.0,low
10356,7960100075,2015-03-25,3,3600,500000.0,low
14183,2915200210,2014-12-05,2,5250,500000.0,low
8246,2997800015,2015-04-07,3,1265,500000.0,low
13561,1245500691,2014-10-07,3,4600,500000.0,low
2627,1822079046,2015-05-04,3,41072,500000.0,low
4454,9828702262,2014-07-24,3,1236,500000.0,low
7183,1175000073,2014-06-06,4,4011,500000.0,low
4570,2490200165,2014-06-23,3,5100,500000.0,low
2465,9430110030,2015-01-14,4,7607,500000.0,low
13038,1770000330,2014-10-03,4,15000,500000.0,low
16077,7806450190,2015-01-02,3,35171,500000.0,low
17699,7215730930,2015-01-12,3,4648,500000.0,low
16514,1222069136,2014-12-12,4,213008,500000.0,low
7707,5522600205,2014-09-17,3,6750,500000.0,low
1916,6072100140,2014-10-17,3,8829,500000.0,low
10537,2126049277,2014-12-03,3,7199,500000.0,low
7658,7105600085,2014-10-09,3,13040,500000.0,low
19967,1607100038,2014-09-21,4,5001,500000.0,low
9751,1344300045,2014-05-07,2,3885,500000.0,low
18027,3300701185,2014-09-25,2,4000,500000.0,low
15839,3964400470,2014-07-25,3,4000,500000.0,low
4463,8106300820,2014-08-14,3,5326,500000.0,low
19432,7852030790,2015-05-05,4,5027,500000.0,low
231,2424000060,2014-06-16,4,15347,500000.0,low
1518,3295700060,2014-06-02,3,5525,500000.0,low
7349,8100400170,2015-04-10,3,11454,500000.0,low
5671,2767700022,2015-01-13,3,1500,500000.0,low
10561,259800640,2014-06-09,4,9886,500000.0,low
12618,6617500085,2015-04-22,4,5760,500000.0,low
20642,1931300977,2014-05-08,3,1197,500000.0,low
13204,3575302245,2015-04-23,3,4368,500000.0,low
17532,3326059238,2015-05-06,4,7201,500000.0,low
16734,357000005,2014-12-22,4,3813,500000.0,low
7202,8901000143,2014-11-25,4,7350,500000.0,low
15702,5230000020,2014-06-30,4,15048,500000.0,low
20231,1972201964,2014-07-25,3,983,500000.0,low
805,3904980030,2015-04-14,3,4964,500000.0,low
2928,686200740,2014-10-20,4,8000,500000.0,low
17545,3905100840,2014-07-23,3,4379,500000.0,low
5207,2926049400,2014-12-26,4,7778,500000.0,low
2361,8902000267,2015-04-02,4,7209,500000.0,low
11391,9542000340,2014-08-07,3,16194,500000.0,low
2364,5710600030,2014-09-22,4,9215,500000.0,low
8197,5021900175,2014-06-16,3,10800,500000.0,low
289,2200500350,2014-08-12,2,14100,500000.0,low
17501,3764650010,2015-05-13,3,4307,500000.0,low
11280,2461900550,2014-12-16,4,6000,500000.0,low
1454,7504460200,2014-07-17,3,11946,500000.0,low
10855,7199340320,2015-04-09,3,7600,500000.0,low
15666,2767603165,2015-01-22,4,4500,500000.0,low
10851,7625704500,2014-12-08,3,6500,500000.0,low
786,2688100071,2015-04-15,2,5400,500000.0,low
14519,1233100366,2014-12-15,3,17409,500000.0,low
1594,8815400105,2014-06-03,3,4200,500000.0,low
21246,1442880080,2014-07-01,4,6334,499990.0,low
9624,2207100650,2015-04-10,3,8400,499990.0,low
11074,3395300260,2014-08-15,3,9334,499990.0,low
21382,1442870040,2014-08-19,4,7001,499990.0,low
20922,2768200212,2014-09-11,2,1157,499950.0,low
17382,641900050,2015-02-06,4,8817,499950.0,low
17250,1442700430,2014-08-08,5,23809,499950.0,low
9748,2061100435,2014-07-24,3,5580,499950.0,low
9090,5101400862,2014-05-12,3,6380,499950.0,low
11397,6362900171,2014-05-27,3,1501,499950.0,low
16960,40000669,2015-03-19,4,20067,499950.0,low
14285,5566100145,2014-09-03,3,11250,499950.0,low
13230,2770604104,2014-06-04,3,2208,499950.0,low
15829,5360200052,2015-02-24,3,23925,499950.0,low
8793,3852900026,2014-08-01,3,4984,499950.0,low
5772,2228900161,2014-10-08,3,7200,499950.0,low
14505,1823069279,2014-05-20,5,43560,499950.0,low
9864,2719100400,2014-09-12,3,6250,499950.0,low
11264,7950303290,2015-04-02,3,3500,499950.0,low
13878,1038000040,2014-06-05,3,12753,499950.0,low
7126,2155000480,2015-04-29,3,9315,499950.0,low
20691,2902200240,2014-06-10,2,1208,499950.0,low
1497,6362900172,2014-09-23,3,1991,499950.0,low
15980,425079001,2015-04-23,3,129578,499950.0,low
7067,9521100585,2014-06-13,3,3000,499950.0,low
4371,9477001140,2014-07-10,4,7700,499950.0,low
16094,2769602140,2014-12-15,3,2500,499950.0,low
10701,2738600140,2014-05-02,4,3345,499950.0,low
20281,8559300020,2014-05-28,4,4473,499950.0,low
6187,1623800440,2015-04-17,3,3000,499922.0,low
3991,7852020590,2015-03-05,3,5112,499900.0,low
5110,3991400080,2014-12-16,3,8820,499900.0,low
4918,9257900010,2015-04-22,4,7650,499900.0,low
17372,2724069169,2014-07-24,4,12196,499900.0,low
4088,7230000265,2014-06-17,3,21907,499500.0,low
6018,1626079132,2014-06-05,3,53143,499500.0,low
19663,1442880510,2014-05-30,4,6019,499431.0,low
20802,8956200990,2015-04-26,4,11466,499160.0,low
7507,8024200855,2014-07-28,3,5108,499100.0,low
7723,3972900025,2015-03-13,6,7500,499000.0,low
2182,6619510060,2015-03-27,4,12675,499000.0,low
2566,3037200060,2014-09-26,3,2150,499000.0,low
9766,3222079083,2014-05-14,3,42689,499000.0,low
6284,5422560380,2014-12-22,3,5940,499000.0,low
5094,6450300840,2015-04-27,4,5250,499000.0,low
17222,2770604346,2014-07-05,3,1326,499000.0,low
20860,1732800184,2014-05-08,2,957,499000.0,low
5311,2768100545,2014-09-08,3,3135,499000.0,low
9461,3630030180,2015-02-24,3,3665,499000.0,low
16972,7784400185,2015-04-21,3,11774,499000.0,low
5732,9528102771,2014-09-04,3,1728,499000.0,low
8116,1623800300,2014-06-10,2,3000,499000.0,low
9061,7853302370,2014-05-05,4,6479,499000.0,low
8050,7853301130,2015-05-05,4,5000,499000.0,low
2874,1646500785,2014-12-15,2,3090,499000.0,low
14673,6821101762,2014-06-05,3,1432,499000.0,low
2869,1313300300,2015-04-07,4,14149,499000.0,low
4721,1517900100,2014-10-21,4,10590,499000.0,low
15057,461002890,2014-06-19,3,5000,499000.0,low
10073,9475200030,2014-06-16,3,12325,499000.0,low
15064,3303860460,2015-04-15,4,5700,499000.0,low
6944,1124000005,2014-09-18,3,8505,499000.0,low
20521,2768200210,2014-08-25,2,1157,499000.0,low
19520,6384500535,2015-03-26,3,6250,499000.0,low
11492,1937300193,2015-02-27,4,2601,499000.0,low
11957,6141100445,2015-01-07,2,6549,499000.0,low
20498,3052700472,2014-08-13,3,1614,499000.0,low
1047,723069135,2014-09-15,2,114562,499000.0,low
18115,9550200650,2014-05-06,2,2400,499000.0,low
20405,3026059362,2014-10-31,3,1587,499000.0,low
10688,7202340390,2015-04-07,3,4851,499000.0,low
12327,4140100200,2014-08-08,3,9600,499000.0,low
4876,8682310460,2014-07-09,2,4614,498800.0,low
11863,3904980320,2014-09-23,3,5600,498688.0,low
11928,6403500570,2014-06-12,5,7420,498500.0,low
6553,4024101478,2015-03-03,4,7172,498500.0,low
20301,1085623730,2014-11-29,4,5902,498445.0,low
18029,2558640110,2014-05-14,4,7375,498000.0,low
17733,1245500286,2014-05-23,2,8282,498000.0,low
12843,9826701345,2014-07-15,3,2640,498000.0,low
21088,2867300170,2015-05-13,4,14355,498000.0,low
12684,1828000230,2014-07-14,3,8400,498000.0,low
18250,7202340530,2015-04-10,3,4088,498000.0,low
20046,7708200600,2014-07-18,3,4136,498000.0,low
11289,8820902400,2014-09-10,3,2750,498000.0,low
8575,8161000230,2015-04-27,4,22445,498000.0,low
12478,3336000626,2015-04-16,3,6570,498000.0,low
15459,7950302995,2014-11-10,4,3000,497950.0,low
15333,4037800020,2014-10-08,5,8610,497500.0,low
16016,7784400130,2014-05-05,6,9200,497300.0,low
5909,4055700345,2014-07-14,3,28750,497000.0,low
4787,2770604920,2014-09-03,3,1850,497000.0,low
675,3558900070,2014-07-18,3,9315,497000.0,low
9980,6840700036,2014-07-28,2,3325,497000.0,low
11477,7852020340,2015-03-25,3,4611,497000.0,low
10738,7525100060,2014-08-20,4,3463,497000.0,low
5403,7169200221,2014-10-23,3,1387,497000.0,low
9484,2267000458,2015-05-01,3,1475,497000.0,low
18945,5249802240,2014-05-15,4,7200,497000.0,low
21230,3629990280,2014-06-23,3,3817,497000.0,low
20740,6373000187,2014-09-18,3,1353,497000.0,low
20485,3278611450,2015-03-26,4,2340,496800.0,low
4328,1498304065,2014-06-14,2,5000,496752.0,low
11455,3904990570,2014-05-24,3,5782,496700.0,low
13061,6071600450,2014-11-20,4,8400,496600.0,low
17650,3904930730,2014-11-05,3,5562,496600.0,low
456,1529200340,2015-01-08,3,3640,496500.0,low
661,9412200260,2014-11-13,4,14440,496500.0,low
16165,8133700020,2014-07-02,2,9260,496000.0,low
16672,9250900104,2015-04-10,5,8500,496000.0,low
3320,1523089097,2015-03-04,3,37616,496000.0,low
9663,2794700120,2014-09-12,3,27598,496000.0,low
20667,726059485,2014-11-17,3,4533,496000.0,low
8677,9000025,2014-12-03,2,4635,496000.0,low
3531,2979801095,2014-12-09,4,4600,495800.0,low
8008,293850040,2015-02-05,3,7828,495500.0,low
14933,6370000005,2014-08-27,3,6360,495500.0,low
12600,3025079003,2015-03-25,3,57934,495500.0,low
12631,526059122,2014-12-05,5,22120,495200.0,low
3843,7972601280,2015-05-04,5,7620,495000.0,low
6887,7129301578,2014-05-21,3,6250,495000.0,low
8182,9218400088,2014-11-19,5,11205,495000.0,low
16292,4024100807,2015-02-25,4,7555,495000.0,low
1495,3818400060,2014-10-31,4,4862,495000.0,low
3089,1823099076,2014-08-20,3,47480,495000.0,low
13641,6119200085,2014-06-12,3,9300,495000.0,low
5300,3699100130,2014-10-02,2,14695,495000.0,low
1253,8650000070,2014-08-08,5,10165,495000.0,low
7187,1036450290,2015-02-02,3,3150,495000.0,low
16712,2738600080,2014-08-15,4,2811,495000.0,low
21260,1776230190,2015-04-08,4,3858,495000.0,low
12792,9455200329,2014-11-04,3,6557,495000.0,low
13449,164000237,2014-06-12,4,7245,495000.0,low
1544,6071600270,2014-06-03,4,8872,495000.0,low
10323,7955040160,2014-10-16,3,9759,495000.0,low
10175,5101402276,2014-12-17,4,6720,495000.0,low
19718,3449500045,2014-10-13,4,12075,495000.0,low
9972,1923800135,2014-10-01,3,3000,495000.0,low
10190,293000036,2015-04-03,4,4770,495000.0,low
14261,3080000040,2014-05-15,4,4000,495000.0,low
3752,9238500100,2015-03-18,4,20280,495000.0,low
5268,5100402668,2015-02-18,3,5510,495000.0,low
10509,6600220550,2014-06-26,3,11787,495000.0,low
1463,9550200310,2014-08-11,2,4284,495000.0,low
16099,2523069134,2015-04-06,4,91911,495000.0,low
6011,2316400285,2015-05-13,4,18042,495000.0,low
11747,5100401441,2015-05-06,4,5413,495000.0,low
1337,7234600796,2014-11-26,2,2530,495000.0,low
10431,3123039171,2014-08-05,3,208216,495000.0,low
9472,8682262720,2015-03-10,2,5203,495000.0,low
14439,3904980360,2015-01-12,3,7318,495000.0,low
17525,5700002285,2014-10-16,4,3570,495000.0,low
19579,3579000180,2014-12-29,3,14861,495000.0,low
20980,9528102993,2014-12-29,3,1228,495000.0,low
4600,5019500215,2015-01-15,2,4000,495000.0,low
6100,7128300500,2014-12-30,3,3000,495000.0,low
21305,2768301476,2014-11-24,3,1517,495000.0,low
6742,3904990430,2015-01-29,5,4942,495000.0,low
11605,9421500160,2015-03-03,4,7998,495000.0,low
6101,1233100642,2014-07-22,3,13288,495000.0,low
3594,7857003465,2014-06-05,5,4750,495000.0,low
21263,4014400381,2014-05-07,4,21195,495000.0,low
18669,9834200975,2015-02-10,3,4080,495000.0,low
2345,3185600055,2014-06-11,6,4500,495000.0,low
11374,2421059036,2015-04-15,3,156816,495000.0,low
21352,7169500130,2014-12-19,2,1623,495000.0,low
11361,3303860030,2014-10-29,4,8547,495000.0,low
10503,7518503490,2014-07-31,3,2550,495000.0,low
19267,52000067,2014-11-03,3,1577,495000.0,low
12260,7708200400,2014-09-29,4,4774,495000.0,low
21354,5379803372,2014-11-12,4,7870,495000.0,low
13877,7504400120,2014-09-19,4,12039,495000.0,low
7961,5101405331,2014-05-02,4,6380,495000.0,low
10794,2267000486,2014-08-22,2,7110,495000.0,low
15866,2126049265,2014-10-21,3,10080,495000.0,low
10775,2473002650,2015-05-12,4,11640,495000.0,low
1635,8143000310,2014-09-09,4,7200,495000.0,low
657,2985800030,2014-05-07,3,6000,495000.0,low
9932,7923300310,2014-05-27,4,9144,495000.0,low
14886,3500100089,2014-07-15,5,18112,495000.0,low
4723,7635801311,2014-06-23,3,12196,495000.0,low
13607,120069003,2014-12-01,4,403693,495000.0,low
17000,7199340480,2014-10-29,3,8050,495000.0,low
19982,9828702902,2014-10-21,2,1010,495000.0,low
14320,318900120,2015-01-23,4,15336,495000.0,low
2978,1193000025,2014-09-03,2,6250,495000.0,low
19064,2320069014,2014-07-09,3,192099,495000.0,low
19415,6804600720,2014-08-01,4,10072,495000.0,low
21481,3331000035,2014-05-27,3,1548,495000.0,low
21435,1438000360,2014-06-03,5,3800,494995.0,low
11036,1136100045,2014-10-15,2,33000,494950.0,low
21159,7987400285,2015-04-29,3,2500,494900.0,low
20374,8138870470,2014-07-07,3,2091,494815.0,low
11847,3343901401,2014-07-18,4,8804,494500.0,low
3569,809000820,2014-05-22,2,1750,494400.0,low
21249,9578060470,2014-05-08,3,4729,494000.0,low
4041,1423089118,2015-03-25,4,42000,494000.0,low
3372,3544400236,2014-07-07,2,4650,494000.0,low
9857,2770601677,2015-04-22,3,1486,494000.0,low
18330,7649900175,2014-05-20,4,4300,494000.0,low
6357,6384300020,2014-06-23,4,7345,494000.0,low
10145,3211800140,2015-02-05,3,16026,493500.0,low
15316,1189000130,2014-09-15,3,6720,493000.0,low
18260,6820100035,2014-11-12,6,3801,493000.0,low
2562,1449000260,2014-11-12,3,11393,493000.0,low
777,3814400125,2014-10-16,4,2874,493000.0,low
14092,2126059219,2014-06-17,4,18295,493000.0,low
19642,4019500160,2015-04-13,4,4270,493000.0,low
19474,3792400110,2014-06-30,4,9786,492650.0,low
17375,5238800020,2014-12-08,2,80400,492500.0,low
18033,8651720150,2014-07-21,4,18306,492500.0,low
21297,7787920080,2014-06-16,5,9962,492500.0,low
5197,3578400950,2014-08-01,3,13002,492450.0,low
5111,8651510020,2014-08-27,3,7335,492000.0,low
7645,9212900300,2015-03-04,2,6000,492000.0,low
20584,7853321260,2014-09-08,4,6382,492000.0,low
13625,5561300540,2014-06-02,3,39927,492000.0,low
1150,3797000295,2015-03-12,2,2970,492000.0,low
13245,475000975,2014-05-22,4,5000,492000.0,low
15308,1823069088,2015-05-04,2,22239,492000.0,low
8796,2607720150,2014-06-05,4,10840,492000.0,low
11307,3073500045,2014-05-07,4,16164,492000.0,low
20954,9826700707,2014-10-28,3,1479,492000.0,low
18372,2755200040,2014-07-12,2,6272,492000.0,low
3305,5210200131,2014-06-30,3,10733,491950.0,low
19566,2423600100,2014-05-02,4,125452,491500.0,low
3242,2126059172,2015-05-06,3,12000,491500.0,low
1443,1951820070,2014-08-22,3,13100,491500.0,low
11809,3904901840,2014-06-30,3,4322,491500.0,low
2115,251200240,2014-07-25,4,7236,491500.0,low
13748,8562900180,2014-05-09,3,11340,491300.0,low
11548,8929000140,2014-06-23,4,1860,491234.0,low
18530,7202330410,2015-03-20,3,3971,491150.0,low
20435,1085623740,2014-08-12,5,4900,491000.0,low
11643,476000338,2015-02-25,3,1306,491000.0,low
10013,7375100070,2015-03-18,3,7800,491000.0,low
2100,9818700320,2014-10-07,3,7000,491000.0,low
9837,2742100152,2014-10-13,3,5070,491000.0,low
8830,7298000090,2014-07-03,3,11447,490600.0,low
8691,726059048,2014-09-26,3,21883,490500.0,low
1083,9828202545,2015-01-27,3,3400,490000.0,low
14367,3333002450,2015-01-22,1,8050,490000.0,low
9817,4365200520,2015-03-12,3,7740,490000.0,low
9507,8103000110,2015-02-05,2,15641,490000.0,low
10261,7923700030,2015-04-14,3,11040,490000.0,low
19445,6126601380,2015-02-22,2,5250,490000.0,low
10381,2138800060,2015-03-04,3,7508,490000.0,low
12997,3566800040,2014-06-07,3,2940,490000.0,low
12246,8682280340,2015-04-30,2,6265,490000.0,low
2110,9280200030,2014-07-17,2,4500,490000.0,low
5102,3904910480,2014-07-31,3,9725,490000.0,low
18257,6445800015,2015-04-30,3,31200,490000.0,low
14196,3902100150,2015-02-02,5,4500,490000.0,low
9290,8563000770,2014-12-10,3,8433,490000.0,low
15102,7853300290,2015-03-24,4,6157,490000.0,low
12222,3935900350,2015-02-22,4,6480,490000.0,low
4988,5710500010,2014-06-10,3,10275,490000.0,low
7057,8833510190,2014-10-31,4,9627,490000.0,low
5968,8651510420,2014-12-11,3,10023,490000.0,low
3908,925059113,2014-08-13,3,12196,490000.0,low
7811,122029066,2015-05-08,3,215622,490000.0,low
6695,802000130,2014-12-09,4,9500,490000.0,low
2621,5101406441,2015-04-16,3,6380,490000.0,low
2195,5566100060,2014-07-18,3,12540,490000.0,low
11550,2896000510,2014-08-21,4,7820,490000.0,low
391,8857320070,2014-09-17,3,3128,490000.0,low
3867,7852100110,2015-04-22,4,5267,490000.0,low
12983,8106300970,2014-10-10,3,7363,490000.0,low
18143,6752000330,2014-08-15,3,11360,490000.0,low
15185,6403510130,2014-11-14,5,7200,490000.0,low
18792,6137610540,2014-08-27,3,8588,490000.0,low
11349,2922701420,2014-11-18,4,4960,490000.0,low
18534,472000015,2014-05-16,2,5000,490000.0,low
20930,9126100813,2014-08-28,3,1062,490000.0,low
9524,8663200450,2014-07-15,4,10800,490000.0,low
6289,6806300920,2014-06-10,4,8302,490000.0,low
11704,5207200160,2014-10-10,3,6000,490000.0,low
14750,2521059060,2015-05-01,3,107157,490000.0,low
21582,3052700432,2014-11-12,3,1290,490000.0,low
8743,6126601445,2014-05-30,3,5405,490000.0,low
8744,9274200620,2014-10-28,2,4200,490000.0,low
13172,2826049106,2014-07-15,3,7266,490000.0,low
9543,2122059199,2014-10-02,4,5715,490000.0,low
15911,23520190,2015-03-16,3,9750,490000.0,low
4766,7811000020,2014-11-13,3,8208,490000.0,low
6341,2607760680,2015-04-16,3,9622,490000.0,low
3064,7419700015,2014-09-19,4,10869,490000.0,low
6298,9320350020,2014-06-30,4,3497,490000.0,low
1393,5100401414,2014-05-02,2,6380,490000.0,low
3173,8651511220,2014-12-17,3,10190,490000.0,low
1751,3856904740,2014-10-21,2,3060,490000.0,low
9268,8141200027,2014-09-25,3,1343,490000.0,low
11315,3578600045,2014-12-16,4,37451,490000.0,low
2433,6413100270,2015-03-31,3,9000,490000.0,low
9360,2877100985,2014-06-23,3,2500,490000.0,low
5868,1196002948,2015-02-18,3,11900,490000.0,low
17455,7214800190,2015-01-05,4,16200,490000.0,low
20568,2768301482,2014-08-21,3,1520,490000.0,low
6454,2769602475,2014-05-09,2,3300,490000.0,low
1968,1523069204,2014-12-08,4,85813,490000.0,low
4370,3574801500,2014-09-26,4,8645,490000.0,low
8218,6743700090,2014-11-20,3,9247,490000.0,low
15964,5561000420,2015-04-08,4,39356,490000.0,low
17251,6806300980,2014-12-23,4,8387,490000.0,low
12175,6139800640,2015-02-24,3,12032,490000.0,low
17150,5469501410,2014-09-17,4,12696,490000.0,low
18504,3501600100,2015-01-05,3,4800,490000.0,low
21372,6169901185,2014-05-20,5,2975,490000.0,low
4452,9268200300,2014-05-20,3,8190,490000.0,low
16382,2125400010,2014-09-12,3,7573,490000.0,low
1929,2767603215,2014-05-16,3,2400,490000.0,low
7824,2887702070,2014-10-22,2,4305,490000.0,low
13705,1563103040,2014-10-25,2,5000,490000.0,low
17537,8030500010,2014-05-28,4,4367,490000.0,low
495,9828702519,2014-05-12,2,1391,490000.0,low
2538,5104531580,2015-04-16,4,6420,490000.0,low
21312,7708200670,2014-07-23,4,4349,490000.0,low
16871,7504200250,2015-04-28,3,3600,490000.0,low
9015,7518500301,2015-03-01,3,2250,490000.0,low
14339,7852020790,2014-06-27,3,5348,490000.0,low
13004,6154900065,2014-10-30,2,9300,490000.0,low
12091,1233100260,2014-11-14,3,9638,490000.0,low
3357,5742600090,2015-04-25,3,5750,490000.0,low
9473,3183110180,2014-08-28,4,42646,490000.0,low
2837,3882300100,2014-12-01,3,16510,490000.0,low
9801,7811220070,2014-09-10,3,11120,490000.0,low
1660,9126101740,2014-12-04,8,2580,490000.0,low
19441,8861700110,2014-07-14,4,10275,490000.0,low
9020,5469502700,2014-05-08,5,20828,489990.0,low
7441,8019700010,2014-10-10,3,10804,489950.0,low
12257,3191000030,2014-06-19,3,7326,489950.0,low
10614,5535600640,2014-09-12,3,7478,489950.0,low
5593,2726049071,2015-04-08,2,4206,489950.0,low
20461,3332500085,2014-10-27,3,5237,489950.0,low
4260,5309101050,2014-11-26,3,4010,489950.0,low
11714,3211240320,2014-06-12,4,31941,489950.0,low
20831,3869900138,2015-02-23,3,926,489950.0,low
11156,9144100126,2014-08-21,3,8910,489900.0,low
14245,6204050040,2014-07-11,4,4196,489900.0,low
12634,226059106,2015-01-02,3,65558,489500.0,low
19763,2619950310,2015-05-07,4,5707,489500.0,low
4182,395300100,2014-05-14,3,9600,489200.0,low
14378,8024201714,2014-11-17,3,7667,489000.0,low
19733,7238000240,2015-02-18,3,5598,489000.0,low
9716,5683500030,2015-03-20,4,5217,489000.0,low
18743,8902000175,2014-06-20,4,11479,489000.0,low
17318,8682262230,2014-08-26,2,4220,489000.0,low
14407,7853300970,2015-04-21,4,4587,489000.0,low
5908,7844200415,2014-07-02,3,10375,489000.0,low
10212,2887701420,2014-11-24,2,2850,489000.0,low
4162,9137101353,2014-09-19,3,3000,489000.0,low
16968,5652601330,2014-06-04,3,9072,489000.0,low
5149,9406540130,2015-04-03,4,8442,489000.0,low
10655,9828701741,2014-10-21,2,972,489000.0,low
19728,2767704603,2014-06-09,3,1249,489000.0,low
10611,2767603612,2015-01-13,2,1334,489000.0,low
5648,7701930010,2014-05-30,3,19821,489000.0,low
17748,1951800040,2014-06-20,4,9665,488800.0,low
12360,8099600160,2015-04-29,3,10959,488500.0,low
10294,1552510160,2014-10-30,3,9490,488500.0,low
3599,6402700100,2014-10-07,4,9610,488250.0,low
45,8035350320,2014-07-18,3,13603,488000.0,low
19499,2856101105,2014-05-27,3,2550,488000.0,low
18741,8604900245,2014-05-18,2,4688,488000.0,low
13209,9266701115,2014-08-08,2,5125,488000.0,low
18198,8946400100,2014-08-04,3,5660,488000.0,low
7798,2426049125,2014-11-14,4,10890,488000.0,low
14475,4083304700,2014-11-25,3,3200,488000.0,low
17015,3956100190,2014-11-21,3,14734,488000.0,low
2180,2688100075,2014-05-06,5,5000,488000.0,low
6032,1443550080,2015-03-30,4,12080,487600.0,low
19511,2558720120,2014-05-05,4,9211,487585.0,low
14271,2770601461,2015-03-17,3,1988,487500.0,low
9531,1137450120,2014-07-29,4,6296,487500.0,low
9145,7578200025,2015-04-08,2,5000,487500.0,low
5722,1526079026,2014-08-13,5,218472,487500.0,low
4896,7852040080,2015-04-21,4,3986,487275.0,low
1766,9521101221,2014-05-19,4,3250,487250.0,low
3328,9828702310,2014-06-11,2,1093,487028.0,low
21063,5200087,2014-07-09,4,5001,487000.0,low
316,7771300125,2015-04-08,3,14052,487000.0,low
9889,173000140,2014-07-22,3,10125,487000.0,low
12967,2325059101,2015-05-06,3,12632,487000.0,low
21110,2767600686,2015-03-31,2,1118,487000.0,low
5606,546000020,2015-04-29,2,4046,487000.0,low
5660,3886000010,2014-08-21,2,2533,487000.0,low
2411,3020079078,2014-10-27,6,248600,487000.0,low
7529,3876000910,2015-01-29,4,7000,487000.0,low
21130,6306800050,2014-09-25,4,13360,486940.0,low
4229,2917200615,2015-03-25,2,6278,486700.0,low
12196,3574800810,2015-04-03,4,7336,486000.0,low
16344,7298040500,2014-07-09,4,12047,486000.0,low
7456,3210950080,2014-05-14,4,39449,486000.0,low
1216,7852030240,2015-04-08,4,3974,485500.0,low
8090,7234601166,2014-08-07,2,1286,485500.0,low
11933,7215721070,2014-09-29,4,4500,485500.0,low
20561,6306810110,2014-11-17,4,12558,485230.0,low
11313,2887701940,2014-12-05,2,2700,485000.0,low
15094,4037000635,2015-03-27,4,9911,485000.0,low
7079,7104100050,2014-06-24,3,5412,485000.0,low
5224,8106300840,2014-07-21,3,5490,485000.0,low
3380,3574801780,2014-05-05,4,7048,485000.0,low
12506,9560800040,2014-07-16,3,11034,485000.0,low
11185,8718500260,2014-07-23,4,10603,485000.0,low
9285,3856904610,2014-10-02,4,4080,485000.0,low
10103,7558800240,2015-04-14,4,17786,485000.0,low
13925,1370803940,2014-10-07,3,5758,485000.0,low
12505,3904900530,2014-06-13,3,6065,485000.0,low
5163,1954420380,2015-03-30,3,6810,485000.0,low
9259,822039146,2015-02-19,3,50654,485000.0,low
12432,9414610240,2015-03-10,3,10089,485000.0,low
340,3126069068,2015-04-24,4,43995,485000.0,low
9822,1232001070,2014-08-14,2,3800,485000.0,low
6275,7292700005,2014-10-14,4,7392,485000.0,low
8840,123039570,2014-07-08,4,7200,485000.0,low
8847,9307300100,2014-05-19,3,4100,485000.0,low
9715,5255700160,2014-08-05,3,8384,485000.0,low
6804,7215721330,2014-10-23,3,4218,485000.0,low
13157,259600910,2014-11-10,5,9900,485000.0,low
16534,4024101990,2015-02-05,3,7450,485000.0,low
16205,8617000020,2014-12-31,4,8886,485000.0,low
11743,1121000058,2015-03-31,3,6775,485000.0,low
2442,8106300510,2014-12-29,5,6129,485000.0,low
7240,1924069071,2014-07-29,5,43124,485000.0,low
7092,8563020170,2015-03-10,3,9500,485000.0,low
12726,7230100120,2015-02-09,4,51396,485000.0,low
15796,3574800010,2015-04-28,4,8384,485000.0,low
10885,809002610,2014-07-18,4,2560,485000.0,low
21000,7853360720,2014-09-08,3,5867,485000.0,low
16227,7202330470,2015-04-08,3,3436,485000.0,low
14595,6093000065,2014-05-19,3,7706,485000.0,low
9739,8944360390,2015-03-05,3,3097,485000.0,low
1902,3876300890,2014-12-11,4,8956,485000.0,low
5325,1324300290,2014-12-26,3,3330,485000.0,low
15750,5209200010,2014-07-31,3,7853,485000.0,low
7329,203101330,2014-07-01,3,47916,485000.0,low
14524,9512500610,2015-01-22,4,8913,485000.0,low
8663,6918730230,2015-04-01,4,7068,485000.0,low
11099,6649900030,2015-05-05,3,11222,485000.0,low
4320,1887000100,2014-08-14,5,14100,485000.0,low
4336,7738500475,2014-12-12,4,6611,485000.0,low
7698,3521069146,2015-03-30,3,70131,485000.0,low
2009,2472930270,2014-09-05,3,9015,485000.0,low
16042,8078400020,2015-02-23,3,8111,485000.0,low
19373,4443800940,2015-04-08,4,3880,485000.0,low
3160,2759800110,2014-10-31,3,8250,485000.0,low
17469,4127000050,2015-01-07,3,7120,485000.0,low
3141,8567300110,2014-06-04,3,59058,485000.0,low
12882,2810100040,2014-05-07,3,4160,485000.0,low
20688,8682320320,2014-09-16,2,3961,485000.0,low
617,3904930240,2014-09-22,3,5502,485000.0,low
20071,1441000090,2014-11-26,4,5115,485000.0,low
17321,6430000275,2014-05-06,3,4080,485000.0,low
13431,3735900325,2015-04-27,2,4080,485000.0,low
12979,7967950040,2015-04-16,4,15935,485000.0,low
9008,259601010,2015-04-14,3,7200,485000.0,low
7275,5101402312,2015-04-23,3,7250,485000.0,low
17,6865200140,2014-05-29,4,4300,485000.0,low
5579,3288200470,2015-02-04,3,10080,485000.0,low
16965,4364700585,2015-04-08,3,7318,485000.0,low
12265,5152800030,2015-04-21,4,16362,485000.0,low
21434,9523100712,2014-06-18,2,923,485000.0,low
10290,5104470070,2014-10-16,4,18843,485000.0,low
18978,7853220910,2014-09-15,3,7887,485000.0,low
3018,2291401425,2014-09-10,5,5508,485000.0,low
9965,1560920370,2014-11-07,3,35273,485000.0,low
11124,3211270160,2014-06-12,4,35073,485000.0,low
7421,6073200020,2015-04-13,3,9835,485000.0,low
21244,1442870420,2014-07-24,4,7803,485000.0,low
10240,1972200751,2014-05-19,2,1240,485000.0,low
10805,2607760700,2015-04-20,4,10364,485000.0,low
2707,4027701294,2015-01-29,3,12350,485000.0,low
5512,1822069109,2014-09-10,3,51836,485000.0,low
12029,7974200765,2014-09-02,3,6120,485000.0,low
7807,5100401411,2014-10-27,4,6380,485000.0,low
13474,9826701320,2014-07-01,4,4096,485000.0,low
16487,2867100007,2015-02-23,3,3230,485000.0,low
13961,1954430180,2015-01-05,3,7385,485000.0,low
703,7011200260,2014-12-19,4,3600,485000.0,low
19530,8929000090,2014-07-02,4,1870,484998.0,low
11412,9287801455,2014-10-28,2,4956,484950.0,low
19845,3869900139,2015-01-07,3,926,484950.0,low
989,3904910320,2015-02-25,3,5004,484950.0,low
19735,1442880320,2014-07-24,4,5000,484259.0,low
10481,203100435,2014-09-18,1,23244,484000.0,low
11970,1775920340,2015-01-26,4,16730,484000.0,low
21491,9268850040,2015-03-27,3,1425,484000.0,low
8140,6114400142,2015-02-26,5,20001,484000.0,low
3608,1770000090,2015-04-07,3,17400,484000.0,low
1266,9477500060,2014-08-13,6,13501,484000.0,low
15044,2436200715,2014-05-06,2,6000,484000.0,low
1950,312000135,2014-05-20,2,5120,483945.0,low
3114,9286100300,2014-08-01,3,4308,483500.0,low
5892,6372000101,2014-08-20,3,2016,483500.0,low
15606,1626069253,2014-05-06,4,45732,483500.0,low
20787,1442880160,2014-06-27,4,5527,483453.0,low
6496,2205500080,2014-06-10,4,11100,483300.0,low
7334,7905200381,2014-10-28,2,4720,483000.0,low
5453,826069127,2015-04-06,3,43560,483000.0,low
9871,3856905185,2014-06-24,2,3000,483000.0,low
1483,8562900710,2014-07-11,3,15540,483000.0,low
18615,9530100921,2014-10-27,4,3780,483000.0,low
2970,3649100586,2014-08-29,3,10454,483000.0,low
5344,973600020,2014-10-02,3,8801,482975.0,low
7163,4354700010,2015-04-21,3,6490,482500.0,low
8974,9828702667,2014-05-19,3,1445,482500.0,low
13092,7202380120,2015-01-05,3,3068,482500.0,low
20454,293670040,2014-10-08,2,809,482500.0,low
1163,3876100320,2014-09-05,6,7500,482500.0,low
15541,2826049260,2014-06-20,4,7626,482500.0,low
2580,2591720070,2014-05-02,4,35868,482000.0,low
2371,3623029045,2014-09-25,3,105587,482000.0,low
18526,5126300650,2015-02-25,3,6545,482000.0,low
420,625049299,2014-12-03,2,3960,482000.0,low
19030,2767704682,2015-04-08,2,1229,482000.0,low
16823,6139800430,2014-05-22,5,9600,482000.0,low
7091,1912100882,2014-07-30,2,1248,482000.0,low
4966,4014400190,2014-07-14,4,85377,482000.0,low
10451,7852000340,2014-06-25,3,7307,482000.0,low
6950,9517200290,2015-02-23,3,16474,482000.0,low
5500,855700170,2015-02-25,4,8322,482000.0,low
17014,7504180130,2014-07-01,3,21485,482000.0,low
21508,9521100866,2014-06-18,3,1120,482000.0,low
7601,3288301050,2014-08-19,4,15750,482000.0,low
7622,7818700410,2014-11-06,3,6000,481500.0,low
6413,2426049174,2014-10-29,3,10500,481500.0,low
14670,1232000915,2014-05-09,3,4800,481450.0,low
13983,7170200085,2015-03-27,2,3800,481203.0,low
12282,2591020560,2014-07-02,3,5511,481015.0,low
249,3797001895,2015-04-22,3,3000,481000.0,low
13247,2824059043,2014-07-22,3,14810,481000.0,low
19552,643300040,2014-11-04,4,9500,481000.0,low
10938,2523039315,2014-10-22,3,15653,481000.0,low
18843,4443800785,2014-11-21,2,3880,481000.0,low
7078,3342103369,2014-07-07,4,8269,481000.0,low
13436,2767603615,2014-09-03,2,1137,481000.0,low
7113,5130000080,2015-03-11,4,9869,481000.0,low
4213,8665050490,2014-09-24,3,4924,480680.0,low
15902,1774000050,2014-05-07,4,11200,480500.0,low
13795,9100000040,2014-08-07,3,4080,480000.0,low
14368,6072000910,2014-08-06,3,8400,480000.0,low
1436,7214700830,2014-05-13,5,35000,480000.0,low
19656,2922059212,2015-01-09,6,18055,480000.0,low
6774,1025059181,2014-07-22,3,7400,480000.0,low
16346,3904910010,2014-07-23,3,7847,480000.0,low
6256,8087800480,2015-03-31,5,9597,480000.0,low
4387,3523089019,2014-05-19,4,435600,480000.0,low
15707,7806450050,2014-10-29,3,28185,480000.0,low
10812,3359500960,2015-03-21,3,3000,480000.0,low
19516,3649100015,2015-05-13,3,15000,480000.0,low
1752,254000445,2015-01-29,6,5054,480000.0,low
14322,2222039011,2014-11-03,5,217800,480000.0,low
3669,4038100110,2014-07-07,3,9090,480000.0,low
9517,6073300750,2014-07-09,5,7725,480000.0,low
9241,1973800150,2015-04-02,4,14190,480000.0,low
6434,8832900780,2014-10-13,5,21562,480000.0,low
19464,5152960330,2014-06-10,5,9500,480000.0,low
7758,114101161,2014-08-29,3,67269,480000.0,low
114,8961960160,2014-10-28,4,16171,480000.0,low
9223,446000150,2015-04-15,3,5700,480000.0,low
18640,4443801340,2014-10-06,3,2552,480000.0,low
702,6205500030,2014-11-03,4,10575,480000.0,low
16183,3782760170,2015-02-11,4,4074,480000.0,low
8535,7238000330,2014-12-18,3,7338,480000.0,low
20397,5045700090,2015-01-06,5,4780,480000.0,low
17864,952003575,2014-05-27,3,4945,480000.0,low
4823,9276201190,2014-05-20,4,3960,480000.0,low
16945,926069142,2014-11-24,4,35757,480000.0,low
12285,7016200030,2015-03-20,4,7966,480000.0,low
18242,9828701745,2015-01-23,2,4800,480000.0,low
9947,6178930340,2014-06-30,4,9664,480000.0,low
4769,2927600675,2014-06-09,4,6500,480000.0,low
17822,5255690100,2015-04-21,4,9700,480000.0,low
511,5126310400,2015-03-05,4,7787,480000.0,low
10269,2494000070,2015-01-27,4,5100,480000.0,low
629,9485951170,2014-05-22,4,34293,480000.0,low
15763,7852000500,2014-07-02,5,7737,480000.0,low
10571,5016001260,2015-04-13,2,4200,480000.0,low
8027,1646502165,2014-08-13,2,4635,480000.0,low
18960,2354300835,2014-12-24,2,12000,480000.0,low
14984,4136960010,2015-03-27,5,12821,480000.0,low
18608,7852030330,2014-09-03,3,4488,480000.0,low
19821,7853361230,2014-05-16,4,5000,480000.0,low
3945,8902000407,2014-12-17,3,8528,480000.0,low
6387,4174600185,2014-06-22,2,6770,480000.0,low
3164,6021503830,2014-06-20,4,5500,480000.0,low
77,2391600320,2015-04-20,3,5060,480000.0,low
1810,4358700135,2014-11-18,3,9005,480000.0,low
8043,4027701265,2015-05-01,3,21375,480000.0,low
20718,8850000517,2014-07-31,3,1431,480000.0,low
8096,3658700690,2015-03-27,3,3060,480000.0,low
12243,8099800340,2014-12-24,3,20281,480000.0,low
12274,8121200710,2015-01-23,3,8892,480000.0,low
6723,5700002125,2014-06-10,4,4322,480000.0,low
18334,6744700343,2014-12-09,5,15435,480000.0,low
15718,4038200480,2014-12-01,3,8800,480000.0,low
11394,259600890,2014-10-02,4,9380,480000.0,low
15243,7228500415,2014-08-26,4,2370,480000.0,low
8286,4358700141,2015-04-27,4,9250,480000.0,low
889,9465910070,2014-07-16,3,10035,480000.0,low
17425,480000170,2014-06-27,2,3420,480000.0,low
4126,34001304,2015-04-10,5,5500,480000.0,low
10941,8682262190,2015-03-19,2,4220,480000.0,low
4331,4037800015,2015-01-23,5,8610,480000.0,low
17143,6662410250,2015-03-21,4,11200,480000.0,low
13439,1223059081,2015-03-25,3,43995,480000.0,low
244,9468200125,2014-08-26,2,3060,480000.0,low
15483,1727500280,2014-08-20,4,7000,480000.0,low
12187,7214810510,2015-04-08,5,7200,480000.0,low
13912,9527310180,2015-04-03,3,4692,480000.0,low
1949,1922039062,2015-04-20,2,26487,480000.0,low
3561,1257201295,2014-07-08,2,3040,480000.0,low
15220,2607760190,2015-03-31,4,9861,480000.0,low
6340,1442700250,2014-07-16,4,16000,480000.0,low
5640,9521100280,2014-06-12,3,1103,480000.0,low
21511,3304030220,2015-04-21,4,9172,480000.0,low
17851,6791200120,2014-09-23,3,13362,480000.0,low
8231,2026049067,2014-07-02,3,10052,480000.0,low
21291,7853320250,2014-09-20,3,4656,480000.0,low
6581,3275750290,2015-03-17,3,7860,480000.0,low
5068,8929000380,2014-08-05,3,2386,479990.0,low
20576,3277801592,2014-09-25,3,1358,479950.0,low
13569,9558050450,2015-03-30,3,6000,479950.0,low
9022,8106300090,2015-04-28,3,4984,479950.0,low
9651,2473000410,2015-04-08,4,11070,479950.0,low
20774,9512200140,2014-07-25,3,7163,479950.0,low
226,8682281200,2015-03-09,2,6516,479950.0,low
19690,476000118,2014-12-12,2,1336,479950.0,low
12168,5467910140,2014-05-28,3,12150,479900.0,low
15285,8950500250,2015-04-21,4,9750,479900.0,low
13656,7853310720,2014-06-17,3,4637,479500.0,low
8731,5249804760,2015-05-05,2,5760,479500.0,low
20472,5057100110,2015-05-14,5,6371,479349.0,low
3470,2313900165,2014-07-30,3,3750,479200.0,low
13817,7923300230,2015-05-04,3,10094,479000.0,low
3047,2205700405,2014-07-08,3,13750,479000.0,low
18217,1591600506,2015-02-25,4,9464,479000.0,low
17687,7202330530,2015-01-16,3,3322,479000.0,low
1206,5458300685,2014-05-20,3,889,479000.0,low
2921,9521100586,2014-05-24,3,3000,479000.0,low
12125,7215420370,2015-04-07,4,30378,479000.0,low
14614,5422500220,2015-04-11,4,6705,479000.0,low
5098,1775930440,2014-06-23,3,11319,479000.0,low
14499,8121200530,2014-10-08,3,8998,479000.0,low
11569,9828702518,2014-06-17,2,932,479000.0,low
15424,1702900664,2015-04-16,2,1037,479000.0,low
19983,6371000100,2014-11-20,2,1380,479000.0,low
20868,3026059361,2015-04-17,2,1439,479000.0,low
7452,1954420420,2015-03-13,3,6018,479000.0,low
9680,8857640710,2014-08-20,4,6139,479000.0,low
21206,3845100670,2014-07-16,4,4950,478830.0,low
678,3013300288,2014-09-30,3,4755,478500.0,low
20082,2767704252,2014-11-03,3,1348,478000.0,low
2803,9222400935,2014-05-23,3,2580,478000.0,low
5327,4037400430,2014-10-15,4,8208,478000.0,low
11712,6821101275,2014-08-21,2,6000,478000.0,low
12581,6821600065,2014-10-30,2,6000,478000.0,low
16679,8143000280,2014-11-21,3,6175,478000.0,low
15958,5226500250,2014-10-15,4,7290,478000.0,low
16754,2294900010,2014-08-13,3,36585,478000.0,low
3592,1238501116,2015-01-23,3,9500,478000.0,low
20745,259500270,2014-05-05,3,4535,478000.0,low
2843,7199360090,2015-03-20,3,7107,478000.0,low
19321,5458300580,2014-10-01,2,1867,478000.0,low
5179,3905100280,2014-07-01,3,3896,478000.0,low
4451,1769600147,2014-07-31,3,7701,477590.0,low
11333,3905040060,2015-03-13,3,5146,477500.0,low
20987,8559300120,2015-04-16,5,5619,477500.0,low
18017,7663700610,2015-03-10,4,9364,477500.0,low
8147,9422400035,2014-09-12,2,6000,477500.0,low
21197,6056100114,2014-08-25,3,5060,477000.0,low
13523,452001475,2014-09-02,3,3600,477000.0,low
214,1102000196,2014-05-27,4,6270,477000.0,low
11179,8901001290,2014-09-03,4,7800,477000.0,low
1815,3629920140,2015-04-07,3,3000,477000.0,low
5622,6204400170,2014-06-20,3,8085,477000.0,low
17829,2767600150,2014-05-19,3,2053,477000.0,low
4562,475000750,2014-09-25,3,4990,477000.0,low
7080,8944360290,2015-04-13,3,4960,477000.0,low
4982,9161100795,2015-05-06,3,5758,476900.0,low
17337,3404700080,2014-11-12,3,43700,476800.0,low
4448,6844702690,2015-04-27,3,6120,476500.0,low
8009,3723800097,2014-12-11,4,10200,476500.0,low
3288,1086100100,2014-08-11,3,8625,476500.0,low
18285,2623089141,2014-10-23,4,50155,476500.0,low
9592,3629970620,2014-10-03,4,1836,476100.0,low
19150,1324300018,2014-11-21,2,1332,476000.0,low
2909,6713100031,2015-02-11,3,7187,476000.0,low
18575,8935100100,2014-07-01,4,6885,476000.0,low
14163,7010700905,2014-06-11,3,5500,476000.0,low
18245,7202290180,2015-01-02,3,3840,476000.0,low
10500,7202350310,2014-10-28,3,3070,476000.0,low
16752,6791000280,2014-07-14,3,9600,476000.0,low
15357,7215410430,2014-07-28,4,33158,476000.0,low
14384,5631500967,2015-02-04,4,17541,476000.0,low
13460,1982201465,2014-11-21,4,4175,475999.0,low
13081,8651510610,2014-06-26,3,11085,475580.0,low
3423,6411600026,2014-10-03,3,9416,475500.0,low
16964,3888100029,2014-05-29,3,10005,475300.0,low
5383,2095800250,2014-08-27,3,4512,475226.0,low
12708,9286100150,2014-08-11,3,3980,475200.0,low
18229,3330501975,2014-11-17,5,6180,475000.0,low
17320,7214800430,2015-03-05,3,18900,475000.0,low
16337,6852700279,2014-06-19,3,1110,475000.0,low
8523,2726079103,2014-07-22,3,185130,475000.0,low
14741,2767603577,2015-05-06,2,1250,475000.0,low
17785,925059107,2014-08-20,3,12632,475000.0,low
14704,1795910360,2014-09-22,3,8022,475000.0,low
15097,9550204620,2015-05-12,3,3825,475000.0,low
14272,8079010230,2014-06-03,3,7210,475000.0,low
18846,4254000220,2015-03-07,4,16200,475000.0,low
14978,1623069071,2014-11-05,3,60984,475000.0,low
14153,8835200230,2014-07-02,4,5444,475000.0,low
18853,626710220,2014-08-13,3,35912,475000.0,low
17301,3448002285,2014-07-02,4,13468,475000.0,low
14552,7525050150,2014-06-13,3,12177,475000.0,low
10086,2061100390,2014-07-21,2,3720,475000.0,low
3676,2391600165,2014-06-17,3,5750,475000.0,low
8272,6046400755,2015-05-11,5,5100,475000.0,low
6560,7940700050,2015-02-18,3,4534,475000.0,low
20208,4187000250,2015-04-13,4,4500,475000.0,low
20562,3629990110,2014-06-11,3,2520,475000.0,low
4816,2592400170,2014-12-02,4,7245,475000.0,low
20255,1442870440,2014-07-02,4,6178,475000.0,low
8397,8121200820,2014-05-22,3,8008,475000.0,low
8179,7899800905,2015-05-03,3,10240,475000.0,low
11460,2201500240,2014-07-30,3,10065,475000.0,low
1011,7214820030,2014-12-12,3,8970,475000.0,low
4422,8835900015,2014-12-12,3,7161,475000.0,low
18720,4109600306,2015-02-18,2,5157,475000.0,low
4395,4112100165,2015-03-17,3,2554,475000.0,low
15048,6151800225,2015-04-09,3,26445,475000.0,low
14435,455000841,2014-08-29,2,7975,475000.0,low
18145,726059344,2015-04-21,3,8659,475000.0,low
17345,7852020670,2015-04-02,3,3938,475000.0,low
10129,4306500070,2014-07-11,4,16288,475000.0,low
13054,2561360120,2014-05-27,3,11502,475000.0,low
11520,6804600990,2014-11-24,4,19283,475000.0,low
12492,7853302520,2015-02-06,4,10046,475000.0,low
15216,9218400050,2014-12-27,4,5400,475000.0,low
3923,224059111,2014-09-03,3,13457,475000.0,low
18131,5076700025,2014-11-24,3,8738,475000.0,low
4231,7443000985,2014-08-15,5,3600,475000.0,low
11515,7549800045,2015-01-02,4,3052,475000.0,low
4654,114100745,2014-05-06,6,117612,475000.0,low
4650,8024201503,2014-07-16,2,8645,475000.0,low
18211,6817801020,2014-08-21,3,11092,475000.0,low
662,1062100116,2015-01-21,3,5097,475000.0,low
6960,5145100080,2015-02-06,3,8033,475000.0,low
8919,1120069059,2014-09-18,3,229125,475000.0,low
18673,1724079048,2014-12-08,3,87117,475000.0,low
12940,6843600040,2014-07-02,4,7260,475000.0,low
1017,6414100560,2014-06-18,3,8432,475000.0,low
3232,9269260100,2014-12-16,4,4673,475000.0,low
3429,8604900017,2014-10-08,3,2720,475000.0,low
20351,2771603314,2015-04-16,2,925,475000.0,low
1220,8029520240,2014-10-10,4,14401,475000.0,low
16186,4319200605,2014-06-28,3,9100,475000.0,low
6928,3288301330,2015-04-08,3,7560,475000.0,low
17417,7853300020,2015-03-20,5,5298,475000.0,low
9819,3211600140,2015-02-09,3,7210,475000.0,low
18501,3904900610,2014-10-12,3,7586,475000.0,low
12761,4046600120,2014-08-28,3,25157,475000.0,low
2024,224069084,2015-03-25,3,150117,475000.0,low
14654,203100910,2014-09-23,5,28480,475000.0,low
2030,4215250030,2014-08-19,4,57050,475000.0,low
19179,8121200970,2014-11-18,4,7532,475000.0,low
448,7905370390,2014-10-09,5,7200,475000.0,low
234,3677400445,2014-09-02,3,5280,475000.0,low
7858,4022901316,2014-10-31,3,6031,475000.0,low
17577,3332500100,2015-04-08,3,3300,475000.0,low
5158,4443800415,2015-03-21,3,4268,475000.0,low
20002,9528104345,2014-09-23,3,1137,475000.0,low
7154,9558050170,2014-05-13,4,8700,475000.0,low
5321,3649100103,2015-01-02,4,8775,475000.0,low
7903,3756500180,2014-12-08,3,9750,475000.0,low
18540,203101530,2014-05-30,2,54450,475000.0,low
5461,3221079069,2014-08-15,3,98881,475000.0,low
7603,3882300090,2014-12-26,3,14560,475000.0,low
18263,6600220090,2014-11-18,2,14467,475000.0,low
15975,2473002500,2014-11-12,3,13000,475000.0,low
18335,925049318,2014-08-11,3,4054,475000.0,low
20847,1523059239,2015-04-23,5,3583,475000.0,low
5091,1972202005,2014-05-21,4,2250,475000.0,low
10942,7202350060,2014-09-08,3,2890,475000.0,low
17955,4237900645,2014-10-10,2,3420,475000.0,low
9833,6865200831,2014-05-07,2,2723,475000.0,low
5084,7952800010,2014-05-19,4,10043,475000.0,low
2655,9465200181,2015-04-28,4,5534,475000.0,low
10787,6411600370,2014-05-15,7,29699,475000.0,low
9681,9558020240,2015-03-20,5,6600,475000.0,low
9246,8121101380,2014-08-13,3,4635,475000.0,low
13885,1862400087,2015-03-13,3,8100,475000.0,low
14357,2767603591,2014-08-04,3,1310,475000.0,low
5055,3288301410,2014-09-11,4,7560,475000.0,low
21592,1931300412,2015-04-16,3,1200,475000.0,low
16003,2296700050,2014-10-10,4,8284,475000.0,low
21518,9521100867,2014-07-11,3,1121,475000.0,low
12639,3298200790,2014-08-12,3,8000,475000.0,low
9934,4027700632,2014-06-09,4,11443,475000.0,low
17728,2207100165,2015-04-30,4,10260,475000.0,low
7043,1530900290,2014-10-07,3,3710,475000.0,low
17724,7137300245,2015-04-29,3,2805,475000.0,low
7918,537000325,2014-11-04,3,36862,475000.0,low
501,7518503335,2014-05-19,2,3825,475000.0,low
1866,2591020140,2014-12-02,3,4961,475000.0,low
3819,2919702655,2014-06-06,2,4590,475000.0,low
4870,3421059049,2014-06-10,2,224334,475000.0,low
20065,3052700464,2014-10-24,3,1621,475000.0,low
6302,1736800920,2015-04-21,3,7840,475000.0,low
14872,2558690150,2014-07-07,5,8050,475000.0,low
4907,9558050020,2014-09-15,4,5757,475000.0,low
15657,7893805650,2015-03-13,5,10200,475000.0,low
19007,3223039229,2014-05-27,4,234352,475000.0,low
21607,2997800021,2015-02-19,3,1294,475000.0,low
1591,7177300575,2014-09-03,4,6000,475000.0,low
10875,7740500070,2014-07-10,3,9659,475000.0,low
19308,7977201709,2015-03-23,3,3420,475000.0,low
9396,126039599,2015-03-26,4,7200,475000.0,low
2504,6979970140,2015-04-17,3,3239,475000.0,low
15332,6140100095,2014-05-20,4,7775,475000.0,low
12221,2824089053,2015-01-27,3,222156,474950.0,low
7285,4477000290,2015-03-11,4,15400,474950.0,low
18820,3331500455,2014-12-03,3,2575,474950.0,low
16902,3876311350,2014-08-26,5,8347,474950.0,low
21116,6824100029,2014-10-31,3,1568,474950.0,low
6446,3298300130,2015-02-06,4,6200,474905.0,low
4954,8078700020,2014-06-03,3,43647,474900.0,low
8313,7100000120,2014-08-18,3,8308,474900.0,low
17462,1972200698,2014-05-28,2,1243,474800.0,low
14221,1250201165,2015-03-17,5,3600,474500.0,low
15833,7199330130,2014-07-03,3,8000,474000.0,low
11418,9222400565,2014-10-17,2,3500,474000.0,low
5337,1775800420,2015-02-02,4,14834,474000.0,low
2960,1720069006,2014-08-12,2,403365,474000.0,low
4482,2919701944,2014-10-10,3,4560,474000.0,low
18388,2041000025,2014-12-03,2,3160,474000.0,low
6815,8635760480,2015-01-27,3,3610,473975.0,low
14195,2595300210,2014-11-06,4,8400,473600.0,low
6405,2770601365,2015-02-24,2,4000,473000.0,low
9620,2201500450,2014-10-28,3,10000,473000.0,low
7120,6055000430,2015-03-27,4,37193,473000.0,low
3139,7518501390,2014-06-17,2,5100,473000.0,low
8305,3791410210,2014-11-17,5,6872,473000.0,low
2427,9423400193,2014-12-26,3,7200,473000.0,low
15188,5706300020,2014-11-25,3,12309,473000.0,low
9082,8682261010,2014-09-10,2,4555,473000.0,low
18488,8673400141,2014-10-15,3,1081,473000.0,low
5860,3762900010,2014-07-15,5,7200,473000.0,low
18135,7504460090,2014-07-25,3,12236,473000.0,low
1201,6071600340,2014-11-13,3,8400,472800.0,low
12883,785000040,2015-03-18,4,8536,472500.0,low
14776,6150200040,2015-03-16,3,6800,472500.0,low
9898,524069116,2014-06-02,3,15500,472500.0,low
10943,3630060070,2014-10-21,2,2383,472500.0,low
6610,1542800010,2014-09-09,3,3711,472500.0,low
3775,3022059066,2015-01-30,4,223462,472500.0,low
10602,8929000350,2014-08-04,3,2212,472217.0,low
13727,3123089010,2014-12-29,3,89298,472000.0,low
7749,4058200985,2014-09-11,3,7200,472000.0,low
239,5152100060,2014-05-29,6,14034,472000.0,low
21361,3123089027,2014-07-21,3,104979,472000.0,low
19839,7787920160,2015-04-27,5,7412,472000.0,low
11630,2771602420,2014-06-17,3,1262,472000.0,low
11629,6751100125,2014-08-25,3,9038,472000.0,low
5712,7211300050,2014-09-30,5,7245,472000.0,low
19894,1422069070,2015-05-07,3,415126,472000.0,low
5565,4019301300,2014-12-23,3,21890,472000.0,low
16437,8857320130,2015-03-10,2,2748,472000.0,low
10616,1786700240,2014-10-24,4,7090,472000.0,low
6795,686100380,2014-10-27,5,9804,472000.0,low
21255,3814900660,2014-07-21,4,5354,471835.0,low
1967,9476200350,2014-10-13,5,8200,471750.0,low
20424,7853360850,2015-01-16,3,5866,471500.0,low
21055,3814900210,2014-08-29,4,5038,471275.0,low
13752,3797000330,2014-06-23,3,6000,471001.0,low
10179,123059046,2015-03-26,4,57063,471000.0,low
10194,7787120260,2014-06-09,4,9928,471000.0,low
2666,2607760890,2014-06-03,4,9687,471000.0,low
6639,6662410020,2015-03-19,3,10123,471000.0,low
11203,8161020060,2015-04-14,4,21781,471000.0,low
15206,7518505610,2015-03-25,2,5100,471000.0,low
12139,9286100320,2014-06-06,3,2805,471000.0,low
18972,65000210,2014-06-26,2,6417,471000.0,low
6183,9284801435,2014-12-03,4,5750,471000.0,low
12281,9191200435,2014-11-13,4,3750,471000.0,low
2319,3764650070,2014-12-16,3,4059,471000.0,low
12603,4046500720,2014-11-07,3,16420,470950.0,low
8170,5634500201,2015-04-14,4,14000,470500.0,low
1070,6072600200,2015-04-17,5,9248,470500.0,low
2000,3856901715,2014-09-24,2,3400,470450.0,low
6851,4027700726,2014-09-08,4,7800,470101.0,low
14491,326049103,2014-09-22,4,8536,470000.0,low
18340,441000115,2014-12-09,2,5512,470000.0,low
4116,5680001095,2015-04-28,5,9600,470000.0,low
14000,9266700256,2014-10-13,2,5200,470000.0,low
6407,1566100010,2015-04-14,3,8227,470000.0,low
7522,7853220690,2014-09-12,3,6134,470000.0,low
1271,7893804340,2014-07-24,4,8062,470000.0,low
11205,4172100200,2014-11-21,3,4914,470000.0,low
1212,2770606685,2014-08-13,3,4400,470000.0,low
181,8123100045,2015-04-14,4,5125,470000.0,low
18690,1737320120,2014-05-02,5,9655,470000.0,low
8768,3363900155,2014-12-09,2,4000,470000.0,low
13485,1238501099,2014-10-31,3,8600,470000.0,low
6401,3459000050,2014-06-10,3,14800,470000.0,low
10877,2767704756,2014-10-20,3,1257,470000.0,low
7512,1154100515,2014-09-26,3,54707,470000.0,low
13913,3558900580,2014-09-22,3,8424,470000.0,low
6316,4027701253,2014-08-13,4,30083,470000.0,low
1903,7715800710,2014-07-22,4,11250,470000.0,low
12751,7867500021,2014-06-16,3,6723,470000.0,low
109,3134100116,2014-08-27,5,12342,470000.0,low
8601,5366200330,2015-01-14,4,3659,470000.0,low
15548,318900080,2014-10-10,4,37238,470000.0,low
11325,6743700335,2014-06-04,3,12669,470000.0,low
13192,7697800040,2014-08-26,4,9820,470000.0,low
202,7551300060,2014-07-16,3,5000,470000.0,low
6580,4443801495,2014-09-17,5,4268,470000.0,low
3731,2607740100,2014-10-29,4,9684,470000.0,low
4195,2724049076,2014-08-22,4,18224,470000.0,low
6621,8079050010,2015-05-04,3,8581,470000.0,low
3606,5072300100,2014-07-18,4,9900,470000.0,low
3535,3793501450,2014-09-10,5,6901,470000.0,low
1044,2423020270,2014-07-15,3,8784,470000.0,low
7104,6751300255,2014-06-16,3,8000,470000.0,low
16621,2607720440,2015-03-04,3,9725,470000.0,low
798,7852020640,2014-10-20,3,4700,470000.0,low
15935,6055000010,2014-07-25,3,35512,470000.0,low
14677,4027701326,2014-07-09,4,17199,470000.0,low
10528,1313300340,2014-05-14,4,14023,470000.0,low
16031,1786700080,2015-01-15,4,6769,470000.0,low
16663,5561000430,2014-10-16,3,39165,470000.0,low
2671,3876000350,2015-02-24,6,8732,470000.0,low
11435,6870300060,2014-09-22,3,2374,470000.0,low
5115,3825500080,2015-03-18,4,7350,470000.0,low
16903,4046710050,2014-08-27,4,17180,470000.0,low
4453,3052700855,2014-06-28,3,5000,470000.0,low
16456,522079027,2014-06-19,3,38884,470000.0,low
19408,3204800150,2015-03-20,3,11658,470000.0,low
1430,3886902590,2015-02-26,5,6000,470000.0,low
8856,9406540150,2014-07-22,5,7077,470000.0,low
10760,7853230200,2015-03-09,3,5082,470000.0,low
15027,3629950010,2014-08-20,3,2381,470000.0,low
1686,4022902505,2014-07-31,3,9800,470000.0,low
16644,6126600950,2014-07-17,3,1693,470000.0,low
12692,1036700220,2014-11-10,4,4680,470000.0,low
15323,2922701305,2015-04-02,2,4220,470000.0,low
4784,8078370010,2015-02-18,4,12042,470000.0,low
1427,7852030320,2015-02-17,3,4874,470000.0,low
7179,526059224,2015-02-06,4,7276,470000.0,low
9214,8079040490,2014-06-23,3,8221,470000.0,low
20600,1438000390,2014-08-04,4,3800,469995.0,low
20788,3277801580,2014-11-10,3,1357,469950.0,low
871,4039300400,2014-09-19,3,8701,469950.0,low
7322,7905370440,2014-10-10,5,8303,469950.0,low
5085,3834500417,2014-08-09,3,1778,469950.0,low
18795,4254000540,2014-07-08,4,14178,469950.0,low
12976,2862100205,2014-09-30,5,4200,469950.0,low
14290,7785380150,2014-12-15,4,6427,469950.0,low
21233,5057100080,2014-09-19,5,6371,469950.0,low
13639,7853302110,2015-04-06,3,4399,469900.0,low
18259,1473120730,2014-06-27,4,8913,469900.0,low
12588,2325039057,2014-07-28,2,7020,469775.0,low
7267,1774000780,2015-01-05,4,13041,469500.0,low
976,5469700570,2014-08-12,5,24759,469500.0,low
11946,1775800860,2015-04-28,3,12000,469500.0,low
16484,5145100460,2014-09-24,4,7241,469500.0,low
1704,2540800390,2014-09-04,3,8446,469000.0,low
2375,4017110200,2015-01-27,3,9957,469000.0,low
13047,2978800120,2014-06-18,5,7543,469000.0,low
7832,3343300180,2015-03-30,3,22605,469000.0,low
1738,2258500049,2014-06-02,3,4250,469000.0,low
4499,2767603931,2014-08-18,3,1194,469000.0,low
12933,4022906222,2014-11-26,3,10659,469000.0,low
6908,1430800279,2015-03-27,4,11347,469000.0,low
13073,2124049229,2015-03-02,4,5624,469000.0,low
11026,7625702440,2014-12-30,3,800,469000.0,low
605,240000058,2015-04-08,4,13938,469000.0,low
15961,2767704332,2014-09-30,3,1278,469000.0,low
1831,1623300765,2014-05-06,2,4400,469000.0,low
18457,7518501822,2014-10-17,3,1290,469000.0,low
20805,946000295,2014-12-10,3,1362,469000.0,low
17071,2922703260,2014-07-16,3,2400,469000.0,low
16878,126039413,2014-07-10,5,11745,469000.0,low
5280,3856904970,2014-08-18,2,4284,469000.0,low
21184,3052700419,2014-06-16,3,1186,468500.0,low
15251,3798000130,2014-07-25,4,8580,468000.0,low
15805,3904901300,2015-04-14,3,5597,468000.0,low
16370,7202350010,2014-07-25,3,2490,468000.0,low
16731,6380500151,2015-03-17,3,7697,468000.0,low
18333,2820069048,2015-05-04,4,176418,468000.0,low
11,9212900260,2014-05-27,2,6000,468000.0,low
13136,2591010040,2014-11-10,2,7029,468000.0,low
11237,808300200,2015-03-19,4,20682,468000.0,low
4469,3335000025,2014-11-12,3,6300,468000.0,low
12357,5422560830,2015-04-13,2,4500,468000.0,low
14111,3876313040,2014-07-09,4,8400,468000.0,low
17497,3205100080,2014-07-08,3,9848,468000.0,low
2253,7694800070,2014-08-18,2,2167,468000.0,low
6700,2110900050,2015-02-11,4,8165,468000.0,low
9364,8820903555,2015-01-05,3,6453,467500.0,low
7201,6868200029,2014-09-29,3,8512,467500.0,low
11022,1705400550,2015-02-13,3,4165,467500.0,low
15231,7625701900,2015-02-22,2,4800,467500.0,low
12124,3123039082,2014-10-06,3,273556,467500.0,low
1772,7016100570,2014-12-01,4,7210,467500.0,low
12992,8562850150,2014-05-23,3,8645,467100.0,low
219,7611200125,2014-10-23,2,10800,467000.0,low
286,7214810350,2014-10-17,5,13500,467000.0,low
1265,7202340370,2014-11-10,3,6642,467000.0,low
1689,2767604247,2014-07-11,2,1181,467000.0,low
16640,1568100387,2015-03-22,3,3432,467000.0,low
1925,3905100070,2015-02-03,3,3984,467000.0,low
2189,6798100070,2015-05-11,3,8040,467000.0,low
21601,5100403806,2015-04-07,3,1179,467000.0,low
11815,1498301672,2015-03-30,5,4000,467000.0,low
13894,7853221010,2014-10-29,3,4978,467000.0,low
4606,2767704345,2014-05-20,3,1213,467000.0,low
866,3955900830,2015-04-27,3,6590,467000.0,low
10534,7016310270,2015-04-10,4,7210,467000.0,low
20394,3362401758,2014-09-03,3,990,467000.0,low
16049,6141100255,2014-05-15,3,6582,467000.0,low
20572,1946000100,2015-02-04,4,5024,467000.0,low
12615,2070100040,2014-12-01,3,5511,467000.0,low
13951,4443801285,2014-08-14,3,3880,466950.0,low
11919,3041700570,2014-06-05,3,14250,466800.0,low
7021,9259900010,2015-03-16,4,9139,466750.0,low
10064,1232002015,2014-06-05,3,3840,466500.0,low
13263,4038100360,2015-02-10,3,8856,466200.0,low
15425,928000020,2015-01-28,3,7279,466000.0,low
887,510002519,2014-07-15,2,1058,466000.0,low
10206,3878900270,2015-04-29,4,4508,466000.0,low
7965,6071200375,2014-12-11,3,9460,466000.0,low
4548,3876312350,2014-12-02,4,8050,466000.0,low
15999,9477940440,2014-06-17,4,6896,465950.0,low
828,7376300060,2014-05-15,3,10350,465750.0,low
21433,259500230,2014-12-18,3,4534,465750.0,low
9208,1704900206,2014-06-02,3,7004,465500.0,low
5557,9238500480,2014-05-23,4,20720,465425.0,low
772,226039214,2014-06-12,5,7642,465250.0,low
11782,1775801090,2014-05-30,4,20349,465000.0,low
7292,5561400440,2014-08-27,4,47958,465000.0,low
14827,2423029009,2014-06-17,2,19271,465000.0,low
1046,5255710160,2015-03-18,4,8862,465000.0,low
17527,6822100305,2014-08-19,3,5280,465000.0,low
17669,3890600150,2014-05-28,3,5752,465000.0,low
17668,3755500065,2014-11-06,3,14250,465000.0,low
14830,7625701175,2014-11-03,4,6250,465000.0,low
19843,7853321180,2014-12-22,5,6405,465000.0,low
17025,8651710430,2014-06-06,4,7500,465000.0,low
16967,6141100380,2014-05-15,3,6886,465000.0,low
16096,3226049530,2015-01-22,5,7264,465000.0,low
4283,3308030100,2014-09-25,4,32450,465000.0,low
17451,5137300130,2014-05-09,4,9653,465000.0,low
21303,522059130,2015-04-29,3,18200,465000.0,low
21553,2522059251,2015-04-09,3,15035,465000.0,low
6905,1137800460,2014-12-09,3,25663,465000.0,low
10963,5152700060,2014-05-28,6,23326,465000.0,low
16084,7519000225,2014-10-30,3,3774,465000.0,low
5075,5729000080,2014-10-29,3,15600,465000.0,low
10562,1223039195,2015-05-08,5,6450,465000.0,low
16833,9278200095,2014-12-17,3,8690,465000.0,low
7511,2872100245,2014-06-04,3,4500,465000.0,low
14426,2856100360,2015-04-09,3,3060,465000.0,low
5981,927200380,2015-04-20,4,12833,465000.0,low
16850,7215721350,2015-04-22,3,4636,465000.0,low
11722,9527300200,2014-08-25,4,3267,465000.0,low
7664,943100220,2014-09-25,3,145490,465000.0,low
197,3278600320,2014-07-23,3,4084,465000.0,low
11117,5101408599,2014-06-11,4,5350,465000.0,low
13127,6873000150,2014-12-08,2,1222,465000.0,low
213,4014400292,2015-01-14,3,17936,465000.0,low
15994,5538300460,2014-12-10,5,9000,465000.0,low
14783,9828701739,2014-06-17,2,1425,465000.0,low
17463,415100010,2014-06-11,4,9702,465000.0,low
10351,7767400060,2014-11-19,4,7314,465000.0,low
19770,2619950060,2014-09-09,5,7200,465000.0,low
466,2419600075,2014-12-01,3,6360,465000.0,low
10508,4206901505,2015-03-26,2,4000,465000.0,low
18790,3303860590,2014-06-27,4,6000,465000.0,low
15842,3862400050,2014-05-06,3,11088,465000.0,low
19500,4443800705,2014-10-08,3,3880,465000.0,low
4688,4358700100,2014-12-02,3,5175,465000.0,low
12253,4039500390,2014-10-17,3,7300,465000.0,low
11875,9567800435,2015-05-13,4,7194,465000.0,low
365,723099065,2015-01-30,3,40438,465000.0,low
4916,1972200660,2015-04-15,2,1201,465000.0,low
18932,2817910220,2014-12-16,4,39413,465000.0,low
5764,475000190,2015-01-09,3,1540,465000.0,low
4060,4036800015,2014-10-01,4,11700,465000.0,low
9272,9301301145,2014-10-24,1,3200,465000.0,low
18750,4038400150,2014-11-13,3,9137,465000.0,low
11862,3288200710,2014-05-27,3,8640,465000.0,low
1799,5312100060,2014-11-11,4,3141,465000.0,low
19680,3221079050,2015-03-03,3,144619,465000.0,low
16191,2767600920,2014-10-27,2,2600,465000.0,low
15247,3990000050,2014-06-16,3,7500,465000.0,low
10002,1759701600,2014-05-12,3,11358,465000.0,low
10123,7852020800,2015-04-02,3,4808,465000.0,low
1398,1726069084,2014-12-08,4,21650,465000.0,low
18420,5145100300,2014-09-18,3,8509,465000.0,low
16760,2564900020,2014-09-24,4,7350,465000.0,low
9348,7972601445,2015-01-16,4,7650,465000.0,low
2545,7202330270,2015-03-03,3,4473,465000.0,low
7054,1703900005,2015-05-01,3,4872,465000.0,low
16155,2558690130,2014-08-13,4,7701,465000.0,low
1998,3578400030,2014-07-18,4,13383,465000.0,low
19342,9297301050,2014-06-18,3,4800,465000.0,low
16793,2296700470,2014-11-06,4,7700,465000.0,low
2625,7715801040,2015-02-21,3,7125,465000.0,low
13837,5706200360,2014-11-06,5,10010,465000.0,low
2227,3755100520,2015-04-27,3,10757,465000.0,low
21218,5700000446,2014-10-29,3,1322,465000.0,low
16133,1837010010,2015-03-13,3,8073,465000.0,low
10291,3330500075,2015-04-24,3,3348,465000.0,low
7010,7751800080,2015-01-27,3,9879,465000.0,low
8912,2223069112,2014-11-12,3,117176,465000.0,low
17144,1053000010,2015-04-21,3,4720,465000.0,low
13445,1926049154,2015-01-15,2,27075,465000.0,low
20938,2771604196,2014-08-12,2,1120,465000.0,low
20483,7600065,2014-06-05,3,1245,465000.0,low
10050,1657300070,2014-08-12,4,10810,465000.0,low
15703,1442740010,2014-11-07,4,16437,465000.0,low
10021,4442800012,2014-12-18,3,1311,465000.0,low
18653,4058801780,2015-03-27,5,10246,465000.0,low
8817,259600330,2015-02-09,4,10291,465000.0,low
18523,1225039052,2014-11-12,3,1850,465000.0,low
19388,7974200937,2014-05-13,3,5112,465000.0,low
3420,8679600100,2015-01-30,5,12491,465000.0,low
6103,9485940290,2015-05-12,4,36116,464950.0,low
19200,123039147,2015-03-19,3,19800,464950.0,low
14911,1423069063,2014-07-11,4,64438,464950.0,low
11915,1773100310,2015-04-23,4,6000,464950.0,low
1345,9301300751,2014-07-28,3,890,464950.0,low
2035,251200200,2014-06-27,4,8424,464900.0,low
6007,1088030010,2014-10-05,4,8996,464625.0,low
16675,7626200235,2014-05-23,3,5500,464600.0,low
15454,5487300020,2015-01-21,3,10500,464550.0,low
15361,7304300420,2014-08-01,4,11381,464500.0,low
9743,6071300030,2014-06-24,3,10466,464500.0,low
3673,326049058,2015-02-17,5,13425,464500.0,low
18689,9274200850,2014-10-16,2,2750,464050.0,low
15068,7202330920,2014-08-07,3,4898,464000.0,low
9522,9238500410,2014-05-19,3,28600,464000.0,low
10835,217500140,2014-05-13,5,8970,464000.0,low
5030,3342102880,2014-08-11,3,5400,464000.0,low
3614,4397000100,2015-03-24,4,12591,464000.0,low
18244,8122100265,2014-12-05,2,5000,464000.0,low
3247,9818700215,2015-03-30,5,3000,464000.0,low
10302,1775910370,2015-02-05,4,15232,464000.0,low
10106,8079010310,2014-06-11,4,7203,464000.0,low
15865,6332000050,2015-01-21,3,6550,464000.0,low
2961,1947300115,2014-06-19,3,3625,464000.0,low
11428,6140600049,2015-05-06,2,4800,464000.0,low
209,6300000550,2014-07-17,6,3404,464000.0,low
13751,3905040040,2015-02-26,3,5146,464000.0,low
17476,1742800430,2015-05-04,5,13702,463828.0,low
10372,3863800030,2015-03-31,3,7770,463800.0,low
2008,1112000125,2014-09-30,1,8750,463500.0,low
15576,3288300920,2015-04-21,3,11095,463000.0,low
360,3211290370,2014-06-05,3,29970,463000.0,low
7902,5101405465,2015-02-03,3,5009,463000.0,low
3723,7739100015,2014-05-02,3,7320,463000.0,low
5594,3764650050,2014-07-30,3,4195,463000.0,low
10914,9209900335,2014-05-09,2,4400,463000.0,low
6666,2324039069,2014-08-22,2,5650,463000.0,low
9006,1472800220,2014-09-09,3,17108,463000.0,low
19105,2207100740,2015-01-06,3,7700,463000.0,low
17458,1180005050,2014-12-18,4,6000,463000.0,low
2131,2592400550,2014-07-09,4,6660,463000.0,low
11166,9414610320,2015-01-16,4,9928,463000.0,low
13337,8929000040,2014-08-20,3,2778,462608.0,low
4113,8562700090,2014-11-11,3,11761,462600.0,low
14919,2147300050,2014-08-22,3,4000,462600.0,low
20187,2767603962,2015-04-14,2,1276,462550.0,low
17893,2122039137,2015-04-13,3,108900,462500.0,low
10888,9274204100,2014-09-10,4,4500,462500.0,low
21522,603000555,2015-03-02,6,4000,462500.0,low
10004,1626069139,2014-08-21,3,51400,462500.0,low
4090,2815600215,2014-11-18,2,7290,462500.0,low
10306,955000060,2014-09-30,2,4200,462500.0,low
14500,6705120540,2014-12-22,2,2670,462370.0,low
9700,9508500075,2014-07-29,5,10220,462000.0,low
10166,2558630350,2015-03-21,4,6958,462000.0,low
18132,9221400600,2014-05-23,3,2580,462000.0,low
2678,8857320260,2014-11-05,3,2614,462000.0,low
2518,9412900045,2014-05-19,3,4500,462000.0,low
18732,1944900090,2014-05-19,5,10530,462000.0,low
9248,322069141,2015-01-14,4,47480,462000.0,low
20763,1543000060,2014-06-07,4,6432,462000.0,low
2062,4083800340,2015-04-02,5,4300,462000.0,low
5067,2624049167,2015-04-23,3,11895,461550.0,low
20232,3395070980,2015-03-27,5,3275,461500.0,low
21203,3052700213,2014-08-29,2,1267,461100.0,low
6863,1124000050,2014-07-29,4,8505,461000.0,low
87,3342103156,2014-06-18,3,6278,461000.0,low
6000,8910500675,2014-05-19,2,7193,461000.0,low
20409,9268851380,2015-04-03,3,998,461000.0,low
3558,4040200490,2014-08-20,3,5170,461000.0,low
1353,2423020260,2014-08-14,3,7923,461000.0,low
2689,3888100226,2014-06-30,3,8666,461000.0,low
16575,7508200080,2015-04-10,4,7495,461000.0,low
20883,8024200674,2015-02-23,3,1416,461000.0,low
13398,7202290620,2015-02-19,3,3026,461000.0,low
20014,1085623350,2014-10-07,4,4964,460940.0,low
952,6203000160,2014-07-16,3,10650,460500.0,low
9675,8079040300,2015-02-18,4,7533,460500.0,low
20103,1085622460,2014-09-29,4,6516,460458.0,low
20505,7519001068,2014-05-27,3,1431,460000.0,low
3462,3824100246,2014-10-21,4,9676,460000.0,low
8766,9828702513,2014-05-06,2,929,460000.0,low
7130,4047200380,2014-05-26,2,19877,460000.0,low
12714,7857003046,2015-05-06,5,5050,460000.0,low
10802,1473120140,2014-07-08,4,8331,460000.0,low
787,2423069155,2014-11-20,4,40419,460000.0,low
20548,5112800291,2014-09-24,3,47480,460000.0,low
5285,2896600020,2015-03-25,3,7700,460000.0,low
10117,7199340560,2014-09-09,3,7350,460000.0,low
1828,952002765,2014-11-14,4,3050,460000.0,low
7753,2916200065,2015-01-15,3,15685,460000.0,low
5112,3924500130,2015-05-06,2,40575,460000.0,low
13016,1839920180,2015-03-18,3,7350,460000.0,low
10558,4073200575,2014-12-01,2,12092,460000.0,low
10488,9238900390,2014-09-05,3,6360,460000.0,low
3817,9276200850,2014-06-16,2,4000,460000.0,low
10158,8665900070,2015-01-23,4,15054,460000.0,low
16535,5595900345,2015-01-13,4,13168,460000.0,low
7474,7955040130,2014-08-05,3,8467,460000.0,low
1010,1254200075,2014-05-09,4,5500,460000.0,low
106,546000875,2014-05-23,3,4005,460000.0,low
7027,3426049132,2015-04-22,3,7320,460000.0,low
5802,9432750190,2014-11-12,4,17532,460000.0,low
16180,9285800585,2014-06-11,3,4437,460000.0,low
7160,3450300280,2015-02-25,5,7260,460000.0,low
20891,2767600673,2014-07-01,3,1053,460000.0,low
603,7199350340,2014-08-25,3,7070,460000.0,low
3959,5561401110,2014-06-27,4,35091,460000.0,low
8459,3901100015,2014-12-30,3,8580,460000.0,low
3737,585000008,2015-04-13,2,4002,460000.0,low
6594,6413600151,2014-09-16,3,7232,460000.0,low
10691,3222059187,2014-05-28,4,52983,460000.0,low
7593,2207200405,2014-07-16,5,12264,460000.0,low
14172,1387301430,2014-08-18,3,7313,460000.0,low
12143,3211240370,2014-12-01,4,36114,460000.0,low
6167,1924079091,2015-01-13,4,190357,460000.0,low
11537,7589700106,2014-10-14,2,3760,460000.0,low
19162,6705120100,2015-05-04,3,2225,460000.0,low
2175,7443000640,2014-09-12,3,2003,460000.0,low
2066,2296700260,2014-06-26,3,8490,460000.0,low
9602,5151600530,2015-04-23,4,11998,460000.0,low
13094,9550202700,2014-12-11,2,4160,460000.0,low
560,3624079046,2014-10-28,4,108900,460000.0,low
17330,814000020,2015-02-20,3,7000,460000.0,low
14667,3463400330,2015-04-16,3,29136,460000.0,low
9575,405100165,2014-11-19,2,7800,460000.0,low
13652,1819800286,2014-06-16,2,2100,460000.0,low
16876,3501100280,2015-03-29,2,4650,460000.0,low
476,1604602050,2014-07-11,3,2527,460000.0,low
1166,3876200070,2015-05-08,3,7500,460000.0,low
5060,1425059178,2014-05-07,3,9055,460000.0,low
10912,5430300106,2015-03-11,2,5934,460000.0,low
17781,1819800042,2014-11-14,2,3300,460000.0,low
11320,4040400340,2014-09-05,3,8250,460000.0,low
1919,1826049225,2015-04-17,4,8663,460000.0,low
8917,5255000110,2014-10-07,3,8400,460000.0,low
1683,3583300135,2014-05-13,3,10450,460000.0,low
18935,3353404265,2014-12-31,3,40813,460000.0,low
18612,2491200330,2014-09-18,3,5131,460000.0,low
7643,625049313,2014-09-02,3,4600,460000.0,low
670,2710600045,2014-06-16,3,4708,460000.0,low
2824,826069085,2014-09-03,3,50965,460000.0,low
13921,2394600157,2015-04-07,3,1840,460000.0,low
19672,1180000830,2014-10-02,4,3225,460000.0,low
11778,2354300550,2015-03-02,3,7500,460000.0,low
21405,5045700330,2014-07-25,4,6400,460000.0,low
8396,424069096,2014-07-31,3,12155,460000.0,low
11128,476000324,2014-10-16,3,1194,460000.0,low
19550,2771604370,2014-09-26,3,4000,460000.0,low
14133,4074300150,2015-04-17,4,7200,460000.0,low
8024,4022902260,2014-06-26,4,19017,460000.0,low
7381,3897100275,2014-10-27,3,9900,460000.0,low
8828,726059349,2015-03-19,3,9135,460000.0,low
11576,2473510260,2014-06-23,5,9760,460000.0,low
14304,2872100385,2015-03-18,2,5000,460000.0,low
1211,8691500990,2014-12-12,4,7504,460000.0,low
8715,5101405340,2014-08-21,2,8107,460000.0,low
21268,1438000430,2014-10-06,4,3760,459995.0,low
21161,8564860280,2014-05-02,3,5539,459990.0,low
2822,7852130100,2015-03-13,3,4273,459950.0,low
11123,2763710060,2014-08-08,4,9747,459950.0,low
13736,4475800065,2014-06-13,3,6869,459950.0,low
20399,5057100090,2015-05-05,5,6371,459950.0,low
13226,5104540610,2014-09-25,4,6567,459950.0,low
10334,3709500140,2014-06-23,4,6107,459950.0,low
8594,5469502170,2015-04-14,4,21465,459950.0,low
8993,1523069096,2014-08-11,3,51836,459900.0,low
14871,4034900065,2014-05-30,3,11000,459900.0,low
5406,1441800010,2014-12-08,3,8000,459900.0,low
18224,6817800910,2014-11-18,3,16061,459800.0,low
16791,6450301835,2014-07-05,3,4950,459500.0,low
4324,3972300100,2014-12-29,4,8968,459500.0,low
3411,7518503200,2014-07-01,2,3825,459500.0,low
8184,510002506,2014-08-25,2,1079,459500.0,low
20022,7625702451,2015-01-06,3,800,459000.0,low
7417,8665900328,2015-01-23,4,9077,459000.0,low
20710,522049074,2014-06-27,4,10000,459000.0,low
8359,4364700945,2015-04-02,4,7080,459000.0,low
741,1588600045,2014-12-15,2,4887,459000.0,low
2343,5634500036,2014-08-20,5,12987,459000.0,low
20150,7011201476,2015-03-18,2,1107,459000.0,low
21543,1972200227,2014-10-07,3,1031,459000.0,low
5037,2558660190,2014-10-30,3,7807,459000.0,low
1461,2919700885,2014-08-26,4,3840,459000.0,low
14856,324000530,2015-03-23,3,5000,459000.0,low
1439,1138010520,2014-06-01,3,7330,459000.0,low
7804,2426049113,2015-04-14,4,9583,459000.0,low
13612,6672700120,2014-10-16,4,9703,459000.0,low
14134,8665050220,2014-10-21,3,4000,459000.0,low
20523,9826700930,2014-07-22,2,804,459000.0,low
20229,3278603000,2015-05-04,3,2076,459000.0,low
19976,2767603824,2014-09-15,2,1249,459000.0,low
15544,1310430130,2014-10-09,4,6600,459000.0,low
21039,7852100150,2014-06-25,5,6895,459000.0,low
3618,2887700805,2014-10-22,2,4370,458950.0,low
6709,2545700020,2014-10-16,2,6828,458500.0,low
12645,7217400650,2015-04-24,3,1920,458500.0,low
4351,2719100042,2014-06-23,3,1599,458500.0,low
5983,259600050,2015-02-23,3,9605,458500.0,low
17973,4037200690,2014-12-08,4,9715,458450.0,low
10000,7818900060,2014-07-08,4,10300,458400.0,low
14967,8039900130,2014-07-30,3,12196,458000.0,low
19278,3834000820,2014-06-13,3,8555,458000.0,low
11496,8901001170,2014-05-14,3,7500,458000.0,low
15582,686530170,2014-10-22,3,9900,458000.0,low
4377,3131201865,2014-06-17,4,3000,458000.0,low
7725,3876313030,2014-05-20,1,10350,458000.0,low
10122,626059276,2014-05-30,5,23265,458000.0,low
18007,1025049254,2014-12-04,3,1569,458000.0,low
21314,1441000470,2014-07-28,4,4000,458000.0,low
7714,6413100090,2014-09-15,2,5850,458000.0,low
5522,826069016,2014-12-12,4,62726,458000.0,low
10826,3709500060,2014-06-20,3,5013,458000.0,low
4092,5101407370,2015-04-22,3,9570,458000.0,low
10225,6909200335,2014-06-24,3,2003,457500.0,low
3497,461004195,2014-11-04,2,5000,457500.0,low
7195,5649600225,2015-04-03,3,4600,457500.0,low
867,8665050060,2014-07-31,3,4445,457500.0,low
11491,3214200070,2015-04-29,3,7636,457500.0,low
6826,7549800168,2014-05-27,3,4030,457500.0,low
18062,7853220610,2014-07-29,3,5694,457000.0,low
10010,4022902050,2015-04-15,4,10800,457000.0,low
20246,9376301112,2014-10-31,2,1329,457000.0,low
20886,8956200530,2014-08-05,4,6983,457000.0,low
15270,5101408678,2014-11-20,2,7192,457000.0,low
9565,8682290360,2015-03-30,2,9985,457000.0,low
16774,7588700007,2014-11-24,3,3348,457000.0,low
20597,9376301111,2014-06-30,3,1330,457000.0,low
3698,5256500025,2014-08-27,4,10358,457000.0,low
1229,5104511600,2014-11-12,4,7845,457000.0,low
16908,6893300290,2014-11-11,3,6375,457000.0,low
10706,2518400046,2014-11-18,3,8879,456700.0,low
7224,1786200010,2015-05-14,4,11780,456500.0,low
844,108000127,2014-12-09,4,2309,456500.0,low
20285,293810190,2014-11-04,4,6811,456500.0,low
3044,4443800110,2014-07-25,3,3880,456500.0,low
3276,3876311390,2015-01-20,3,9163,456500.0,low
12611,8820902700,2015-04-22,2,7733,456200.0,low
2665,5146000070,2014-12-04,3,12408,456150.0,low
4584,8099800590,2014-06-20,3,28516,456000.0,low
18119,925059042,2014-10-02,4,12385,456000.0,low
8391,8635760330,2015-04-13,3,2935,456000.0,low
8285,9268200315,2014-08-28,3,8442,456000.0,low
19644,1442880260,2014-09-09,3,5205,456000.0,low
16154,1454100440,2014-06-05,4,9886,456000.0,low
13155,2521059042,2014-11-07,5,193406,456000.0,low
10127,5490210200,2014-09-05,4,7689,456000.0,low
21369,923059259,2015-04-01,4,5771,455950.0,low
6334,1426300842,2015-04-28,3,6000,455850.0,low
1481,7202290140,2014-07-28,3,4584,455800.0,low
17339,7852000010,2014-05-27,3,8252,455600.0,low
12964,5469500580,2015-02-03,3,19000,455500.0,low
10628,2909700070,2014-05-27,3,10311,455500.0,low
6010,5706200020,2015-02-06,5,13970,455000.0,low
21416,9521100214,2014-06-04,3,1189,455000.0,low
16602,1425059145,2014-06-16,2,12196,455000.0,low
6415,7955050170,2015-04-10,3,7500,455000.0,low
1321,1822350070,2015-02-02,3,6657,455000.0,low
1599,194000575,2014-10-14,4,5800,455000.0,low
20545,1225039067,2015-04-06,2,1303,455000.0,low
10972,2044500152,2014-11-17,4,6000,455000.0,low
2628,1062100075,2015-05-03,2,5000,455000.0,low
9043,2558700090,2014-05-06,5,7770,455000.0,low
13393,1443500925,2015-05-04,2,11480,455000.0,low
6665,7519001825,2015-01-08,2,5150,455000.0,low
3747,2133010110,2015-05-08,4,13168,455000.0,low
16029,9264030470,2014-06-11,4,10688,455000.0,low
3905,5422500110,2014-07-25,3,6850,455000.0,low
13217,9826701490,2015-02-25,5,3000,455000.0,low
20544,2771602428,2014-10-29,3,932,455000.0,low
6162,4197400005,2014-06-20,4,21000,455000.0,low
2573,3904901670,2014-06-20,3,4653,455000.0,low
19006,1205000215,2015-04-29,2,6750,455000.0,low
3712,6413600123,2014-10-08,3,7403,455000.0,low
14040,1136100072,2015-02-13,4,45738,455000.0,low
2915,8965000110,2014-11-14,3,9600,455000.0,low
5787,8682262330,2014-09-30,2,4286,455000.0,low
278,2022069200,2015-05-05,4,49375,455000.0,low
2159,3582200200,2015-04-27,3,17239,455000.0,low
13480,3300701575,2015-04-22,2,4000,455000.0,low
4914,7950302890,2014-12-30,4,4500,455000.0,low
18383,6675500082,2014-08-12,3,7829,455000.0,low
2262,8035350260,2014-10-09,5,7759,455000.0,low
14901,1125079088,2015-04-02,2,92782,455000.0,low
19922,2770602493,2014-11-20,2,1209,455000.0,low
11700,9290860140,2014-09-23,4,5001,455000.0,low
18463,259800750,2015-02-23,3,8004,455000.0,low
15643,6844701680,2015-03-25,2,5100,455000.0,low
18458,1928300620,2014-06-08,3,3550,455000.0,low
20038,3880900236,2014-08-22,2,966,455000.0,low
6708,1137400460,2014-06-24,4,4502,455000.0,low
19942,8944550100,2014-07-23,4,4400,455000.0,low
7435,2722059075,2014-08-11,3,31314,455000.0,low
8921,8820903080,2015-05-08,2,5759,455000.0,low
13050,7291700065,2015-03-26,4,11400,455000.0,low
16584,3754700170,2015-04-23,3,9825,455000.0,low
16713,1310440950,2015-03-02,4,6558,455000.0,low
242,1868901275,2015-01-27,2,5000,455000.0,low
18676,4019300051,2014-11-25,3,11371,455000.0,low
6466,8843900396,2014-07-14,3,13280,455000.0,low
8874,2516000475,2014-09-29,2,5000,455000.0,low
7810,1529300115,2014-06-02,2,6000,455000.0,low
11937,5112800060,2014-06-06,4,94525,455000.0,low
17957,7635801321,2014-07-23,4,9238,455000.0,low
10444,1775500310,2015-01-21,4,94089,455000.0,low
11495,9528104286,2015-01-13,2,1146,455000.0,low
12716,2205500355,2014-10-21,3,8360,455000.0,low
9142,2597550090,2014-09-05,5,28212,455000.0,low
19112,8096600100,2014-12-15,4,9442,455000.0,low
15787,9512500380,2014-10-10,3,7700,455000.0,low
10736,7327500200,2014-06-18,3,14292,455000.0,low
4323,1015500300,2014-05-15,3,7344,455000.0,low
17049,8663310010,2014-12-26,3,7309,455000.0,low
9778,2009000830,2014-07-08,4,6000,455000.0,low
18088,2896400210,2015-05-08,4,2992,455000.0,low
17808,9214400120,2014-06-02,2,5720,455000.0,low
8349,7170200110,2015-01-21,3,3800,455000.0,low
17726,1422059039,2014-08-28,4,117378,455000.0,low
251,1310430400,2014-05-13,4,7685,455000.0,low
8039,1250200495,2014-06-24,2,1259,455000.0,low
10024,4036800370,2014-11-03,4,7000,455000.0,low
5012,2888000020,2015-03-02,5,7860,455000.0,low
19805,9126100765,2014-08-01,3,1014,455000.0,low
1215,2095800400,2014-11-13,3,8653,455000.0,low
10590,4037500335,2014-06-06,4,8449,455000.0,low
5828,3303860130,2014-12-03,4,7251,455000.0,low
20207,1327600190,2015-04-10,4,5701,454950.0,low
11174,5710610520,2015-02-26,3,9775,454900.0,low
14664,8562901830,2014-08-05,4,10720,454800.0,low
16270,3303860630,2015-04-27,4,6000,454450.0,low
8683,3630020090,2015-05-04,3,1741,454280.0,low
3510,3449900090,2015-04-10,4,5379,454200.0,low
1612,1422300140,2014-09-05,3,43733,454000.0,low
19356,808300180,2015-02-11,4,12522,454000.0,low
4839,2731600080,2015-04-22,5,9200,454000.0,low
4552,5014000215,2014-08-18,2,6731,454000.0,low
8048,1022059161,2014-06-13,4,39000,454000.0,low
3360,7820000038,2014-11-14,3,10000,454000.0,low
18662,7802900504,2014-06-25,3,22144,454000.0,low
8989,5366200210,2014-08-19,3,4094,454000.0,low
8859,7229800175,2014-06-04,5,23345,453500.0,low
9952,5667100045,2014-09-02,3,7270,453500.0,low
1587,3013301525,2014-10-13,2,4189,453500.0,low
15466,254000020,2014-06-05,4,6032,453500.0,low
1097,5457300478,2015-05-13,2,1760,453500.0,low
1822,808300550,2015-05-05,4,6300,453250.0,low
133,8929000270,2014-05-12,3,2287,453246.0,low
8491,686300930,2015-03-05,3,7232,453000.0,low
3024,6647400090,2014-07-02,3,15050,453000.0,low
21300,4083300098,2014-11-17,2,1269,453000.0,low
12938,3288200360,2015-03-26,3,11484,453000.0,low
4366,5422560930,2015-03-16,3,3900,453000.0,low
13103,2768300650,2014-12-01,3,1838,453000.0,low
2403,2206700295,2014-09-15,3,9473,453000.0,low
5016,6430000280,2014-12-16,4,5100,453000.0,low
6600,4036800170,2014-06-23,4,7420,453000.0,low
8278,4035900085,2014-11-17,3,20193,453000.0,low
2222,2817100570,2014-06-27,4,37533,453000.0,low
21502,2770601782,2014-08-01,3,1618,453000.0,low
8212,2322069100,2015-04-09,2,17400,453000.0,low
20598,8956200560,2015-03-20,4,8306,453000.0,low
8525,2026059119,2014-08-25,3,9583,453000.0,low
9559,1160000300,2015-03-04,3,7200,453000.0,low
20248,9320350130,2014-08-23,3,4284,453000.0,low
1710,7634800070,2015-01-16,3,16300,453000.0,low
19923,475000187,2015-05-01,3,1194,452950.0,low
12767,7853300720,2015-02-12,4,6454,452500.0,low
13327,7852130720,2014-10-09,3,7791,452500.0,low
3323,1323089184,2014-05-02,3,88426,452500.0,low
10664,616000200,2014-08-22,3,15695,452500.0,low
3165,3824100291,2014-09-16,4,10000,452250.0,low
14149,4058800925,2015-04-28,4,6540,452100.0,low
18817,5101405338,2014-08-21,3,16239,452000.0,low
18213,1828000620,2014-07-01,3,9012,452000.0,low
18299,5210200184,2014-06-06,2,5400,452000.0,low
13401,7202340450,2014-11-23,3,4000,452000.0,low
12158,3343903240,2014-07-22,3,148975,452000.0,low
21231,6306800020,2014-11-11,4,7850,452000.0,low
137,4027700812,2014-05-29,4,10002,452000.0,low
20820,2767604212,2014-10-29,2,1131,452000.0,low
14828,3300701285,2014-07-30,3,4000,452000.0,low
8344,5152700120,2015-03-18,5,13315,452000.0,low
717,8820903380,2014-07-28,6,13579,452000.0,low
8472,263000040,2014-10-01,3,5032,452000.0,low
13090,8122600145,2014-05-21,4,6150,452000.0,low
8900,917000300,2014-05-20,4,3760,452000.0,low
12599,8665900206,2015-04-23,2,11747,452000.0,low
5790,7370600050,2014-08-19,2,8100,452000.0,low
4952,452002005,2015-01-21,2,5000,452000.0,low
536,6204420070,2015-05-01,4,8268,452000.0,low
21319,3438501583,2014-09-11,3,5090,452000.0,low
10684,5249803645,2014-08-29,2,6000,452000.0,low
6951,3123049142,2014-08-05,3,14810,452000.0,low
490,8562501040,2014-11-20,4,7350,452000.0,low
21242,7853321150,2014-11-03,4,6896,452000.0,low
9309,1023089019,2014-07-30,5,47916,452000.0,low
1748,9424400200,2014-05-15,2,4520,451555.0,low
20634,3869900036,2014-07-25,3,814,451300.0,low
1598,2159900060,2015-01-13,2,1962,451101.0,low
552,4025300135,2015-05-08,3,9813,451000.0,low
13316,2354300910,2015-03-10,4,7250,451000.0,low
924,9297301580,2014-05-16,3,4049,451000.0,low
18341,3876200330,2014-06-26,5,8925,451000.0,low
17619,2738600220,2014-08-04,3,4876,451000.0,low
10281,7853302180,2015-04-09,4,5375,451000.0,low
19618,6392000625,2014-07-12,2,6000,451000.0,low
17317,3630080430,2014-06-17,4,3315,451000.0,low
11469,2826049200,2014-08-25,4,5444,451000.0,low
11758,6163901913,2014-07-22,5,6508,451000.0,low
18225,259801140,2014-12-12,4,7800,451000.0,low
21202,923059252,2014-05-27,4,5311,450800.0,low
17063,2815600235,2015-04-02,2,7020,450600.0,low
16161,3034200426,2015-03-20,3,9384,450500.0,low
17119,4305700086,2015-04-10,2,3698,450500.0,low
857,2296500036,2015-03-10,4,13260,450000.0,low
5235,9165100130,2014-06-18,3,4080,450000.0,low
18193,2475400120,2014-10-01,3,8116,450000.0,low
12831,3461000120,2015-04-30,4,12204,450000.0,low
5925,7950300670,2015-02-18,2,4590,450000.0,low
1826,8559900140,2015-03-31,3,4650,450000.0,low
21198,4140940130,2014-11-21,3,3360,450000.0,low
11083,4276400030,2014-11-12,3,17688,450000.0,low
20795,4083306616,2015-02-24,2,1000,450000.0,low
19093,3345700165,2014-12-02,3,27227,450000.0,low
12071,2064800830,2015-03-20,3,9488,450000.0,low
15234,3622059088,2014-05-13,3,42180,450000.0,low
14394,7132300540,2015-05-08,2,4248,450000.0,low
16097,4017050020,2014-08-14,3,19744,450000.0,low
19240,1151100035,2014-06-11,4,19250,450000.0,low
276,9189700045,2015-01-27,3,16258,450000.0,low
21020,9826701201,2015-02-09,2,1012,450000.0,low
11094,1924069105,2014-10-17,3,9258,450000.0,low
20797,2997800024,2014-07-14,2,1264,450000.0,low
6088,126049169,2014-08-28,3,61419,450000.0,low
9780,5288200070,2014-07-30,3,3350,450000.0,low
7704,2769602840,2014-10-16,3,3737,450000.0,low
10471,4037400070,2014-08-25,3,5445,450000.0,low
17190,2201500980,2014-10-20,3,10000,450000.0,low
16764,1974200020,2015-02-20,4,9752,450000.0,low
853,4164100160,2014-07-16,4,23899,450000.0,low
10464,3840700560,2014-08-14,3,12600,450000.0,low
4280,1626069198,2014-10-03,3,44866,450000.0,low
18870,1137800230,2014-05-14,3,17172,450000.0,low
11095,704450070,2014-07-07,3,12793,450000.0,low
19361,3992700475,2014-11-11,3,7200,450000.0,low
14011,7129301445,2014-06-25,4,5650,450000.0,low
17046,9412200280,2014-08-27,4,13140,450000.0,low
2401,1087700030,2014-06-19,3,11200,450000.0,low
48,9215400105,2015-04-28,3,5963,450000.0,low
19147,3236500220,2014-07-09,3,7573,450000.0,low
5637,7923600250,2015-05-15,5,7344,450000.0,low
19586,3204300610,2014-12-02,2,4560,450000.0,low
3974,1326059085,2014-07-21,3,111513,450000.0,low
19448,2023059052,2015-05-04,3,92721,450000.0,low
3941,1566100625,2014-08-04,3,8296,450000.0,low
9530,7787100210,2014-12-09,4,8267,450000.0,low
16002,524069075,2014-10-24,4,20348,450000.0,low
19737,3862710030,2015-04-24,3,4357,450000.0,low
12140,4449800681,2014-06-23,4,4333,450000.0,low
11019,7752400075,2015-04-28,3,10682,450000.0,low
7533,5101400934,2015-04-24,2,4368,450000.0,low
12764,6362900145,2015-02-03,4,5008,450000.0,low
10316,7979900126,2014-06-26,3,23660,450000.0,low
19168,8039900180,2014-08-05,3,11250,450000.0,low
9607,9485951510,2014-09-15,3,48994,450000.0,low
14375,1424069044,2014-09-10,3,47044,450000.0,low
11048,808300270,2014-05-27,4,8515,450000.0,low
5578,5145000130,2014-09-25,3,10247,450000.0,low
7515,7544800395,2015-02-25,3,2820,450000.0,low
19739,4019500030,2014-10-29,3,4557,450000.0,low
8546,424049043,2014-08-11,9,6504,450000.0,low
14154,8718500555,2014-09-15,3,9711,450000.0,low
5587,4028900048,2014-08-21,3,13789,450000.0,low
18724,1695900025,2015-03-27,2,3627,450000.0,low
11222,3992700070,2014-11-24,3,8100,450000.0,low
14112,6021501320,2014-09-30,2,4365,450000.0,low
4080,8564950300,2014-09-19,3,4226,450000.0,low
11251,625100004,2015-03-17,3,67756,450000.0,low
19941,7237450600,2014-10-30,5,6220,450000.0,low
8309,1426049054,2014-07-01,3,13775,450000.0,low
13647,8029550180,2015-03-25,4,4616,450000.0,low
19533,6751100205,2014-08-04,2,10720,450000.0,low
14201,6190701484,2015-03-11,7,8625,450000.0,low
10935,2141500070,2014-06-19,4,7693,450000.0,low
16554,1133000235,2014-06-16,6,11780,450000.0,low
9683,461002050,2014-08-26,2,5000,450000.0,low
19617,224059021,2014-12-19,3,35415,450000.0,low
9674,1588600110,2014-08-11,3,5440,450000.0,low
4382,5422560900,2014-08-07,3,6500,450000.0,low
6036,2770606890,2014-08-07,4,5250,450000.0,low
8672,2206700165,2014-07-16,3,7903,450000.0,low
19915,7853321090,2014-10-01,3,4293,450000.0,low
20995,9268851320,2014-12-10,3,997,450000.0,low
2322,2211700160,2014-05-12,3,17208,450000.0,low
12754,620069061,2015-05-07,3,426452,450000.0,low
16497,7199330170,2015-05-12,3,6960,450000.0,low
10222,3293700496,2014-12-04,4,7730,450000.0,low
5469,7577700440,2014-05-28,3,4600,450000.0,low
15193,6379500216,2014-05-13,3,892,450000.0,low
14823,7312200120,2014-07-23,3,10013,450000.0,low
12503,7205800040,2014-12-23,4,15233,450000.0,low
1813,5634500251,2015-03-27,3,36831,450000.0,low
12271,4365200055,2014-12-05,4,7320,450000.0,low
3898,567000268,2014-08-21,3,2710,450000.0,low
12354,9286100200,2014-08-13,3,2589,450000.0,low
7385,5039300305,2014-11-07,3,3478,450000.0,low
5810,263000280,2014-12-02,3,4500,450000.0,low
13266,8665050530,2015-02-04,3,4364,450000.0,low
3138,7550801220,2015-02-27,2,5000,450000.0,low
2833,3558910490,2014-07-31,4,7350,450000.0,low
18582,1079450410,2015-04-17,5,10240,450000.0,low
17969,2817900100,2015-03-30,3,39324,450000.0,low
8055,6400700230,2015-03-11,3,13468,450000.0,low
16138,7133300675,2015-04-28,3,4500,450000.0,low
18547,5102400025,2014-06-25,2,4390,450000.0,low
8066,3955500100,2015-04-07,3,10530,450000.0,low
8076,3390600025,2014-05-29,4,7725,450000.0,low
9048,1560800150,2015-04-05,4,9240,450000.0,low
2865,7920100025,2015-04-27,2,5100,450000.0,low
3177,2770605065,2014-11-18,2,6000,450000.0,low
2814,567000755,2014-12-05,2,1709,450000.0,low
9156,7934000145,2014-12-01,4,6400,450000.0,low
14767,2960900040,2014-05-21,2,4000,450000.0,low
15696,8029520250,2015-03-18,3,13071,450000.0,low
8120,4006000183,2014-09-09,7,7800,450000.0,low
4529,7663700654,2014-12-14,4,7808,450000.0,low
6554,1839910470,2015-04-08,3,7490,450000.0,low
406,7821200390,2014-08-06,3,1213,450000.0,low
17621,5101406536,2014-10-28,2,7250,450000.0,low
20031,1294300038,2014-07-11,3,914,450000.0,low
14084,1926069054,2014-05-08,3,43560,450000.0,low
4983,5561300380,2014-08-07,4,36254,450000.0,low
18962,7852130410,2014-10-27,3,5647,450000.0,low
10789,1727500390,2014-10-30,4,7000,450000.0,low
4920,6844702630,2014-11-08,3,6120,450000.0,low
21456,3362401761,2015-02-25,2,1049,450000.0,low
6164,3039000020,2014-09-16,3,8667,450000.0,low
1549,8816400885,2014-10-08,4,1480,450000.0,low
5800,2770604103,2014-07-31,3,762,450000.0,low
6158,1223039173,2015-04-29,4,11625,450000.0,low
1642,3787000140,2014-09-01,3,9969,450000.0,low
6193,1183000005,2015-04-08,3,4886,450000.0,low
8986,3179100482,2015-01-26,2,1377,450000.0,low
15346,3630000080,2014-06-06,3,1961,450000.0,low
7411,926069132,2014-05-20,3,44866,450000.0,low
21122,2708450020,2014-09-12,4,9608,450000.0,low
6199,7852180430,2015-04-09,4,3982,450000.0,low
6527,4365200630,2014-07-16,2,7740,450000.0,low
7386,3981200250,2014-09-26,3,14096,450000.0,low
8976,1126049095,2014-09-26,3,10208,450000.0,low
2886,1994200031,2014-06-20,3,3480,450000.0,low
4955,5035300255,2015-04-14,2,6574,450000.0,low
13430,5029000120,2015-04-07,3,8312,450000.0,low
4963,3578401330,2014-07-18,3,9154,450000.0,low
17267,3624039102,2014-10-25,3,6800,450000.0,low
10730,7390400069,2015-03-27,2,11205,450000.0,low
14938,7923700020,2014-11-21,4,7320,450000.0,low
6854,7979900006,2014-06-25,3,11740,450000.0,low
1647,9276200890,2015-04-29,2,2275,450000.0,low
8020,8150600195,2014-10-28,4,4840,450000.0,low
12654,8682292020,2014-09-15,2,4908,450000.0,low
9865,255000320,2014-07-24,3,12866,450000.0,low
7941,5101400838,2014-09-16,3,5488,450000.0,low
7978,4310700665,2015-03-05,4,4466,450000.0,low
17654,3893100319,2015-03-23,3,11700,450000.0,low
9848,5422560860,2015-04-10,2,6160,450000.0,low
6834,8563010420,2015-02-04,3,8968,450000.0,low
11618,3629960550,2014-08-07,3,1863,450000.0,low
13375,6400700220,2015-05-07,3,9028,450000.0,low
16756,2770601763,2015-03-23,3,1288,450000.0,low
20218,7604400114,2014-08-14,4,5515,450000.0,low
1366,9468200140,2014-08-19,2,2890,450000.0,low
1349,3731800055,2014-06-05,4,4676,450000.0,low
19058,1604600540,2015-05-04,3,5960,450000.0,low
2608,7132300550,2015-02-24,3,4000,450000.0,low
15385,1437900020,2015-02-25,3,7200,450000.0,low
1348,217500135,2015-04-21,4,9565,450000.0,low
12263,9413500350,2014-07-07,3,8394,450000.0,low
773,1623300160,2014-05-06,2,3000,450000.0,low
13465,1822069052,2014-07-09,5,209523,450000.0,low
9859,3558910570,2015-01-16,5,9460,450000.0,low
11473,4454800060,2014-06-26,2,3340,450000.0,low
21152,9268850290,2015-03-06,3,1057,450000.0,low
19781,2867300160,2014-09-04,5,9497,450000.0,low
376,9423400140,2014-06-09,3,13500,450000.0,low
4405,6046401105,2015-04-23,2,2550,450000.0,low
7219,5592050080,2015-04-29,4,4947,449999.0,low
18996,2320069111,2015-05-07,4,36900,449999.0,low
20669,8564860270,2014-07-08,4,5539,449990.0,low
16851,5490210670,2014-08-22,4,7312,449950.0,low
19807,993000136,2014-10-07,3,1270,449950.0,low
6450,3904901330,2014-08-20,3,5159,449950.0,low
13665,3579800180,2015-05-04,4,10150,449950.0,low
20079,7436700090,2014-05-29,4,4344,449950.0,low
5319,3735900545,2014-05-23,3,4080,449950.0,low
6701,5469503280,2014-07-21,4,10000,449950.0,low
19832,2970800105,2015-03-13,4,5244,449950.0,low
5877,9826701735,2014-11-12,3,3048,449950.0,low
7687,3905100210,2014-07-23,3,3840,449950.0,low
747,293720140,2014-06-05,3,4912,449950.0,low
2393,5104511840,2014-08-27,4,6977,449950.0,low
16848,2891400380,2015-04-14,3,96703,449950.0,low
16350,9268200050,2014-08-14,3,7590,449950.0,low
12782,2473370870,2015-04-16,4,8400,449950.0,low
14025,7852040210,2014-06-17,4,3811,449950.0,low
10161,6305900350,2015-04-22,4,10783,449950.0,low
10731,1077100070,2015-03-16,3,8266,449900.0,low
3771,3222049112,2015-05-07,3,8225,449900.0,low
7333,7967600285,2014-12-11,3,78408,449888.0,low
18137,7905390220,2014-06-23,3,7280,449500.0,low
10621,2817910030,2015-04-30,4,55931,449500.0,low
10432,3876312010,2014-06-03,5,7488,449500.0,low
3398,1022069058,2014-10-09,4,199940,449500.0,low
1891,2314300200,2014-10-21,4,7299,449500.0,low
9577,2742100085,2014-11-04,6,5275,449500.0,low
3106,2222900082,2014-05-13,3,6610,449500.0,low
21135,3629990020,2014-10-02,3,2556,449500.0,low
16762,6669080020,2014-12-26,4,5064,449400.0,low
13946,6145600865,2014-05-05,4,3844,449250.0,low
9297,424059100,2015-03-27,5,24750,449228.0,low
15885,5101400461,2015-04-17,4,5220,449000.0,low
18276,3342100995,2014-10-22,4,5400,449000.0,low
15126,4019300680,2014-12-31,3,9697,449000.0,low
16085,1433290010,2015-01-12,3,44634,449000.0,low
7592,9522600120,2014-10-22,4,8440,449000.0,low
3011,8122100690,2014-06-23,4,5040,449000.0,low
14603,2624049103,2015-03-25,2,4576,449000.0,low
15802,2044500213,2015-01-26,4,6000,449000.0,low
6231,5416500680,2014-06-30,4,6031,449000.0,low
9703,7655900187,2015-02-05,5,14040,449000.0,low
1248,8682281170,2014-11-13,2,6852,449000.0,low
7610,1250201194,2014-11-07,3,6600,449000.0,low
11039,1423069129,2015-03-20,4,54450,449000.0,low
21480,567000775,2014-09-12,2,1296,449000.0,low
10920,7202380340,2014-09-03,3,3827,449000.0,low
18117,1862400522,2014-08-22,3,1658,449000.0,low
8924,1321059052,2015-04-09,5,61855,449000.0,low
16809,6117500980,2014-08-18,4,14141,449000.0,low
11984,3579000370,2015-03-20,3,7943,448500.0,low
15675,826000480,2014-08-26,3,4800,448500.0,low
5538,8944550050,2015-05-08,3,3920,448500.0,low
9853,9187200228,2015-03-13,2,1339,448175.0,low
4437,3874900090,2015-03-26,2,7772,448000.0,low
10940,1176000390,2014-06-12,2,3780,448000.0,low
16673,5104531700,2014-06-20,4,6853,448000.0,low
21281,9297302031,2015-04-23,3,1345,448000.0,low
8576,7214820610,2014-10-07,4,8270,448000.0,low
1091,7202330370,2015-02-10,3,3056,448000.0,low
3125,5100401468,2014-07-15,2,5413,448000.0,low
11308,2407900550,2015-05-07,4,5000,448000.0,low
15149,9406510130,2015-05-05,5,24684,448000.0,low
13608,3226049401,2014-11-03,3,6504,447500.0,low
5835,5540800130,2015-03-18,2,5100,447500.0,low
17540,5292200010,2015-01-16,4,3332,447500.0,low
13822,1523089266,2014-07-22,3,15024,447500.0,low
6969,3037200010,2015-03-05,2,2090,447500.0,low
20851,8956200070,2014-09-05,4,9017,447500.0,low
9416,2426049168,2014-10-17,3,7200,447450.0,low
19979,1085623710,2014-07-14,4,4949,447055.0,low
17754,9512501400,2014-09-02,3,8800,447000.0,low
8128,2297400090,2015-03-23,3,6750,447000.0,low
13484,4040800120,2015-02-11,3,7200,447000.0,low
17616,4036800900,2014-09-24,3,7000,447000.0,low
10426,6746700565,2014-10-23,2,2700,447000.0,low
5137,5049800005,2014-06-27,2,8380,447000.0,low
11918,7787110370,2014-10-27,4,8027,447000.0,low
19290,3904901520,2014-10-30,3,4667,447000.0,low
19074,7202330330,2014-08-14,3,3076,447000.0,low
15985,5637500250,2015-02-10,2,6035,447000.0,low
11749,7715800390,2014-11-10,3,14080,447000.0,low
16201,2487200680,2015-02-24,2,7500,447000.0,low
15747,2896400170,2015-03-16,3,3074,447000.0,low
752,3959400710,2014-07-30,3,6001,447000.0,low
15021,2771602425,2014-07-21,2,1600,447000.0,low
21099,3022800010,2014-07-14,3,3043,447000.0,low
18061,3574800090,2014-12-02,5,7945,446950.0,low
13468,1624049170,2014-10-17,4,8712,446800.0,low
297,8079030390,2015-03-04,3,7286,446500.0,low
2327,4140090370,2015-02-18,4,7920,446500.0,low
1024,37000335,2014-08-14,3,7749,446450.0,low
9640,2623089002,2015-04-16,3,214315,446250.0,low
8374,1934800087,2014-06-26,2,1221,446000.0,low
2398,9477201620,2014-05-16,4,7800,446000.0,low
12860,3275730120,2014-08-18,4,8375,446000.0,low
11120,8567300270,2014-08-18,4,43692,446000.0,low
5011,6413600275,2014-07-24,4,5922,446000.0,low
16841,8663100050,2014-05-19,5,12687,446000.0,low
10343,1172000135,2014-07-31,4,6350,446000.0,low
3434,8568700015,2015-04-23,3,9998,446000.0,low
14746,6052400175,2014-06-23,2,21675,446000.0,low
1340,9477100060,2014-09-09,3,7800,445950.0,low
217,1909600046,2014-07-03,3,5692,445838.0,low
13106,3709500180,2014-05-27,3,5449,445830.0,low
6368,4017110020,2014-06-30,4,39446,445800.0,low
7604,2926049221,2014-10-14,3,6500,445800.0,low
16923,8673400086,2014-05-02,3,1180,445700.0,low
10765,6117500955,2015-02-04,4,10497,445500.0,low
13053,5101400871,2015-05-24,2,6670,445500.0,low
7335,3992700585,2014-11-20,3,9360,445500.0,low
14446,2917200365,2014-06-10,2,7137,445434.0,low
17524,3881900605,2015-03-15,2,4800,445000.0,low
11328,1232001480,2014-07-10,2,3840,445000.0,low
12513,9144100158,2014-12-29,3,8910,445000.0,low
17757,9558010090,2014-08-22,4,8111,445000.0,low
17027,2525059127,2014-11-18,4,21780,445000.0,low
16987,8161020050,2014-12-03,3,21883,445000.0,low
11209,259800060,2014-06-06,4,8395,445000.0,low
17433,2249800080,2014-05-23,3,8702,445000.0,low
11994,2594200350,2015-03-04,2,7200,445000.0,low
11997,3298200320,2014-06-24,4,7400,445000.0,low
17454,2540830020,2015-04-01,3,6449,445000.0,low
12560,7298030210,2014-12-23,3,16173,445000.0,low
6595,2607720420,2015-01-20,3,9608,445000.0,low
20590,179001455,2014-11-07,4,5000,445000.0,low
19502,8151600900,2014-11-12,5,11250,445000.0,low
1415,8151601090,2014-08-01,4,9099,445000.0,low
20018,476000110,2015-04-01,2,1137,445000.0,low
20000,2767601311,2014-10-24,3,1102,445000.0,low
8750,9527310110,2014-08-26,3,3703,445000.0,low
8717,2734100065,2014-06-12,5,6846,445000.0,low
3190,952003480,2014-11-17,4,4600,445000.0,low
19962,1773100315,2014-08-27,4,6000,445000.0,low
5360,8665050080,2014-10-10,3,4408,445000.0,low
8412,9455200790,2014-12-09,3,5100,445000.0,low
8669,8886000021,2014-06-16,3,32340,445000.0,low
20603,3333001997,2014-07-25,3,5101,445000.0,low
19507,3955900910,2015-04-10,4,8558,445000.0,low
13658,9136103027,2014-06-08,2,3225,445000.0,low
8543,259800410,2014-11-06,3,7200,445000.0,low
16562,3874400380,2015-03-16,3,22089,445000.0,low
5799,8563000130,2014-07-17,3,10844,445000.0,low
3318,3904901450,2014-11-20,3,4050,445000.0,low
13682,2781250150,2015-04-23,4,6383,445000.0,low
19394,8126300360,2014-07-30,3,11200,445000.0,low
16406,2592400250,2015-01-07,4,7200,445000.0,low
19412,8024202520,2014-05-09,2,6634,445000.0,low
3820,3942900115,2015-04-21,3,4998,445000.0,low
10557,2722059185,2014-09-10,4,81892,445000.0,low
21296,5592200010,2015-02-27,3,5269,445000.0,low
4072,2877102495,2015-04-29,3,3200,445000.0,low
7305,2297400250,2014-12-17,4,7200,445000.0,low
10165,9560800390,2014-05-16,3,7340,445000.0,low
16311,7787110680,2014-09-23,3,8010,445000.0,low
9124,5422570760,2014-10-14,3,7056,445000.0,low
4237,442000015,2014-06-12,3,5664,445000.0,low
3530,5393601050,2014-05-09,4,6000,445000.0,low
3453,3693900245,2014-07-07,2,2500,445000.0,low
21195,3629960170,2014-10-21,3,1960,445000.0,low
3421,638100015,2015-03-12,3,67953,445000.0,low
1280,3655400060,2014-08-08,3,4565,445000.0,low
18803,126049231,2014-05-16,3,24318,445000.0,low
3045,5101405265,2014-09-11,4,5257,445000.0,low
7133,3692900010,2014-10-28,2,3150,445000.0,low
9950,3438502200,2014-09-17,4,16934,445000.0,low
6190,5679501310,2014-10-30,3,4800,445000.0,low
18279,1563100557,2014-10-10,3,1266,445000.0,low
14342,1781500155,2014-05-29,4,4725,445000.0,low
2434,7215420160,2014-07-01,4,42077,445000.0,low
1742,4307350520,2015-02-25,5,7180,445000.0,low
6075,8651730290,2014-08-05,4,7200,445000.0,low
1735,2115200160,2014-06-05,4,3784,445000.0,low
126,4058801670,2014-07-17,3,8201,445000.0,low
20716,7853270830,2014-08-05,3,7934,445000.0,low
123,3524049083,2014-11-04,4,4400,445000.0,low
6439,3019300050,2014-07-31,3,4000,445000.0,low
16156,8682310470,2015-01-07,2,4660,445000.0,low
6423,1826049426,2015-01-05,4,12368,445000.0,low
18298,2783600210,2014-09-16,3,16863,445000.0,low
19778,1498300875,2014-08-14,3,930,445000.0,low
13629,2023049218,2015-03-16,2,7740,445000.0,low
16142,9477000190,2014-08-08,3,7200,445000.0,low
7167,2159900020,2014-11-26,2,2001,445000.0,low
1679,1702901557,2014-09-11,5,5500,445000.0,low
10186,7327500270,2014-09-25,3,13630,445000.0,low
2329,6893300295,2014-07-15,4,13211,445000.0,low
16491,217500005,2014-11-24,3,7800,444950.0,low
8104,3798000165,2015-02-18,3,6927,444950.0,low
4497,6806300750,2015-03-18,4,7448,444900.0,low
16569,7852130080,2014-09-25,3,4724,444500.0,low
7243,5104511630,2014-08-12,4,7198,444000.0,low
13452,3797000205,2014-09-24,3,2610,444000.0,low
12898,3345100184,2014-10-20,3,36000,443950.0,low
7916,4235400097,2014-12-02,3,968,443750.0,low
2373,4443800810,2014-08-19,3,3880,443725.0,low
8225,6021503451,2014-08-22,3,1056,443600.0,low
607,9498200046,2015-02-06,2,6804,443500.0,low
9209,7853301240,2014-07-17,3,5866,443500.0,low
7157,2754700170,2014-08-04,2,4140,443500.0,low
1588,3303100075,2014-10-14,3,7598,443500.0,low
11202,8161020060,2014-06-20,4,21781,443500.0,low
11392,2426049078,2014-07-16,4,12197,443000.0,low
19079,2832100215,2015-03-23,2,10170,443000.0,low
10674,3645100240,2014-09-22,3,4579,443000.0,low
10745,6450302545,2015-05-08,3,5460,443000.0,low
14532,6204200180,2014-07-09,3,8223,443000.0,low
18766,6189600040,2014-11-17,3,7950,443000.0,low
21500,3438503021,2014-11-05,3,7049,443000.0,low
19952,3278600900,2014-12-31,3,2778,443000.0,low
15767,3211260290,2015-03-09,4,35124,443000.0,low
1783,8598900125,2015-04-06,3,8028,443000.0,low
2861,5101404608,2014-12-01,2,5413,443000.0,low
10374,7128300060,2014-07-07,5,3000,443000.0,low
14551,6821101765,2014-06-21,4,2788,442900.0,low
12880,3574801510,2014-08-13,3,7567,442573.0,low
20331,1085623560,2015-02-02,4,4875,442515.0,low
15890,1525069088,2015-05-04,5,226097,442500.0,low
8207,3448001285,2014-08-18,4,5920,442500.0,low
8557,5253300437,2015-03-19,4,7092,442500.0,low
6656,3715500170,2014-06-23,3,10280,442500.0,low
3937,7507500015,2014-07-30,3,8303,442500.0,low
1718,226039282,2014-07-28,6,10490,442500.0,low
10811,1453602065,2015-02-05,3,8200,442500.0,low
10918,3296900160,2014-06-09,4,14024,442500.0,low
6482,5027800190,2015-03-24,4,8700,442500.0,low
10947,7202290240,2014-10-17,3,3129,442500.0,low
6539,9421500010,2015-02-05,4,7902,442500.0,low
11339,7715800310,2014-08-21,2,7280,442500.0,low
14107,2473002060,2014-05-19,3,10200,442500.0,low
12548,7302000210,2014-11-07,3,47419,442500.0,low
15259,7955050250,2014-11-25,4,7575,442500.0,low
11188,5126300960,2015-01-27,3,8169,442250.0,low
18342,1508210100,2014-08-27,4,8132,442200.0,low
1508,7312000240,2014-06-23,4,7253,442000.0,low
3408,7504400850,2014-05-21,4,12007,442000.0,low
3205,9278200131,2014-08-04,4,6110,442000.0,low
12628,8917100206,2014-07-18,4,12688,442000.0,low
3866,293000165,2014-08-19,3,6384,442000.0,low
10172,7312400030,2015-01-30,2,5000,442000.0,low
16724,1036100130,2014-08-08,3,39932,442000.0,low
16665,6813600440,2014-10-22,2,5535,442000.0,low
15096,952000725,2014-10-21,2,4313,442000.0,low
572,1714900060,2015-04-24,5,5445,442000.0,low
507,9238901420,2015-02-02,3,5100,442000.0,low
19731,2867300030,2014-08-01,4,8485,442000.0,low
21277,3362401763,2014-05-08,2,1060,441750.0,low
7946,2436700315,2014-10-14,2,4000,441500.0,low
1270,8079030350,2014-09-10,3,9592,441500.0,low
2862,9477100490,2015-04-24,3,7700,441500.0,low
4669,7852000110,2014-09-03,3,4670,441500.0,low
5985,1310440470,2015-01-13,3,7923,441000.0,low
3004,9187200245,2014-12-31,4,3300,441000.0,low
163,3574800520,2014-06-20,3,7280,441000.0,low
20737,4046500160,2014-07-29,3,15000,441000.0,low
7488,825049073,2014-06-30,2,3400,441000.0,low
14220,1250201165,2014-11-21,5,3600,441000.0,low
20536,3319500334,2015-03-27,2,1289,441000.0,low
8167,1826049442,2015-03-10,3,11036,441000.0,low
19009,1604600227,2015-03-28,2,3000,441000.0,low
4112,1387300940,2015-04-29,3,7200,441000.0,low
11420,7202290320,2014-10-24,3,3172,440500.0,low
16646,7853302140,2014-05-24,3,4399,440500.0,low
13504,3374900035,2015-02-23,3,8124,440250.0,low
7754,6141100038,2014-06-02,2,6800,440150.0,low
17393,1823099028,2014-07-22,3,32379,440000.0,low
4722,2391602250,2014-06-26,4,5750,440000.0,low
18306,2472920740,2014-11-14,4,7386,440000.0,low
5927,9238500190,2014-12-02,4,28600,440000.0,low
5941,5100403952,2015-02-25,2,4128,440000.0,low
11577,5056500260,2014-05-02,4,8119,440000.0,low
12496,1982201345,2014-05-02,2,4850,440000.0,low
17481,4140900050,2015-01-26,4,10200,440000.0,low
3784,9521100855,2014-06-10,3,1286,440000.0,low
20709,423059409,2014-09-28,4,5650,440000.0,low
12048,3580900200,2014-06-17,4,8400,440000.0,low
17637,3370000150,2014-08-04,4,28254,440000.0,low
20719,3395070560,2015-01-20,5,3642,440000.0,low
16940,9523102040,2014-09-22,3,5300,440000.0,low
16600,930000425,2015-03-01,3,5120,440000.0,low
7956,1402620120,2015-05-12,4,7517,440000.0,low
6105,1775500050,2015-01-29,1,64469,440000.0,low
16347,8121100255,2014-05-07,3,6180,440000.0,low
9827,5013500400,2015-03-26,4,6678,440000.0,low
19657,1441000350,2014-09-15,4,4869,440000.0,low
18854,9414500230,2014-10-22,3,10835,440000.0,low
8276,4315700175,2014-06-12,3,5750,440000.0,low
11882,4335000030,2014-06-25,3,17100,440000.0,low
9335,2826049023,2014-07-29,3,7989,440000.0,low
9961,7852030310,2014-06-18,4,4780,440000.0,low
6348,5422560470,2014-12-03,3,6408,440000.0,low
12316,6649500060,2014-07-29,4,8256,440000.0,low
9317,6415100410,2014-06-09,3,8153,440000.0,low
11626,6817801040,2014-08-21,2,12086,440000.0,low
2160,9521100106,2014-08-26,4,4000,440000.0,low
2042,2767600171,2014-05-19,2,1968,440000.0,low
12063,1139000135,2014-10-09,4,7560,440000.0,low
8109,2124049160,2015-04-16,6,5310,440000.0,low
8449,5072300210,2014-06-24,3,9900,440000.0,low
18658,518000040,2015-01-02,4,10200,440000.0,low
8893,2600010360,2015-03-09,3,10950,440000.0,low
11437,7201900370,2015-05-05,3,8412,440000.0,low
14948,9557300190,2014-07-11,3,7225,440000.0,low
13335,6187700175,2014-12-23,3,8529,440000.0,low
16991,826069180,2014-10-21,4,56192,440000.0,low
17298,8079010190,2014-06-26,4,7526,440000.0,low
9537,192600100,2014-06-26,4,7826,440000.0,low
14492,1231001115,2014-10-01,2,3400,440000.0,low
16568,9412200080,2014-05-23,4,10400,440000.0,low
4847,9297301495,2015-02-03,3,3738,440000.0,low
4936,3277801640,2014-12-02,4,3245,440000.0,low
8040,5662100110,2015-02-18,3,6807,440000.0,low
5041,2767701416,2015-01-16,3,1032,440000.0,low
3661,4392200165,2014-09-04,1,6567,440000.0,low
20175,3448740250,2015-04-28,4,4526,440000.0,low
19483,9282801030,2014-09-25,5,6000,440000.0,low
5261,1441800250,2015-01-26,4,15750,440000.0,low
3884,7740100015,2015-02-06,3,16851,440000.0,low
3183,1931301105,2014-07-17,3,2401,440000.0,low
19929,8024200685,2014-05-20,3,1443,440000.0,low
5385,6817800840,2015-03-25,2,15873,440000.0,low
19376,8079010220,2014-11-17,4,7203,440000.0,low
8656,2902200838,2014-10-27,2,1088,440000.0,low
9021,7010700110,2014-09-16,3,1800,440000.0,low
9408,7857003851,2015-04-20,4,5004,440000.0,low
16459,6414100231,2014-10-15,4,7986,440000.0,low
5836,7955060010,2014-06-13,4,7575,440000.0,low
9719,193600200,2014-06-19,3,8740,440000.0,low
12540,200800330,2014-07-11,3,6829,440000.0,low
16890,3959401284,2014-06-26,3,6290,440000.0,low
7791,1702901485,2014-06-03,2,6600,440000.0,low
10549,9477201370,2015-02-26,3,8025,440000.0,low
10641,5652600069,2014-09-17,3,6010,440000.0,low
10640,3574800860,2014-10-07,3,7641,440000.0,low
21266,1402970020,2014-12-17,4,5085,440000.0,low
21259,2140950130,2014-09-11,4,7928,440000.0,low
13711,4039500610,2014-08-20,3,8400,440000.0,low
10576,7436900060,2015-04-24,3,8925,440000.0,low
19246,7016100120,2014-06-12,3,7392,440000.0,low
10556,924069190,2014-08-19,3,11880,440000.0,low
13723,238000201,2014-07-23,3,9697,440000.0,low
10297,579000550,2014-11-07,2,6760,440000.0,low
12952,622100092,2014-07-16,3,19747,440000.0,low
7281,123059071,2014-07-08,3,217800,440000.0,low
15714,9560800290,2014-08-14,3,11231,440000.0,low
1467,7935000125,2014-06-05,3,7500,440000.0,low
7274,9828700005,2015-05-12,3,4000,440000.0,low
7774,4397010300,2014-11-13,4,10646,440000.0,low
1578,1529300435,2014-11-20,3,5500,440000.0,low
1637,6838000520,2015-02-20,2,4903,440000.0,low
968,3578110200,2014-06-23,3,7207,440000.0,low
21315,6056100293,2014-11-10,3,4929,440000.0,low
15811,7129304540,2015-05-14,5,5600,440000.0,low
7427,2223069120,2014-08-20,4,49149,440000.0,low
17881,9329300040,2014-09-10,3,7820,440000.0,low
17860,3579800405,2014-08-25,4,10880,440000.0,low
7556,7852180530,2015-04-03,3,4997,440000.0,low
17890,9289900065,2014-09-11,3,29735,440000.0,low
10960,2223089053,2014-06-03,3,57063,440000.0,low
198,2824079053,2015-01-13,3,66211,440000.0,low
21516,2768100206,2014-10-01,3,1097,440000.0,low
13649,6141100330,2014-06-12,3,6556,440000.0,low
10892,9828200746,2015-05-04,2,1024,440000.0,low
10890,7202330160,2014-11-19,3,5434,440000.0,low
10879,7787100390,2015-04-20,3,7605,440000.0,low
21440,8024200683,2014-07-09,3,1413,440000.0,low
706,9477200560,2015-04-13,3,7245,440000.0,low
15837,2472920680,2015-01-12,4,8061,440000.0,low
10754,4400900030,2014-06-02,4,11034,440000.0,low
17972,1310440590,2015-04-13,3,6302,440000.0,low
17985,2141500040,2014-09-12,4,8038,440000.0,low
1696,9485950060,2014-12-08,5,36036,440000.0,low
11976,7853230570,2014-09-15,3,5800,440000.0,low
10234,8819900270,2014-05-20,2,4000,440000.0,low
1165,3705900238,2014-08-28,3,8400,439995.0,low
21083,1442880380,2014-07-30,3,5171,439990.0,low
5262,8929000050,2014-09-04,4,1994,439990.0,low
20120,2770601696,2014-07-03,3,1348,439990.0,low
12010,2880100240,2014-08-25,2,3000,439950.0,low
19787,8682320160,2015-02-20,2,4666,439950.0,low
5409,7229800066,2014-08-19,4,15075,439950.0,low
2572,1626079012,2015-02-25,3,223377,439950.0,low
5015,5469500020,2015-05-05,3,15000,439950.0,low
10415,2768301182,2014-12-04,3,1613,439950.0,low
18642,2644900109,2015-04-27,5,7500,439950.0,low
15556,2391600950,2014-05-02,3,2875,439950.0,low
1908,5637200200,2014-05-23,4,12067,439950.0,low
16203,6647400250,2014-07-23,3,7773,439950.0,low
17535,5469502660,2014-09-29,4,14600,439950.0,low
2058,6893300350,2014-06-02,2,12282,439900.0,low
5615,4307330050,2014-07-21,5,7950,439900.0,low
7876,8682281220,2014-10-14,2,6515,439888.0,low
15250,2207200635,2014-06-02,3,6900,439800.0,low
5486,2323069073,2014-06-22,3,40003,439500.0,low
1854,8665900295,2015-04-23,3,6510,439500.0,low
6349,446000020,2014-09-13,4,5500,439500.0,low
19993,6371000148,2014-11-25,2,1340,439108.0,low
7887,9268200348,2014-10-28,5,5009,439000.0,low
15026,1323089056,2014-11-10,2,113862,439000.0,low
13637,5249803010,2015-01-21,4,5465,439000.0,low
19462,1626079154,2014-05-20,3,251341,439000.0,low
16222,2045800006,2014-09-04,3,4551,439000.0,low
1405,5255690160,2014-10-09,4,8300,439000.0,low
1391,2710600070,2015-02-04,2,5671,439000.0,low
13955,8832900155,2015-04-14,4,17279,439000.0,low
9063,4204400175,2015-02-17,5,10000,439000.0,low
6521,7883605985,2015-03-30,3,6000,439000.0,low
4052,3876200100,2014-07-10,4,7500,439000.0,low
10651,7579200765,2014-10-06,2,944,439000.0,low
6872,7558300170,2014-12-12,3,13477,439000.0,low
20364,6056111350,2015-05-12,3,2343,439000.0,low
16601,3291800670,2014-06-30,3,7904,439000.0,low
1812,6804600550,2014-07-08,4,9503,439000.0,low
9306,9477201530,2015-04-23,3,7565,439000.0,low
1969,2856100125,2014-10-01,2,5100,439000.0,low
3253,9828702095,2014-09-25,1,2400,439000.0,low
19854,3022800260,2014-10-07,3,2801,439000.0,low
13520,6116500366,2015-04-01,3,19007,439000.0,low
10049,1473120390,2014-12-24,4,9551,439000.0,low
3052,259801110,2014-08-28,3,7030,439000.0,low
583,3876300310,2014-10-22,4,10070,439000.0,low
12191,1220069035,2014-11-20,4,385506,438950.0,low
477,6844700810,2014-09-01,3,4590,438924.0,low
6078,2781100080,2014-12-10,4,5700,438900.0,low
13100,9558040230,2015-04-06,4,4432,438800.0,low
11726,2826049117,2014-05-28,3,6480,438750.0,low
11376,5694501195,2015-05-11,1,2500,438600.0,low
16573,1657300280,2014-12-29,3,10689,438500.0,low
5232,7319900345,2014-08-25,3,3072,438500.0,low
2460,7640400106,2014-09-11,2,8100,438400.0,low
16424,3426049153,2014-11-10,2,5643,438200.0,low
161,3756500060,2015-03-09,3,9660,438000.0,low
17358,7202330170,2014-07-17,3,3031,438000.0,low
28,5101402488,2014-06-24,3,6380,438000.0,low
21401,2771602427,2014-05-08,2,1179,438000.0,low
14691,1025059186,2014-09-17,3,9885,438000.0,low
12165,3034200036,2015-04-24,2,9255,438000.0,low
438,9528102772,2014-07-08,2,1372,438000.0,low
5874,9141100255,2015-04-29,2,29347,438000.0,low
14440,5100403321,2015-03-18,2,6380,438000.0,low
8776,6028000090,2015-01-26,3,14279,438000.0,low
14624,2881700522,2015-04-21,3,9150,438000.0,low
4174,2461900945,2015-04-21,5,6250,438000.0,low
852,5637500070,2014-07-31,3,1304,438000.0,low
7230,2592400470,2014-12-05,5,6840,438000.0,low
2953,5214500690,2014-09-04,4,8545,438000.0,low
2723,272000125,2014-08-29,3,4000,438000.0,low
1237,4140900140,2014-05-27,3,12940,438000.0,low
8579,6072760210,2014-10-02,4,14255,437850.0,low
20217,3862710050,2014-11-13,3,3265,437718.0,low
8751,2767604712,2014-09-19,3,1125,437500.0,low
499,7852030960,2014-11-06,3,4500,437500.0,low
3340,6403510090,2014-11-11,4,7513,437500.0,low
16061,5288200225,2014-11-25,3,2875,437500.0,low
99,7338200240,2014-05-16,3,36847,437500.0,low
14914,2622029073,2014-09-05,3,205603,437500.0,low
16768,5561000190,2014-05-02,3,35100,437500.0,low
9959,3501600135,2014-07-07,3,4800,437500.0,low
16904,1725059259,2014-11-25,3,16393,437500.0,low
20124,2767604074,2014-08-22,2,1232,437500.0,low
4807,2558660290,2015-02-18,3,7700,437500.0,low
353,3363900111,2014-12-03,2,3120,437500.0,low
16146,3298400470,2015-02-04,3,8925,437400.0,low
17963,1774000330,2014-07-07,3,17568,437000.0,low
12172,520700125,2014-08-05,3,8775,437000.0,low
6384,8682260470,2014-06-19,2,4225,437000.0,low
11985,2623029078,2014-06-03,5,137565,437000.0,low
2324,2203500570,2015-02-17,4,10642,437000.0,low
15746,1474000050,2014-05-08,3,9282,437000.0,low
20382,6824100014,2015-04-29,3,1180,437000.0,low
2069,461003251,2014-08-01,3,1221,437000.0,low
19872,2487700274,2015-03-09,2,1452,437000.0,low
8233,1494300040,2014-06-24,4,8505,437000.0,low
403,1151100070,2015-02-24,3,22357,437000.0,low
4368,6825100015,2014-06-04,2,6800,437000.0,low
20402,1023059246,2014-05-14,3,5200,437000.0,low
2377,7857003505,2014-09-09,5,8316,437000.0,low
21427,1085623630,2014-10-03,4,4772,436952.0,low
14363,8126300610,2015-04-01,3,12714,436800.0,low
3626,3693900985,2014-05-29,2,5000,436500.0,low
11016,8854000370,2014-06-20,5,12429,436500.0,low
7171,2591850080,2014-06-30,4,11173,436500.0,low
20288,6306800010,2014-08-11,4,8392,436472.0,low
3686,3343903647,2014-10-28,3,9420,436300.0,low
19830,9267200226,2014-05-02,3,1235,436110.0,low
10801,993002127,2015-02-23,3,1384,436000.0,low
271,6378500125,2015-05-01,2,7538,436000.0,low
20110,475000176,2014-12-22,3,1193,436000.0,low
9092,9324800455,2014-10-23,2,8100,436000.0,low
5152,3840700653,2014-12-12,4,9600,436000.0,low
15987,5104200470,2015-03-25,5,9856,436000.0,low
17618,3876313170,2014-12-09,3,8000,436000.0,low
17406,9269260420,2014-11-10,4,3899,436000.0,low
12945,1226039054,2015-03-16,3,10200,436000.0,low
20914,2767704777,2014-09-19,3,1238,436000.0,low
13574,4319200450,2015-01-20,4,6600,436000.0,low
11273,9828202325,2014-06-19,2,6600,436000.0,low
4962,3578110020,2014-10-01,3,6680,436000.0,low
15370,7905380280,2014-08-22,4,15044,436000.0,low
15583,808300470,2014-12-02,4,5751,436000.0,low
3546,7300700056,2014-10-29,3,6710,436000.0,low
604,3904901710,2015-02-24,3,4789,435500.0,low
19157,3213200245,2015-01-15,1,4512,435500.0,low
13331,2113700790,2015-03-12,3,4000,435010.0,low
8111,1422300100,2014-09-29,3,46638,435000.0,low
10020,5706201360,2015-02-19,5,12551,435000.0,low
8371,2044500201,2014-06-09,3,7200,435000.0,low
19283,4449800063,2015-04-03,2,2786,435000.0,low
13045,3034200142,2014-09-23,3,6988,435000.0,low
7912,2896400300,2015-03-19,4,2684,435000.0,low
17173,3336000050,2015-05-01,6,4290,435000.0,low
5074,2591820080,2014-11-03,4,10375,435000.0,low
13828,1473120230,2014-12-23,4,7590,435000.0,low
2897,6300000378,2015-03-03,4,4033,435000.0,low
749,1138020200,2014-09-03,4,6460,435000.0,low
13037,3111300040,2014-08-01,3,8491,435000.0,low
7513,3298300210,2015-02-19,3,7590,435000.0,low
1235,6117501820,2015-04-28,2,11234,435000.0,low
565,7203102050,2014-07-28,3,5680,435000.0,low
10077,1972202010,2014-08-01,3,1350,435000.0,low
19864,1776230060,2014-07-08,4,3143,435000.0,low
17278,2769602135,2014-08-13,3,2500,435000.0,low
7805,8665050450,2014-09-12,3,4065,435000.0,low
5529,3626039415,2014-06-11,3,2581,435000.0,low
11098,3816300105,2015-01-12,4,10125,435000.0,low
5618,5255710010,2014-12-15,3,13700,435000.0,low
12624,3629970610,2014-07-18,3,2375,435000.0,low
21438,2461900448,2014-06-16,3,2674,435000.0,low
10889,1072010510,2015-02-10,4,14073,435000.0,low
8580,9485950040,2014-06-06,4,50994,435000.0,low
11216,5592900105,2015-02-13,4,7200,435000.0,low
8609,8024202350,2014-07-21,2,5106,435000.0,low
6003,8663370020,2014-08-06,3,6911,435000.0,low
19918,7852130800,2014-05-13,4,6355,435000.0,low
10838,1232001040,2014-10-16,3,4219,435000.0,low
5821,1934800086,2014-11-20,2,1222,435000.0,low
5841,1523069215,2014-06-03,3,132858,435000.0,low
15880,7170200080,2014-06-17,2,3800,435000.0,low
15875,9528104360,2014-09-12,2,1245,435000.0,low
2972,1036100100,2014-07-02,3,7984,435000.0,low
9655,8035350090,2014-06-16,3,9521,435000.0,low
671,5101405124,2014-09-12,4,6380,435000.0,low
8056,322069010,2015-05-08,3,233481,435000.0,low
379,7132300695,2015-04-21,3,3348,435000.0,low
8372,6450303950,2014-05-05,5,9240,435000.0,low
15823,5088500170,2014-10-27,3,16102,435000.0,low
14796,1937300180,2014-06-06,3,5000,435000.0,low
6168,3570300080,2014-10-28,3,3015,435000.0,low
17357,4154304505,2014-09-19,2,7200,435000.0,low
13169,9297300395,2014-05-27,3,4000,435000.0,low
10636,1313300400,2014-07-01,3,13446,435000.0,low
16541,1442300005,2015-02-18,3,6880,435000.0,low
12855,2525000760,2014-11-05,3,12744,435000.0,low
19242,9297300590,2014-11-03,4,4400,435000.0,low
6876,9214400396,2015-02-27,2,5643,435000.0,low
10649,2206700070,2014-10-13,3,9656,435000.0,low
1339,5104450070,2015-03-09,4,7506,435000.0,low
9794,3760500240,2015-05-12,2,16321,435000.0,low
21298,3448740190,2014-07-09,4,5200,435000.0,low
4074,1049010300,2015-04-27,4,4745,435000.0,low
15778,1839920050,2015-04-14,3,10713,435000.0,low
17103,2112700185,2015-03-25,3,6000,435000.0,low
18067,7658600150,2014-06-30,4,3840,435000.0,low
9582,2767704055,2014-06-09,2,5000,435000.0,low
9503,2126049154,2014-12-17,4,8148,435000.0,low
10491,3735901600,2014-06-06,2,4080,435000.0,low
15588,8122100235,2015-04-13,2,6250,435000.0,low
20842,2770601769,2014-06-17,3,1238,435000.0,low
2409,1088000030,2014-12-03,4,8548,435000.0,low
6375,1770000130,2014-11-26,3,16748,435000.0,low
3632,2489200165,2014-08-07,3,5500,435000.0,low
15191,3971700635,2015-05-06,4,7245,435000.0,low
18903,1972201161,2015-03-23,1,1800,435000.0,low
1162,5415300060,2014-08-13,6,8620,435000.0,low
3665,2201500490,2015-04-06,3,10080,435000.0,low
7323,2202500290,2014-05-02,4,8800,435000.0,low
16861,5592900285,2014-11-04,4,9663,435000.0,low
1095,7202290160,2015-01-14,3,3987,435000.0,low
6919,6392001950,2014-09-08,3,3000,435000.0,low
7660,6675500035,2014-06-13,3,8173,435000.0,low
18147,3831250150,2015-03-26,3,6197,435000.0,low
7873,106000015,2014-06-19,3,8065,435000.0,low
4153,808300090,2015-01-16,4,9065,435000.0,low
17100,9297300500,2014-10-23,2,4000,435000.0,low
8023,2138000120,2014-06-26,4,8751,435000.0,low
18580,2619950740,2015-01-09,3,5100,435000.0,low
21338,525049174,2015-04-02,3,1231,435000.0,low
11900,2061800045,2015-01-22,6,11970,435000.0,low
4602,7853230590,2014-10-29,4,6578,435000.0,low
13381,3488300085,2014-09-19,2,5600,435000.0,low
11756,3448700070,2014-07-23,4,5350,435000.0,low
14511,8122101115,2015-04-21,4,6500,435000.0,low
14277,5651010150,2015-05-10,3,5790,435000.0,low
12003,7853230270,2014-08-04,3,6082,435000.0,low
909,7625701891,2014-08-06,3,4800,435000.0,low
9829,425079046,2014-07-29,3,147823,435000.0,low
19857,662440030,2015-03-26,4,4699,435000.0,low
9031,7579200767,2014-11-05,2,1170,435000.0,low
4662,3876312490,2015-04-14,4,8400,435000.0,low
4362,1221079058,2014-08-27,2,88327,435000.0,low
6933,7937600380,2015-02-17,4,50112,435000.0,low
9551,2832100910,2014-07-08,4,9640,435000.0,low
6277,7504001440,2014-09-15,2,12142,435000.0,low
14506,826059152,2014-11-17,5,65340,435000.0,low
6209,1558500050,2014-11-13,3,7074,435000.0,low
4258,1524079156,2014-06-10,5,15247,435000.0,low
950,3812400070,2015-05-06,5,6750,435000.0,low
1727,5088500310,2015-03-12,3,16677,435000.0,low
13310,3131201563,2014-06-25,2,3036,435000.0,low
5895,3790600080,2015-04-08,3,9960,434975.0,low
13490,6817800220,2014-08-29,3,11067,434900.0,low
20057,126039256,2014-09-04,3,5040,434900.0,low
1561,9477000060,2015-03-31,3,7965,434500.0,low
8706,3876312370,2014-09-15,3,7210,434500.0,low
16131,3876300080,2014-12-24,5,7875,434400.0,low
11653,3818700016,2014-10-07,3,8301,434000.0,low
3517,1737300110,2014-08-26,4,8171,434000.0,low
19163,3764390100,2014-07-22,3,3200,434000.0,low
5555,3574801310,2014-12-16,3,9353,434000.0,low
12471,8944550140,2014-05-19,3,3360,433500.0,low
1384,6392003490,2014-07-23,3,6000,433500.0,low
3940,263000291,2014-09-04,3,9450,433500.0,low
10726,1657300270,2015-03-12,4,10925,433495.0,low
12821,723099044,2014-08-07,3,16200,433200.0,low
21180,3862700020,2015-04-23,3,2787,433190.0,low
16682,3332000715,2014-07-01,4,5053,433000.0,low
8252,7972600910,2015-05-07,4,4760,433000.0,low
21476,4092302096,2015-03-25,3,1062,433000.0,low
8771,4246000180,2014-05-23,4,9600,433000.0,low
14159,1105000571,2014-06-10,3,7189,433000.0,low
10399,4415600030,2015-03-16,3,7200,433000.0,low
10570,8029550160,2014-05-16,4,7568,433000.0,low
5417,4140090420,2015-03-18,3,8565,433000.0,low
6997,4027700797,2014-08-07,3,7200,433000.0,low
10751,2568800160,2014-10-15,4,7000,433000.0,low
1514,7787110060,2014-10-13,3,9226,432900.0,low
20464,9578501030,2014-07-29,4,5033,432500.0,low
9289,6046401030,2014-05-28,3,5100,432500.0,low
10233,6139800390,2014-10-06,3,10800,432500.0,low
14987,9187200095,2014-12-02,6,5500,432500.0,low
12022,7852130640,2014-06-02,3,6396,432500.0,low
12272,3644100030,2015-02-09,4,1856,432500.0,low
5524,2231000020,2014-08-12,3,7120,432500.0,low
2480,2634500070,2015-01-16,3,8145,432500.0,low
4319,565300110,2014-12-16,3,6435,432500.0,low
19901,9306500200,2015-04-01,3,6000,432500.0,low
13526,1787600209,2014-09-09,3,8867,432500.0,low
10814,8562600260,2014-11-20,3,7350,432500.0,low
3591,3904901570,2015-03-20,3,6232,432250.0,low
7968,7525100530,2015-04-11,3,2240,432100.0,low
18502,9527000490,2014-07-30,3,7350,432100.0,low
3971,6744700423,2014-06-06,3,6250,432000.0,low
13454,6791100410,2014-09-19,3,15000,432000.0,low
7983,2473372170,2014-08-06,4,13059,432000.0,low
11892,9269200340,2015-04-23,4,5160,432000.0,low
12808,7852150220,2014-06-03,3,4036,432000.0,low
1924,1726069179,2014-12-23,3,51763,432000.0,low
12273,3220079017,2015-02-13,5,329903,432000.0,low
11860,1839920160,2014-07-14,3,7080,432000.0,low
9678,7821200375,2015-01-26,2,3235,432000.0,low
6747,3981200660,2014-07-15,3,13673,432000.0,low
18781,8807810110,2014-05-22,3,14925,432000.0,low
1320,1775800510,2015-03-24,4,12528,432000.0,low
5146,2780700050,2014-11-06,3,9812,432000.0,low
6575,4318200440,2014-05-22,3,1578,432000.0,low
3863,5101406489,2015-05-01,3,6380,432000.0,low
12526,4038500330,2015-04-07,3,8134,432000.0,low
8565,6204410330,2014-10-20,4,8400,432000.0,low
8289,2026049097,2014-11-25,2,10052,431750.0,low
895,643500030,2014-11-14,5,7700,431650.0,low
3922,8682280490,2014-08-01,2,4866,431500.0,low
15909,5637500094,2014-05-22,3,1612,431500.0,low
19475,3755100540,2014-07-25,5,10609,431200.0,low
9005,5160700035,2015-04-22,2,4000,431000.0,low
11234,8651720060,2015-02-02,3,8831,431000.0,low
17502,3521069150,2014-10-17,3,71002,431000.0,low
15190,7744500020,2014-08-26,2,12530,431000.0,low
21096,2781230080,2015-04-08,4,6000,431000.0,low
17084,8576400050,2014-05-09,4,10500,431000.0,low
15923,8029550020,2014-07-01,4,6087,431000.0,low
9845,5469501200,2014-08-20,3,14950,431000.0,low
3159,6116500028,2015-05-03,3,9000,431000.0,low
15518,1250200595,2014-07-24,4,3600,431000.0,low
12582,7625703405,2014-09-10,2,6500,431000.0,low
7479,5634500415,2014-07-15,3,12677,431000.0,low
13679,3204800040,2014-11-03,3,12865,431000.0,low
16475,4427100130,2015-03-04,3,6240,431000.0,low
824,726049190,2015-02-18,3,7200,431000.0,low
14870,7525211520,2015-03-18,3,2752,431000.0,low
20199,7237450190,2014-08-06,5,4685,430760.0,low
19972,9578500690,2015-03-27,4,5166,430236.0,low
20668,9834201370,2015-04-17,3,1078,430100.0,low
6990,6791100280,2014-10-10,3,15225,430000.0,low
7781,8029900110,2014-11-14,4,9460,430000.0,low
19066,2201501015,2014-05-02,4,10000,430000.0,low
19140,3816700150,2014-11-14,3,12480,430000.0,low
14518,7925100271,2014-05-20,3,4500,430000.0,low
19175,6381501965,2014-06-12,4,6000,430000.0,low
14459,3797000035,2014-05-21,3,3000,430000.0,low
6741,8132700190,2014-06-02,2,4802,430000.0,low
14391,65000085,2014-07-08,3,6039,430000.0,low
16652,9804500420,2015-04-24,4,50123,430000.0,low
7159,7201600190,2015-02-20,4,7650,430000.0,low
6693,4046501300,2014-09-16,3,12860,430000.0,low
7041,9414610010,2014-06-17,3,9000,430000.0,low
7607,3869900120,2015-02-26,3,1310,430000.0,low
18900,6386200100,2014-07-18,3,7508,430000.0,low
9685,4307351180,2014-09-15,5,8432,430000.0,low
13845,1704900180,2014-10-30,3,5225,430000.0,low
18239,7625701386,2014-05-16,3,4333,430000.0,low
2347,476000335,2014-12-17,2,1194,430000.0,low
20783,2619950070,2014-08-26,4,7200,430000.0,low
2796,1454100267,2015-04-17,2,9207,430000.0,low
2905,2202500110,2014-08-05,3,9708,430000.0,low
18312,324059076,2015-03-11,4,6534,430000.0,low
2976,9136103130,2014-12-01,2,4013,430000.0,low
3008,9297800165,2014-12-11,4,4840,430000.0,low
3043,7595700025,2014-07-25,2,4920,430000.0,low
9379,1624079057,2014-07-17,4,37075,430000.0,low
16997,3342101795,2014-11-11,4,5400,430000.0,low
9646,2028701165,2014-06-27,2,2570,430000.0,low
6346,9828200460,2015-01-06,2,4800,430000.0,low
3306,6893300110,2014-11-13,3,7770,430000.0,low
20538,2722069077,2015-04-09,3,39553,430000.0,low
3383,8807900236,2014-12-19,1,1362,430000.0,low
3536,321079066,2015-04-23,3,349351,430000.0,low
9413,3034200410,2015-03-30,3,12521,430000.0,low
3682,7228500375,2015-02-10,4,4740,430000.0,low
10062,3303860160,2015-02-24,3,12806,430000.0,low
1994,993002325,2014-06-23,2,4625,430000.0,low
1986,8822901200,2014-07-23,6,8800,430000.0,low
15590,5361700020,2015-03-17,3,7316,430000.0,low
59,8079040320,2015-02-23,4,9976,430000.0,low
93,6021501535,2014-07-25,3,5000,430000.0,low
129,7853210060,2015-04-06,4,4310,430000.0,low
17859,4058800215,2014-05-28,3,7140,430000.0,low
147,3224079105,2014-08-06,2,60984,430000.0,low
17898,2917200475,2015-03-23,2,7114,430000.0,low
13138,7229900145,2014-12-16,4,16020,430000.0,low
10897,1139000400,2014-08-26,3,5034,430000.0,low
644,7852180340,2014-09-30,3,6699,430000.0,low
17975,2125410210,2014-12-06,3,6527,430000.0,low
17981,952000925,2014-09-22,3,4025,430000.0,low
836,8682262400,2014-07-18,2,4003,430000.0,low
21339,5393600562,2014-05-22,2,1588,430000.0,low
10586,3578400270,2014-06-23,3,12731,430000.0,low
1094,9477201040,2014-11-18,3,7300,430000.0,low
1333,7841300505,2014-10-27,4,4800,430000.0,low
12931,7504200120,2014-06-13,3,5040,430000.0,low
13259,993002247,2014-07-16,3,1469,430000.0,low
12859,8946410040,2014-09-23,4,5249,430000.0,low
3774,9259900025,2014-07-14,3,7320,430000.0,low
20594,7410200431,2014-08-06,3,1444,430000.0,low
3809,9284802215,2014-12-05,5,5750,430000.0,low
6305,1423069102,2015-03-31,3,35438,430000.0,low
14900,1770000460,2014-12-03,3,19965,430000.0,low
18709,7568700740,2014-05-21,3,11160,430000.0,low
5064,1934800078,2014-09-30,2,1516,430000.0,low
19129,5014000120,2014-06-17,3,7200,430000.0,low
8639,259000100,2014-10-07,3,7900,430000.0,low
5005,1561930020,2014-05-22,4,8936,430000.0,low
19910,7853360990,2015-01-02,3,4949,430000.0,low
4834,3226049478,2014-07-25,4,9000,430000.0,low
19875,6056100370,2014-11-24,3,2750,430000.0,low
18641,2473370750,2015-02-24,3,10428,430000.0,low
5672,3914000095,2014-07-18,5,42733,430000.0,low
12034,792500260,2014-07-15,2,213008,430000.0,low
16681,1155620190,2014-06-03,4,7203,430000.0,low
4704,4037200735,2015-04-14,4,9120,430000.0,low
5305,1155640050,2014-08-26,4,7724,430000.0,low
15070,7418000130,2014-12-11,8,10441,430000.0,low
4022,9393700110,2014-06-03,3,5120,430000.0,low
12332,5430300171,2014-07-03,3,5080,430000.0,low
9017,3739500096,2015-05-05,3,6000,430000.0,low
17333,3630000130,2014-10-28,3,1703,430000.0,low
4313,5249803885,2014-12-15,3,4800,430000.0,low
6332,6117502745,2015-02-24,2,14874,430000.0,low
15059,8848400020,2015-03-27,3,8100,430000.0,low
4287,8902000068,2014-05-15,3,7066,430000.0,low
4534,7891600245,2015-04-22,3,7500,430000.0,low
12428,3624039074,2015-05-04,3,5200,430000.0,low
4148,9358002305,2015-03-13,2,6426,430000.0,low
15116,3876001330,2015-04-24,4,7200,430000.0,low
11525,4077800247,2014-06-10,3,9480,429950.0,low
11810,3299200075,2015-02-04,4,10230,429950.0,low
795,6145601000,2014-07-11,4,7216,429950.0,low
16630,4017600010,2015-04-17,3,10160,429950.0,low
14235,9527000040,2014-10-02,3,9758,429950.0,low
19391,1326039061,2014-10-20,3,9750,429950.0,low
11914,3295900520,2014-11-07,4,4524,429950.0,low
9922,1094000030,2014-12-15,4,10875,429950.0,low
770,5104450990,2014-06-19,4,8625,429900.0,low
21250,1776460190,2014-06-26,3,5353,429900.0,low
11489,3345100251,2015-02-17,4,17918,429900.0,low
15052,1565930130,2014-11-04,4,4675,429900.0,low
20185,1112630130,2015-02-20,4,5929,429900.0,low
20021,9834201366,2014-12-16,3,1286,429900.0,low
20044,9578501110,2014-10-03,4,5005,429900.0,low
17160,7212651100,2014-08-22,4,8897,429900.0,low
1958,4123810140,2015-02-27,3,7000,429800.0,low
3829,8550001515,2014-10-01,2,10946,429592.0,low
2282,2558600060,2015-01-23,3,7272,429500.0,low
8724,3876000970,2014-08-06,6,15949,429300.0,low
1708,9510930350,2014-12-12,4,9301,429000.0,low
12910,2767800065,2015-01-29,2,5000,429000.0,low
2059,4073800140,2014-08-11,3,3600,429000.0,low
1014,342000570,2014-09-09,2,3600,429000.0,low
12755,9269200540,2014-08-19,3,5043,429000.0,low
5884,8682260480,2014-05-28,2,6315,429000.0,low
2318,2128000160,2014-12-04,4,7700,429000.0,low
4785,5104650020,2015-05-05,3,8820,429000.0,low
19653,3448740070,2014-06-16,5,4500,429000.0,low
12308,7550801170,2014-12-11,4,3333,429000.0,low
13237,4013200145,2014-11-07,3,37950,429000.0,low
12184,5561400140,2014-05-21,3,49928,429000.0,low
20575,7203140180,2014-08-21,4,4593,429000.0,low
21604,9834201367,2015-01-26,3,1126,429000.0,low
10806,7715801090,2014-07-25,3,9240,429000.0,low
10370,8079040140,2014-10-06,3,11122,429000.0,low
9361,4310701575,2014-06-10,3,1246,429000.0,low
14264,4363700365,2014-08-01,4,7920,429000.0,low
9104,622069123,2014-08-19,3,52826,429000.0,low
16691,323089173,2014-05-19,3,15124,429000.0,low
19107,3732800495,2014-10-28,5,8120,429000.0,low
17587,2695600410,2014-11-06,2,4441,428950.0,low
7247,5416500950,2015-03-09,4,5056,428900.0,low
20075,1085623640,2014-09-24,4,5553,428900.0,low
842,9429500045,2014-05-09,3,30736,428750.0,low
8951,6430500008,2015-03-02,3,4080,428750.0,low
5542,9406540050,2014-09-05,4,6000,428400.0,low
6915,3579000010,2014-08-14,3,9266,428040.0,low
3313,2587920110,2015-02-17,3,32660,428000.0,low
17486,6046401300,2014-06-09,3,2550,428000.0,low
17909,1535204365,2014-11-24,2,44550,428000.0,low
10712,9828202030,2015-02-18,4,7200,428000.0,low
10164,8682230400,2014-05-07,2,3900,428000.0,low
13905,7214810150,2014-10-02,3,9350,428000.0,low
14276,1442700360,2015-03-20,3,15000,428000.0,low
12919,820079043,2014-08-19,3,507038,428000.0,low
1305,8682230550,2014-09-16,2,4225,428000.0,low
6832,3333002302,2015-02-13,4,5602,428000.0,low
17928,7853210180,2014-10-02,3,3466,428000.0,low
20869,6130500120,2015-04-17,3,2201,428000.0,low
4850,6705120280,2015-03-31,2,1960,428000.0,low
19877,1442880340,2014-06-03,3,5002,427874.0,low
11208,2125400160,2014-11-14,3,13241,427800.0,low
8713,6021503885,2014-07-08,2,4000,427550.0,low
6096,4136930190,2014-10-28,4,8726,427500.0,low
15906,9558020460,2014-06-04,4,5091,427500.0,low
14174,9828201020,2014-10-31,3,4200,427500.0,low
3208,2594200375,2015-03-30,3,7200,427500.0,low
13619,253600180,2015-02-03,4,6294,427500.0,low
3072,6381500690,2014-07-16,3,7085,427500.0,low
17921,1776230180,2014-10-08,4,3249,427500.0,low
18581,9412200330,2015-04-10,3,16200,427500.0,low
9062,122069107,2014-12-04,3,43186,427500.0,low
17311,8807900233,2014-06-30,2,934,427500.0,low
979,3205200640,2015-03-30,3,8400,427200.0,low
21199,6824100007,2015-03-26,3,1200,427005.0,low
16942,5015001680,2014-06-11,4,4736,427000.0,low
12108,8024201525,2015-03-17,3,5111,427000.0,low
20858,5288200072,2014-10-01,2,725,427000.0,low
10971,2623089135,2014-06-16,3,65340,427000.0,low
20327,9511120050,2014-06-27,3,9391,427000.0,low
17746,8563000110,2015-04-24,4,9750,427000.0,low
11212,2723069129,2015-05-06,3,108464,427000.0,low
10906,7617500075,2014-07-21,3,7111,427000.0,low
16422,3083000048,2014-05-30,5,4000,427000.0,low
13690,1787600146,2014-08-21,4,14000,427000.0,low
18076,3715500110,2014-12-01,3,8610,427000.0,low
20953,9578500180,2015-01-21,3,5653,427000.0,low
17801,1931300850,2014-05-27,2,3780,427000.0,low
16114,8645900080,2014-08-27,3,128066,427000.0,low
11050,4039300810,2014-11-17,3,5252,427000.0,low
2975,7276100165,2014-09-16,3,3218,427000.0,low
10271,1091310140,2014-11-03,4,5589,426950.0,low
632,3204800370,2014-12-12,3,7700,426700.0,low
6331,5416500660,2015-04-30,4,4640,426500.0,low
15198,1422069069,2015-02-05,4,88426,426500.0,low
5495,1310440280,2014-07-10,4,6515,426500.0,low
8752,3336001515,2015-05-11,4,6000,426250.0,low
14126,9284800085,2015-04-20,3,5750,426000.0,low
15014,2558650130,2014-09-16,4,7700,426000.0,low
3150,7972601030,2015-04-20,3,7200,426000.0,low
2230,6816300060,2015-04-13,2,2657,426000.0,low
15800,751000080,2014-11-17,2,7680,426000.0,low
9100,7202000220,2015-05-01,4,5850,426000.0,low
8961,5104520150,2014-05-20,4,8494,426000.0,low
10249,1826049094,2014-07-16,2,11472,426000.0,low
6848,3226059071,2014-08-19,3,9147,426000.0,low
3309,2877101340,2015-03-18,2,2500,426000.0,low
20790,3845101070,2015-04-28,4,5000,425996.0,low
10045,7853340960,2015-02-27,3,3088,425590.0,low
6484,9477001410,2015-02-25,4,10630,425500.0,low
17361,7525211410,2014-07-15,3,2752,425500.0,low
17825,2220069003,2015-02-23,3,542322,425000.0,low
11113,6163901433,2014-11-26,4,8384,425000.0,low
21077,7852130430,2014-08-06,4,5021,425000.0,low
11224,3468800310,2015-01-13,2,4000,425000.0,low
858,623069068,2014-06-27,3,213444,425000.0,low
2488,6204200560,2014-07-23,3,8011,425000.0,low
17110,1137400050,2014-09-25,4,4504,425000.0,low
615,2826049234,2015-01-14,3,8814,425000.0,low
4737,3629920300,2014-11-03,3,3000,425000.0,low
1656,2011400791,2014-10-07,4,9188,425000.0,low
17731,9527000090,2015-03-18,3,8400,425000.0,low
962,6852700478,2014-09-16,2,2970,425000.0,low
14543,2026049122,2015-04-01,3,6653,425000.0,low
8450,121039042,2015-03-13,3,107386,425000.0,low
8001,4019301386,2014-09-09,3,13709,425000.0,low
17196,2568800290,2015-02-18,3,8400,425000.0,low
2551,3797000830,2014-05-30,3,3000,425000.0,low
4246,6163900301,2015-04-27,4,8321,425000.0,low
13973,9165100330,2014-12-12,2,4040,425000.0,low
4419,6821600265,2015-03-05,2,6000,425000.0,low
21211,4045500950,2015-04-15,3,8000,425000.0,low
18269,2887701970,2014-08-08,2,2700,425000.0,low
10645,7214820400,2014-09-02,3,7371,425000.0,low
9094,1223089081,2014-05-30,3,44000,425000.0,low
8370,2586800210,2015-04-21,5,7804,425000.0,low
5971,3723800415,2014-10-15,2,6677,425000.0,low
6776,4302700425,2015-02-13,5,5120,425000.0,low
12715,5014000085,2014-06-23,2,6413,425000.0,low
4416,5013500110,2014-11-12,2,6625,425000.0,low
8022,8857640040,2015-04-10,4,6053,425000.0,low
12740,7853300650,2014-08-22,4,4400,425000.0,low
17710,9264030040,2015-04-30,3,12247,425000.0,low
649,2586800270,2015-04-07,4,7645,425000.0,low
6597,8901000911,2015-02-19,3,5992,425000.0,low
19700,2856101290,2014-09-24,2,1263,425000.0,low
3887,5409800110,2015-01-19,4,12145,425000.0,low
8132,3760100100,2014-07-23,5,11583,425000.0,low
1151,1775801260,2015-03-11,4,14196,425000.0,low
1875,1552520070,2014-12-02,3,10762,425000.0,low
15136,726049217,2014-11-10,5,7875,425000.0,low
3994,8631600025,2015-02-20,4,8773,425000.0,low
1059,9477710160,2015-04-26,3,9452,425000.0,low
12757,2767603026,2015-04-15,2,2500,425000.0,low
5505,1105000780,2015-04-03,3,5665,425000.0,low
8268,8563300085,2014-12-01,3,9800,425000.0,low
10729,2204500550,2014-07-17,4,12485,425000.0,low
19645,9268851860,2014-09-18,3,997,425000.0,low
16826,3211290050,2014-06-23,3,39189,425000.0,low
16749,8944460190,2015-02-25,4,6688,425000.0,low
20334,7853320280,2015-03-12,3,4345,425000.0,low
20889,3278613060,2014-08-05,4,2766,425000.0,low
17354,303800020,2015-05-13,3,13929,425000.0,low
20317,3413700130,2014-06-25,3,2267,425000.0,low
9207,6414600051,2015-03-03,2,17700,425000.0,low
3939,263000164,2014-12-17,2,6030,425000.0,low
19666,7853320550,2014-08-05,4,4427,425000.0,low
4656,2313900740,2014-11-19,3,3750,425000.0,low
19521,7751800115,2014-08-26,3,9680,425000.0,low
6588,7626200280,2014-10-02,2,5000,425000.0,low
16690,9492800020,2014-09-30,3,43332,425000.0,low
9260,1925069183,2014-08-15,3,10018,425000.0,low
6139,1112700170,2015-02-27,2,11080,425000.0,low
4494,8658300315,2015-03-12,5,5071,425000.0,low
4516,7853301220,2014-09-10,4,5088,425000.0,low
20292,5498100010,2015-03-24,4,4517,425000.0,low
17026,9292000380,2014-08-18,3,9682,425000.0,low
16519,4036801315,2014-11-04,4,7875,425000.0,low
3915,1133000542,2014-08-05,3,9500,425000.0,low
8323,2391601010,2014-08-20,3,5750,425000.0,low
11634,4038000055,2014-08-12,3,7076,425000.0,low
16875,1934800022,2014-07-23,3,3200,425000.0,low
14020,6798100610,2015-01-08,3,8100,425000.0,low
19678,9834201375,2015-02-06,3,1230,425000.0,low
11627,6117500160,2015-03-17,3,12412,425000.0,low
16174,4023500352,2015-02-17,5,9425,425000.0,low
9455,1376800220,2014-07-09,2,8830,425000.0,low
8861,4310701565,2014-09-16,3,1350,425000.0,low
20551,2767704649,2014-09-29,2,1329,425000.0,low
1409,9473200105,2014-09-24,2,4920,425000.0,low
12673,3758900150,2014-08-26,2,13300,425000.0,low
7229,5249802660,2014-07-30,3,4800,425000.0,low
13164,2695600455,2015-01-28,2,5038,425000.0,low
2989,123039313,2015-04-10,4,9000,425000.0,low
17905,5100402310,2014-12-12,2,5026,425000.0,low
10990,1081800070,2014-11-18,4,11200,425000.0,low
4948,9512500680,2014-11-19,4,8400,425000.0,low
342,6414100671,2014-09-09,3,6840,425000.0,low
3367,9558020600,2015-04-07,4,5440,425000.0,low
3345,2734101055,2014-10-01,3,6000,425000.0,low
19045,5631501161,2015-04-17,4,16785,425000.0,low
15343,4397010480,2015-04-13,3,10874,425000.0,low
13171,1774000720,2014-06-20,3,10209,425000.0,low
18283,7011201106,2015-02-16,2,1241,425000.0,low
3094,8820902540,2014-11-14,2,6212,425000.0,low
8823,7104100065,2014-09-26,2,4095,425000.0,low
15339,8045600130,2014-05-28,4,9545,425000.0,low
19020,3630020150,2015-03-10,3,1386,425000.0,low
6875,567000660,2014-12-04,4,5300,425000.0,low
11076,4053200566,2014-10-20,4,26266,425000.0,low
1526,2558730070,2014-08-25,3,7475,425000.0,low
2893,9212900100,2015-04-23,4,6000,425000.0,low
5010,8132700185,2015-04-16,2,4455,425000.0,low
5022,5706200170,2014-12-16,3,14630,425000.0,low
175,7234600798,2015-02-10,3,1100,425000.0,low
14395,323059103,2015-04-03,3,23522,425000.0,low
18295,9371700085,2014-07-22,3,8182,425000.0,low
207,7465900060,2015-02-05,3,5864,425000.0,low
2866,3275730110,2014-09-08,3,10500,425000.0,low
13937,7852150530,2014-09-11,3,4709,425000.0,low
2823,9828200147,2015-04-10,3,1800,425000.0,low
14327,6204420180,2014-06-03,3,9000,425000.0,low
9639,1842200040,2014-07-01,3,19163,425000.0,low
7470,3824100235,2014-07-24,4,15920,425000.0,low
17685,3344500210,2015-04-24,4,21190,425000.0,low
1494,2207200520,2014-09-29,3,8040,425000.0,low
263,1400300055,2015-04-28,2,5040,425000.0,low
21115,7853361310,2014-12-15,4,5000,425000.0,low
3266,9448300115,2014-12-05,4,4500,425000.0,low
20723,8024200681,2014-07-03,3,1022,425000.0,low
19072,322059210,2015-02-03,3,144183,425000.0,low
16783,2767604254,2014-06-03,2,1182,425000.0,low
7406,2385200050,2014-06-20,3,5612,425000.0,low
12701,7551300065,2014-06-09,2,4635,425000.0,low
18705,8121100395,2014-06-24,4,6180,425000.0,low
7888,9195700040,2014-09-26,3,8086,425000.0,low
1286,7893802800,2014-06-05,4,15349,425000.0,low
64,1189001180,2014-06-03,3,6000,425000.0,low
3448,9477001280,2014-05-06,4,7983,425000.0,low
17538,2425700022,2014-09-29,4,11890,425000.0,low
3505,9477000300,2014-07-28,4,8540,425000.0,low
1614,2624049117,2014-09-03,3,4160,425000.0,low
14482,6909700205,2015-04-06,2,6000,425000.0,low
11857,2558630060,2014-05-30,3,8058,425000.0,low
10487,7625704340,2015-03-03,2,7800,425000.0,low
5393,5467910020,2014-05-16,3,13218,425000.0,low
8626,6073230230,2014-12-31,3,6970,425000.0,low
10493,3566800125,2015-03-30,2,5880,425000.0,low
5418,3334000050,2014-07-21,2,6835,425000.0,low
17849,1226039058,2015-05-03,4,11017,425000.0,low
9830,3905050240,2014-06-24,3,4500,425000.0,low
17634,1532300155,2014-09-16,4,6095,425000.0,low
11218,5104510860,2015-05-06,4,5502,425000.0,low
13093,2926049437,2014-10-14,3,7200,425000.0,low
18985,7977200945,2015-03-10,3,5100,425000.0,low
17410,3296900280,2015-03-25,3,14036,425000.0,low
12709,3727800065,2014-11-13,2,5024,425000.0,low
20519,1972200259,2014-05-07,2,1027,425000.0,low
21447,7853360620,2014-07-01,3,5689,425000.0,low
16914,1324079007,2014-11-10,3,144619,425000.0,low
19893,2621069017,2015-03-03,3,107157,425000.0,low
21257,7207900050,2014-08-08,5,3846,424950.0,low
6888,3955900500,2015-03-13,4,5564,424950.0,low
20117,9578500820,2014-11-25,4,5398,424950.0,low
21086,3862710010,2015-05-01,3,4777,424950.0,low
20649,2883200083,2015-02-02,2,1188,424950.0,low
3059,9477101280,2014-12-30,3,7505,424950.0,low
21111,7207900080,2014-08-08,5,3865,424950.0,low
16421,3303951150,2015-02-04,4,8563,424950.0,low
15391,2408800130,2014-07-23,4,49658,424900.0,low
7031,5634500179,2014-12-15,4,6985,424500.0,low
19128,7199340650,2014-05-08,3,7700,424500.0,low
18329,3365900175,2015-04-02,3,5960,424305.0,low
5251,7524400250,2014-08-22,3,12094,424240.0,low
6664,3396830020,2014-10-09,3,7500,424000.0,low
14718,4427100145,2015-03-23,3,7200,424000.0,low
18777,1062100100,2014-06-26,4,4857,424000.0,low
14097,1175001135,2014-09-29,3,3395,424000.0,low
20683,3304030140,2015-04-16,4,8685,424000.0,low
16740,3754700050,2014-06-18,3,7700,424000.0,low
17793,4022300035,2014-10-09,3,13912,424000.0,low
5797,3211230080,2014-07-28,3,34680,424000.0,low
4725,3303230110,2014-08-04,3,6818,424000.0,low
17939,3904930410,2014-10-28,3,5632,424000.0,low
19161,6072500490,2014-08-01,3,7415,423800.0,low
2857,7852040110,2014-09-08,3,3986,423700.0,low
16708,1732600050,2014-10-17,3,10490,423500.0,low
9477,3822200164,2014-08-19,3,7498,423500.0,low
13562,1604601225,2015-04-20,3,6000,423500.0,low
1490,3449900030,2014-09-11,4,5539,423000.0,low
18648,6378500230,2014-05-20,4,6909,423000.0,low
12086,3876200350,2014-08-14,4,9000,423000.0,low
4691,3295900490,2014-07-29,4,4254,423000.0,low
196,7549802535,2014-11-11,4,6480,423000.0,low
417,2697100140,2015-01-05,4,9351,423000.0,low
1185,7287100135,2014-10-01,3,13900,423000.0,low
4198,2207100405,2015-05-06,4,7245,423000.0,low
15496,3205200430,2015-04-15,3,10005,423000.0,low
17271,2491200050,2014-10-23,3,6038,423000.0,low
15093,7424110130,2014-05-15,4,7303,423000.0,low
10410,3876313100,2014-12-24,3,8400,422800.0,low
3894,2085200261,2015-02-18,3,6450,422500.0,low
15717,8021700725,2014-09-04,3,2250,422500.0,low
5106,3378900020,2014-10-23,3,7245,422500.0,low
2718,546000045,2015-03-25,2,4046,422500.0,low
10599,7312400075,2014-12-16,2,4800,422500.0,low
12404,2064800890,2015-04-15,3,8920,422500.0,low
11693,7429000240,2014-11-18,4,8824,422500.0,low
8762,2767704302,2015-04-10,2,1256,422250.0,low
11161,3971700903,2015-01-22,3,7145,422250.0,low
802,7940700260,2015-01-15,3,4534,422120.0,low
15487,8125200480,2015-05-08,4,6650,422000.0,low
3728,2919701105,2014-12-09,2,2609,422000.0,low
11581,3793500510,2015-05-02,4,6691,422000.0,low
16723,5583200345,2015-05-11,2,4000,422000.0,low
21562,2122059216,2015-04-14,4,5973,422000.0,low
5585,6632300161,2015-04-28,3,7854,422000.0,low
19629,5714200140,2015-04-22,4,5703,421500.0,low
6202,9818700430,2014-10-01,3,4500,421500.0,low
17369,7202330190,2014-10-01,3,3060,421200.0,low
17789,7304301010,2014-09-15,2,11245,421000.0,low
4576,7203600750,2015-04-27,3,4505,421000.0,low
3713,3288100100,2014-11-20,4,8400,421000.0,low
15393,7708000010,2014-11-07,3,12655,421000.0,low
5514,238000244,2014-06-17,3,21780,421000.0,low
16977,3205200480,2015-04-15,3,8662,421000.0,low
1956,4045500510,2014-05-21,1,40946,420850.0,low
6122,6668900020,2015-03-18,4,8100,420550.0,low
4164,8682290100,2015-04-21,3,3657,420250.0,low
5808,3205400290,2015-04-06,3,7280,420200.0,low
1135,4024100951,2015-01-05,7,8624,420000.0,low
8427,1782500065,2015-04-28,4,4978,420000.0,low
982,7853340860,2015-03-10,2,4139,420000.0,low
10515,3205200240,2015-04-30,4,8400,420000.0,low
5095,1189000225,2015-04-02,2,3136,420000.0,low
14744,6979970150,2014-12-12,3,3903,420000.0,low
11162,6804600260,2014-06-03,3,9600,420000.0,low
1491,952003435,2014-08-26,2,4025,420000.0,low
16683,5113000420,2015-03-20,4,20000,420000.0,low
8547,7646900360,2014-09-18,3,5500,420000.0,low
17165,1023059430,2014-12-20,3,8622,420000.0,low
5890,9358002375,2015-03-05,6,6344,420000.0,low
15659,3824100364,2015-01-20,3,26943,420000.0,low
14119,4040800360,2014-09-23,3,10005,420000.0,low
12812,6141100065,2014-12-18,3,7055,420000.0,low
1538,4279200060,2014-12-30,4,9825,420000.0,low
21021,6300500476,2015-04-15,3,1114,420000.0,low
5290,2770606915,2014-10-20,3,6615,420000.0,low
12342,4046600320,2014-08-26,3,21010,420000.0,low
1295,9393700140,2015-03-10,3,5120,420000.0,low
1974,4443801160,2014-06-10,2,3880,420000.0,low
4719,2724049146,2015-03-17,3,6000,420000.0,low
8958,5207200360,2014-09-03,2,5368,420000.0,low
5636,4027700321,2014-10-28,3,11242,420000.0,low
1582,7214810550,2015-04-13,4,12000,420000.0,low
13540,7857003953,2014-10-20,4,5414,420000.0,low
14768,1112000035,2015-03-11,2,5375,420000.0,low
14849,6873000120,2014-05-12,2,1369,420000.0,low
5159,3791400250,2015-04-25,3,6180,420000.0,low
11518,7129302800,2014-12-12,3,5000,420000.0,low
3999,1726069202,2014-07-18,3,38644,420000.0,low
16321,3630020430,2015-05-05,3,1445,420000.0,low
13975,7853210210,2015-03-25,3,3667,420000.0,low
2630,1158700135,2014-08-12,3,7020,420000.0,low
6947,2419600005,2014-07-09,3,6360,420000.0,low
18425,3438503223,2015-02-23,5,6117,420000.0,low
17924,8032700175,2014-10-27,4,1501,420000.0,low
9456,3623059101,2014-08-11,3,47050,420000.0,low
7962,2044500142,2014-09-02,3,6000,420000.0,low
14284,7192800145,2014-12-02,2,4480,420000.0,low
10878,7504400710,2015-04-27,4,15324,420000.0,low
7996,1909600115,2014-08-27,3,6346,420000.0,low
16572,3039000010,2014-09-09,3,8558,420000.0,low
16920,339600190,2014-10-14,3,3963,420000.0,low
3909,3275000090,2015-04-21,4,9100,420000.0,low
18963,5101406522,2014-10-01,3,5413,420000.0,low
9397,1218000195,2015-03-03,2,7832,420000.0,low
11385,9536601331,2014-07-22,4,10319,420000.0,low
8044,3423059177,2014-11-26,5,27007,420000.0,low
19487,1115100278,2015-03-17,3,7506,420000.0,low
16226,5652600427,2015-02-24,4,6375,420000.0,low
9892,2787700060,2015-01-15,3,7210,420000.0,low
20386,1222029064,2014-06-26,3,249126,420000.0,low
11639,5100403754,2014-09-11,3,5623,420000.0,low
9941,3275740030,2014-05-07,3,8165,420000.0,low
12697,203101065,2014-05-28,3,22320,420000.0,low
3425,5363200266,2014-06-23,3,5029,420000.0,low
17853,4137010590,2014-05-14,4,24123,420000.0,low
13957,8635760040,2014-10-08,3,3993,420000.0,low
17040,8142000080,2015-02-12,4,9391,420000.0,low
13185,2131701075,2014-12-04,3,5000,420000.0,low
14360,5538300120,2014-10-15,4,10500,420000.0,low
2914,9324800110,2014-07-28,3,8102,420000.0,low
143,6140100875,2015-04-15,3,8097,420000.0,low
19097,7298050110,2015-03-03,4,11637,420000.0,low
164,2617300160,2014-08-12,3,38332,420000.0,low
11071,646500070,2014-11-06,3,7638,420000.0,low
18293,114100758,2014-10-22,2,112384,420000.0,low
16999,7424100050,2014-12-01,3,7300,420000.0,low
21519,1702901618,2015-04-07,1,675,420000.0,low
9615,8099900490,2014-05-15,3,9972,420000.0,low
20724,9358000550,2014-12-02,3,2133,420000.0,low
10934,3705900292,2015-04-28,3,9239,420000.0,low
16992,3955800080,2014-12-29,5,10880,420000.0,low
16607,6190700284,2014-06-20,5,10319,420000.0,low
21510,1493300057,2014-08-07,3,1571,420000.0,low
2765,6662410070,2015-04-14,4,12000,420000.0,low
7173,5628400080,2014-12-18,3,9800,420000.0,low
7853,1822300040,2014-05-07,2,3500,420000.0,low
357,2201500030,2014-10-06,4,9600,420000.0,low
12452,2323069053,2015-04-17,4,60548,420000.0,low
10403,2205500335,2014-08-07,4,11500,420000.0,low
10709,4397010140,2014-10-14,3,15375,420000.0,low
19757,9268850030,2014-07-07,3,1075,420000.0,low
20918,5695000142,2014-10-24,2,1107,420000.0,low
17355,3971700670,2015-03-14,5,14395,420000.0,low
927,1109000390,2015-03-10,3,4600,420000.0,low
12038,3630110370,2014-06-24,3,3821,420000.0,low
17206,7016300050,2014-07-23,4,8100,420000.0,low
17011,8731950080,2015-02-19,4,9840,420000.0,low
20362,3449850050,2014-06-20,5,3149,420000.0,low
6146,2085700050,2014-08-26,4,8626,420000.0,low
5947,9547201850,2014-07-23,2,4182,420000.0,low
11149,5515600163,2014-09-16,5,64033,420000.0,low
10698,537000075,2014-08-11,3,8000,420000.0,low
9108,7338400945,2015-02-24,3,5000,420000.0,low
775,4040800810,2014-05-02,3,8030,420000.0,low
18381,4024101254,2014-12-04,3,7500,419995.0,low
10183,8929000030,2014-08-21,3,1689,419990.0,low
20299,2810100007,2015-05-06,3,811,419950.0,low
19641,2781230070,2015-03-11,3,6000,419950.0,low
17547,9475710170,2014-09-19,4,6800,419950.0,low
5009,8820900299,2015-02-04,3,3962,419950.0,low
15396,3055800020,2015-03-10,4,7920,419950.0,low
837,8682262400,2015-05-13,2,4003,419950.0,low
15652,1774000170,2015-01-05,4,16549,419950.0,low
19549,8044050040,2014-08-07,4,5164,419950.0,low
7614,2473500110,2015-01-12,3,16909,419950.0,low
2537,2558650200,2014-09-16,3,8500,419950.0,low
20804,7570050070,2015-02-05,5,5000,419900.0,low
8290,6639900219,2015-05-11,3,1755,419900.0,low
7144,5416500980,2014-07-29,4,5767,419900.0,low
7111,2207100635,2015-02-04,3,7000,419900.0,low
20383,7905200061,2014-09-05,3,1486,419700.0,low
16540,2591840050,2015-02-11,4,11590,419625.0,low
3450,6190701110,2015-04-20,3,8460,419600.0,low
11912,4307330070,2014-07-17,4,7200,419500.0,low
4910,339600460,2014-10-17,3,3188,419500.0,low
21364,8024200684,2014-11-25,3,1091,419500.0,low
19818,7237450030,2014-10-14,5,4500,419354.0,low
20955,8138870530,2014-05-05,2,1426,419190.0,low
5378,2781200010,2014-10-10,4,9155,419000.0,low
18821,1427300120,2015-01-21,3,16418,419000.0,low
11823,2759500105,2014-07-30,3,8272,419000.0,low
13120,6453300306,2014-09-10,7,8521,419000.0,low
11765,4058800135,2015-04-05,5,9652,419000.0,low
13201,9406700180,2015-04-16,4,4980,419000.0,low
945,6116500341,2015-01-12,4,23568,419000.0,low
2087,8682291940,2014-06-30,2,4980,419000.0,low
13935,2159900120,2014-08-22,2,2034,419000.0,low
14875,4128000020,2014-06-13,4,7947,419000.0,low
6035,3279050130,2014-09-10,3,21096,419000.0,low
9991,5126300510,2015-01-08,3,4517,419000.0,low
4625,619000100,2014-07-24,3,15030,419000.0,low
811,7234600903,2014-10-16,2,1253,419000.0,low
14613,7852180650,2014-07-18,3,4058,419000.0,low
3611,4400800061,2014-07-25,4,10447,419000.0,low
11478,3824100041,2015-04-12,4,9727,419000.0,low
19544,2558670110,2014-08-29,3,7650,419000.0,low
18784,871000065,2014-11-20,2,4592,419000.0,low
5657,2207200675,2014-05-02,3,6700,419000.0,low
14644,7979900210,2014-08-08,3,11112,418900.0,low
3899,3649100315,2014-06-25,4,9984,418800.0,low
3511,9232900165,2015-01-23,2,5800,418500.0,low
21389,3448740360,2015-04-29,4,4866,418500.0,low
17364,7853302130,2014-06-04,3,4399,418500.0,low
13646,7504400620,2015-04-13,3,12440,418500.0,low
19842,3845100550,2014-11-20,4,5893,418395.0,low
2662,7272001805,2015-03-09,3,9542,418200.0,low
15699,3521069142,2015-02-24,3,74297,418200.0,low
3364,3793501130,2015-03-16,4,8471,418000.0,low
13373,476000333,2014-08-27,3,1306,418000.0,low
18358,8024202380,2014-10-02,5,10205,418000.0,low
8407,4036800580,2014-06-21,4,9176,418000.0,low
3255,6163900501,2014-10-21,3,7238,418000.0,low
10008,4040800260,2014-06-16,4,10580,418000.0,low
17636,8665900331,2015-01-30,3,12075,418000.0,low
12159,5095401360,2014-11-21,3,16050,418000.0,low
16748,3630070280,2014-07-10,2,3608,418000.0,low
2279,2719100013,2015-04-29,2,1349,418000.0,low
20644,9578500810,2014-11-21,4,5969,418000.0,low
4532,7130300785,2014-06-16,4,6250,418000.0,low
14200,4046600220,2014-10-17,3,19113,418000.0,low
3895,3522900061,2015-04-21,2,6900,418000.0,low
13809,263000155,2014-05-05,3,6030,418000.0,low
20091,7237450110,2014-07-01,4,5048,417838.0,low
6478,126039323,2015-02-24,5,10911,417500.0,low
17565,2926049237,2014-10-06,5,6664,417500.0,low
17220,3626039028,2014-08-18,3,7491,417500.0,low
6924,2919702705,2014-07-31,2,5510,417500.0,low
5778,2426039130,2014-06-10,4,10800,417500.0,low
13145,7399200770,2014-12-09,3,12285,417400.0,low
21371,3753000010,2014-05-07,3,1452,417250.0,low
8708,7550800915,2015-02-19,2,4000,417200.0,low
2077,2239800070,2014-06-27,4,7700,417000.0,low
18167,2607730490,2014-09-22,3,11403,417000.0,low
12363,8887001625,2015-04-10,3,52889,417000.0,low
20052,3862710090,2014-08-26,3,4926,417000.0,low
3564,2770606822,2014-08-20,3,877,417000.0,low
12564,272000220,2014-09-23,4,4000,417000.0,low
9548,1105000015,2014-06-09,2,6600,417000.0,low
3475,9550202870,2015-02-09,2,4590,417000.0,low
4104,7230900100,2014-12-15,3,11454,417000.0,low
13315,9133600120,2015-04-08,3,11211,417000.0,low
14583,2206500395,2014-05-15,3,10224,417000.0,low
14462,2113700620,2014-08-04,3,6000,417000.0,low
13132,4325700085,2015-03-25,3,8514,417000.0,low
21340,4187000190,2014-11-17,3,4500,417000.0,low
8064,7518505160,2014-09-25,2,5100,417000.0,low
10658,6804600240,2015-02-11,3,9512,417000.0,low
7639,3013300968,2014-08-01,3,4184,416500.0,low
5904,8887001640,2014-11-06,4,39848,416500.0,low
20554,2979800409,2014-05-05,3,989,416286.0,low
14880,4058800500,2014-07-10,4,5490,416100.0,low
3751,3126049436,2014-09-12,3,1296,416000.0,low
8181,1139000215,2014-07-18,2,7560,416000.0,low
2774,8663260030,2014-11-18,3,5372,416000.0,low
7249,1473000020,2014-05-23,3,9762,416000.0,low
16194,4037000080,2014-06-15,3,12150,416000.0,low
236,4058000060,2015-04-09,3,94300,416000.0,low
9758,4040700310,2014-08-05,4,7840,416000.0,low
20481,8091670730,2014-09-02,4,6322,416000.0,low
17420,2356800020,2014-09-29,2,6650,416000.0,low
1750,2787720140,2015-04-07,3,11542,416000.0,low
16463,2695600190,2015-03-27,2,4264,416000.0,low
14495,4037200665,2014-08-13,3,7700,415950.0,low
4649,1423089162,2014-10-31,3,22703,415900.0,low
11654,9842300036,2014-10-08,3,4163,415885.0,low
21272,982850080,2014-06-13,4,4779,415500.0,low
9386,4037600115,2014-09-22,3,12400,415500.0,low
12031,7230400400,2015-03-26,3,17652,415500.0,low
10702,3073500111,2015-03-18,3,7550,415250.0,low
20192,6056100380,2014-05-20,3,2377,415000.0,low
11283,5468700105,2014-08-05,3,8400,415000.0,low
17072,8011100095,2014-06-10,3,6045,415000.0,low
13546,5088500210,2015-01-12,4,9968,415000.0,low
19536,9818700645,2014-07-23,3,4000,415000.0,low
1809,1138010510,2014-12-12,3,7275,415000.0,low
20817,1324300126,2015-03-13,2,1219,415000.0,low
18928,3971700330,2015-04-15,4,12161,415000.0,low
6642,7503000020,2014-05-07,4,9548,415000.0,low
14539,9266700175,2015-03-27,2,5100,415000.0,low
21006,291310610,2015-02-27,3,1512,415000.0,low
15181,4040800050,2014-11-19,3,8400,415000.0,low
635,7199330390,2014-06-24,3,8000,415000.0,low
13429,2267000453,2014-06-27,3,1536,415000.0,low
14536,8806900040,2015-04-06,3,4303,415000.0,low
18264,4447300165,2014-12-23,2,4000,415000.0,low
18233,6751300375,2014-07-02,3,9030,415000.0,low
13428,3971700981,2014-10-03,3,7500,415000.0,low
3770,2112700600,2015-05-13,3,5880,415000.0,low
5649,6820100010,2014-06-16,4,2970,415000.0,low
10715,6145601890,2014-08-19,5,3748,415000.0,low
5789,1624079088,2014-08-11,3,111514,415000.0,low
8138,7853340450,2015-04-27,3,3172,415000.0,low
8358,5309101395,2014-09-11,2,3750,415000.0,low
12035,2493200370,2014-11-12,2,4257,415000.0,low
17992,9542890100,2014-12-29,2,2191,415000.0,low
2145,6378500105,2014-12-24,2,6807,415000.0,low
9086,1222069133,2015-02-24,4,213008,415000.0,low
13810,4058801575,2014-12-17,4,9625,415000.0,low
10663,2045400075,2014-06-23,4,8518,415000.0,low
4155,1402650110,2014-05-18,3,8342,415000.0,low
13283,764000155,2014-11-07,4,14760,415000.0,low
16979,2877101310,2014-08-04,2,4200,415000.0,low
14637,9269200120,2014-10-30,3,4920,415000.0,low
5913,3819750170,2015-03-10,3,9600,415000.0,low
15520,9323000010,2015-04-16,4,8279,415000.0,low
18170,6430500219,2014-09-10,1,3774,415000.0,low
8236,5589300145,2014-05-27,3,8868,415000.0,low
14725,1727500230,2014-11-19,3,6435,415000.0,low
10650,8564500240,2014-05-27,5,10226,415000.0,low
16383,3876313260,2015-02-18,3,15142,415000.0,low
9030,8589100090,2014-06-17,4,9600,415000.0,low
6326,808300460,2014-08-11,4,5743,415000.0,low
4466,546000820,2014-11-10,2,4108,415000.0,low
20315,1115600130,2014-09-30,4,6499,415000.0,low
1037,789000550,2015-04-13,3,2200,415000.0,low
17113,3204800430,2014-07-08,4,7700,415000.0,low
12339,5132000140,2015-01-20,6,5080,415000.0,low
12769,7518505040,2015-03-30,1,2550,415000.0,low
3986,6179900090,2015-05-07,3,10513,415000.0,low
2520,7228501580,2015-01-16,3,4500,415000.0,low
10258,1995200200,2014-10-08,3,6083,415000.0,low
10798,1724500030,2015-03-12,4,7292,415000.0,low
21160,9532000500,2014-08-01,3,3600,415000.0,low
3118,5249802424,2015-04-17,2,6000,415000.0,low
10455,8731981940,2014-09-08,4,8000,415000.0,low
14913,126039252,2014-07-09,4,11367,415000.0,low
7468,3303950130,2014-11-13,3,10733,415000.0,low
17579,2561330040,2015-03-23,3,9694,415000.0,low
3163,1226059112,2015-02-20,3,73616,415000.0,low
14390,1126049103,2014-08-29,3,9003,415000.0,low
17911,5468750040,2015-01-26,4,8250,415000.0,low
20589,3448740160,2014-06-11,4,4500,415000.0,low
18699,3031200205,2014-07-24,5,8906,415000.0,low
252,1422300030,2015-04-01,3,36224,415000.0,low
267,7974200510,2014-08-14,2,4500,415000.0,low
7266,8718500095,2015-05-07,3,9046,415000.0,low
2799,393000045,2014-12-26,5,9140,415000.0,low
7514,2473002700,2014-06-27,3,8944,415000.0,low
18650,1493300115,2014-09-10,4,4329,415000.0,low
7690,5253300243,2015-04-29,4,10559,415000.0,low
15997,2320069260,2014-10-27,3,33090,415000.0,low
19980,774100475,2014-06-27,3,64626,415000.0,low
20040,2619950110,2014-06-24,3,6031,415000.0,low
5033,8122100130,2014-06-18,3,4800,415000.0,low
7672,114101540,2014-08-21,3,19210,415000.0,low
1540,5253300397,2015-04-09,3,16800,415000.0,low
20034,1085623250,2015-03-31,4,4071,415000.0,low
8790,7283900551,2014-11-24,3,11752,415000.0,low
2957,2770601595,2015-03-20,2,6000,415000.0,low
9682,3834000400,2014-11-19,3,8146,415000.0,low
16718,7283900185,2014-06-04,4,5962,415000.0,low
7591,6152900332,2014-08-01,4,16008,415000.0,low
8756,8682262170,2014-05-30,2,4664,415000.0,low
13918,5683500085,2014-09-26,2,4558,415000.0,low
15927,4037700285,2014-07-31,3,7975,415000.0,low
16917,421079142,2014-05-09,4,48787,415000.0,low
20279,4187000660,2014-06-18,4,5501,415000.0,low
15905,1180008370,2014-09-25,4,7125,415000.0,low
6976,8079000190,2014-10-28,4,8173,415000.0,low
3481,6625910100,2015-02-03,3,11100,415000.0,low
14485,3523069060,2015-04-01,3,63597,415000.0,low
17544,9477000080,2014-07-14,4,7886,415000.0,low
1653,2025079033,2014-12-10,1,204732,415000.0,low
2590,3362900696,2014-10-20,3,3399,415000.0,low
8531,293720180,2014-12-30,3,4274,415000.0,low
18780,7544800195,2014-08-13,1,3000,415000.0,low
15910,4310701330,2015-03-09,3,835,415000.0,low
19866,8024200677,2015-04-29,3,1483,415000.0,low
4716,5249801720,2014-11-13,3,5040,415000.0,low
6757,4112100101,2015-02-19,6,5200,415000.0,low
2636,3992700036,2014-06-26,3,6700,415000.0,low
6063,6821102340,2015-05-04,3,1795,415000.0,low
18423,9122000385,2014-08-06,4,4200,415000.0,low
7030,1021049022,2014-05-20,2,60113,415000.0,low
2688,1072030510,2014-08-29,4,12650,415000.0,low
4825,2741100280,2014-05-13,3,5000,415000.0,low
3379,1775801340,2014-06-06,3,12596,415000.0,low
1634,7129300935,2014-11-05,3,5650,415000.0,low
20475,9268851800,2014-05-05,3,998,415000.0,low
8512,6821100246,2014-09-03,2,3200,415000.0,low
6660,2570300130,2015-03-17,4,10098,414999.0,low
16985,3293700480,2014-10-20,4,8545,414950.0,low
19783,4310702858,2014-10-15,3,1551,414950.0,low
880,5101405335,2014-08-26,3,9570,414900.0,low
14478,3840700205,2015-03-19,3,9450,414500.0,low
8364,8024200625,2015-02-05,3,6002,414500.0,low
21588,2767600688,2014-11-13,2,1278,414500.0,low
3830,1775800740,2015-02-06,4,13566,414250.0,low
17022,6415100122,2014-07-16,4,10331,414050.0,low
20834,3862710200,2014-09-25,3,3754,414000.0,low
20992,1776230220,2014-06-26,3,4540,414000.0,low
3430,808300490,2015-05-05,4,6497,414000.0,low
16477,1402700170,2014-07-17,5,5030,414000.0,low
3195,8731982840,2014-08-26,4,9030,414000.0,low
4668,7224500090,2015-04-07,2,5000,414000.0,low
7015,6669080010,2014-09-22,4,5236,413900.0,low
19627,8682302030,2014-05-21,3,4421,413800.0,low
9079,8929000360,2014-08-05,3,1613,413565.0,low
4684,9268200600,2014-05-19,2,4000,413500.0,low
18551,3126049517,2014-05-08,3,1614,413450.0,low
13010,2922703150,2015-03-04,3,3960,413252.0,low
4508,2207200820,2014-10-15,3,7520,413107.0,low
19608,1026069106,2015-04-21,3,231303,413100.0,low
1512,5255690060,2015-03-18,5,8711,413000.0,low
17121,5096300130,2014-07-14,3,3451,413000.0,low
16998,9297301190,2014-05-13,4,6000,413000.0,low
13036,2421059009,2015-02-20,3,139392,413000.0,low
683,3438500486,2014-10-16,4,5809,413000.0,low
14117,2473530150,2015-03-23,4,6796,412950.0,low
15808,9477000280,2014-08-07,4,7969,412500.0,low
16586,7454000470,2014-08-01,3,6300,412500.0,low
14326,2426049154,2015-03-05,3,10716,412500.0,low
21228,7853320950,2014-10-23,3,5246,412500.0,low
5306,8087800020,2014-05-15,3,8475,412500.0,low
4042,7980900011,2015-04-27,3,13505,412450.0,low
11578,8682280260,2015-03-26,2,2983,412250.0,low
9240,2402100205,2014-11-19,2,4400,412133.0,low
20012,8850000018,2014-10-01,3,813,412000.0,low
15163,2848700095,2015-04-02,4,5000,412000.0,low
3442,6300500475,2014-09-02,3,1991,412000.0,low
11690,6136900045,2014-08-21,3,6992,412000.0,low
9180,4449800315,2014-06-20,2,3960,412000.0,low
14568,6145601510,2014-08-22,3,3844,412000.0,low
2698,7942601200,2014-10-01,2,5120,412000.0,low
15012,4038400130,2014-07-11,4,10500,412000.0,low
1963,1721069036,2014-05-29,3,52256,412000.0,low
18982,9264960850,2014-07-09,4,9767,412000.0,low
12606,1402660150,2014-12-03,3,7000,412000.0,low
11632,2492200055,2014-07-08,3,5752,412000.0,low
18030,9465200405,2014-08-21,2,6282,412000.0,low
4551,5708500208,2014-10-03,2,3873,412000.0,low
4713,5104512070,2015-04-20,4,7242,412000.0,low
18151,4037000065,2015-04-14,3,8000,412000.0,low
1868,1387301360,2014-12-22,4,6800,411800.0,low
1914,7203101260,2015-02-11,3,3795,411753.0,low
16428,2741100741,2014-06-04,3,5101,411715.0,low
19920,3845100640,2014-06-05,4,3960,411605.0,low
8759,7771300085,2015-03-09,3,8159,411500.0,low
7096,2114300290,2014-09-29,5,7740,411500.0,low
10966,7199360320,2015-02-13,3,7208,411500.0,low
6253,514500235,2014-10-20,3,10323,411100.0,low
20786,7600136,2014-07-18,2,1148,411000.0,low
5394,322069109,2015-05-05,2,108900,411000.0,low
15838,7436300170,2014-07-28,2,2088,411000.0,low
17951,2064800120,2014-06-02,4,9915,411000.0,low
9457,7010701016,2015-02-09,1,5000,411000.0,low
7541,9310300300,2014-10-13,5,12293,411000.0,low
3782,7243500025,2014-05-19,4,5257,411000.0,low
5814,1922069071,2015-04-24,4,292288,411000.0,low
1638,4023500118,2014-07-23,3,9844,411000.0,low
10799,3751602797,2014-07-02,4,76665,411000.0,low
8476,1775800220,2015-04-02,3,14061,410988.0,low
1245,8658300510,2015-04-19,4,5000,410500.0,low
1887,5409800140,2015-02-17,4,8601,410500.0,low
6899,6150200005,2014-10-23,3,6800,410500.0,low
11859,5244801275,2014-11-21,2,3943,410500.0,low
16436,6401700010,2014-08-19,3,6597,410000.0,low
7722,9274204230,2014-07-09,3,6250,410000.0,low
13989,9528103443,2014-07-24,2,1034,410000.0,low
2722,7203101580,2014-07-24,3,4948,410000.0,low
11694,3888100030,2014-07-14,3,10227,410000.0,low
18416,1152700220,2014-09-03,3,6054,410000.0,low
2755,7852180260,2015-01-29,3,4456,410000.0,low
3174,5561301280,2014-05-05,3,36704,410000.0,low
14781,9357001010,2014-10-10,3,5987,410000.0,low
7259,6450300605,2015-05-01,3,2550,410000.0,low
12672,1775801020,2014-11-24,3,26642,410000.0,low
14445,5104512060,2014-12-12,4,7243,410000.0,low
11029,8682292180,2014-07-25,2,3926,410000.0,low
18953,7853300770,2014-06-09,3,4400,410000.0,low
7198,792500190,2014-06-27,3,45738,410000.0,low
19494,3204800330,2014-06-25,3,7700,410000.0,low
3316,2787720300,2015-03-19,3,8424,410000.0,low
13240,1005000220,2015-03-10,2,7540,410000.0,low
18966,1081330210,2014-09-11,4,27345,410000.0,low
7408,6456200020,2014-08-26,3,9300,410000.0,low
7145,7312100010,2015-03-02,4,4447,410000.0,low
14807,1725079047,2014-11-04,3,200811,410000.0,low
18054,323089172,2014-07-18,4,15123,410000.0,low
12858,2313900610,2015-04-28,3,3750,410000.0,low
19382,8635760490,2014-09-02,3,2839,410000.0,low
11718,7518502030,2014-11-17,4,5100,410000.0,low
17431,5592900020,2014-12-02,3,7819,410000.0,low
4817,2517010630,2015-05-08,4,5034,410000.0,low
18639,6204200590,2014-10-29,3,5763,410000.0,low
7084,3582750170,2015-04-29,2,2128,410000.0,low
5470,3876810190,2014-11-13,4,7208,410000.0,low
15219,4019301205,2014-12-02,3,8187,410000.0,low
12580,3541600210,2014-06-18,4,10500,410000.0,low
21444,5676000008,2015-03-16,3,1269,410000.0,low
8940,3840700455,2014-05-23,3,9641,410000.0,low
15917,6111400020,2015-03-30,4,9474,410000.0,low
18737,5422950040,2014-07-25,5,5802,410000.0,low
237,7228500560,2015-03-20,4,4740,410000.0,low
11665,255000270,2014-07-23,3,5794,410000.0,low
4801,3574801350,2014-11-20,3,8088,410000.0,low
10497,9414500200,2014-06-02,4,11875,410000.0,low
3627,3574801790,2014-08-07,3,7112,410000.0,low
9536,3083000910,2014-07-08,3,6000,410000.0,low
14522,9297301520,2015-03-29,2,4000,410000.0,low
4200,7905200386,2014-07-29,3,6903,410000.0,low
17765,4025300210,2015-02-17,2,10125,410000.0,low
18538,7905200205,2014-10-21,3,7020,410000.0,low
6303,6152900402,2014-06-19,6,9324,410000.0,low
21363,3782760080,2014-07-18,4,4090,410000.0,low
14592,726049213,2015-03-20,4,7500,410000.0,low
693,8024200350,2015-03-04,2,4342,410000.0,low
6487,1402200440,2015-02-12,5,16410,410000.0,low
15100,7504180170,2014-07-07,3,19206,410000.0,low
8695,2781200090,2014-07-08,4,4020,410000.0,low
5283,1112700130,2015-01-23,3,8560,410000.0,low
3960,7173700524,2014-09-24,2,4000,410000.0,low
14742,3955900220,2015-03-17,4,5258,410000.0,low
12080,3211100990,2014-10-20,4,8450,410000.0,low
1050,2771101200,2014-05-17,3,4250,410000.0,low
7537,1250201130,2015-02-06,4,3240,410000.0,low
14058,3024079057,2014-07-30,3,32500,410000.0,low
8835,3992700775,2015-01-21,4,13736,410000.0,low
12763,7696300180,2014-07-03,4,9000,410000.0,low
78,6300000287,2014-06-09,3,5060,410000.0,low
18889,621069218,2015-02-19,5,184140,410000.0,low
20901,3175200220,2015-01-13,3,4332,410000.0,low
5318,8143100500,2014-12-13,3,17583,410000.0,low
5939,9406600050,2014-05-12,3,16921,410000.0,low
18922,3083001095,2014-08-24,3,3520,410000.0,low
17217,6300500479,2014-08-19,3,1418,410000.0,low
9279,4443800385,2014-08-18,2,4080,410000.0,low
8354,3726800201,2015-04-17,3,4000,410000.0,low
9734,3013300830,2014-11-06,2,4366,410000.0,low
10572,1133000036,2015-04-21,3,5000,410000.0,low
10778,1661000060,2014-08-01,3,7480,410000.0,low
14584,9277200180,2015-04-20,3,5000,410000.0,low
3877,7635801032,2014-07-10,3,6500,410000.0,low
7599,3326059191,2014-06-16,4,9581,410000.0,low
13720,6608500220,2014-12-24,3,9975,410000.0,low
17993,4254000620,2014-10-07,3,15457,410000.0,low
17712,2929600035,2014-06-27,3,19000,410000.0,low
2156,4315700390,2014-06-30,1,5750,410000.0,low
6559,3432500980,2014-07-08,4,7283,410000.0,low
4322,3432500705,2014-10-21,4,8292,410000.0,low
9733,254000695,2015-05-08,3,5280,410000.0,low
10686,7227502075,2015-04-09,4,6180,410000.0,low
13929,9266701085,2014-06-03,2,5125,409950.0,low
15455,7201800280,2014-07-15,3,6030,409950.0,low
19926,9578500510,2014-11-03,3,5080,409950.0,low
10773,4029400140,2014-12-10,5,10300,409950.0,low
13572,3797002160,2014-07-24,2,3000,409950.0,low
18040,5104511050,2014-09-02,4,7163,409950.0,low
2450,7436300160,2014-06-25,2,1845,409900.0,low
1532,8165500830,2015-03-27,3,1200,409900.0,low
3023,6431500283,2014-11-17,3,4120,409500.0,low
18314,6708200040,2014-05-07,4,13000,409500.0,low
21004,3862710210,2014-05-20,3,3168,409316.0,low
6254,1522059120,2014-07-09,5,11340,409124.0,low
7301,4397000020,2015-03-24,3,9168,409000.0,low
13744,3582750120,2014-07-15,2,2128,409000.0,low
20870,3575305485,2014-08-29,3,6500,409000.0,low
4663,1591600044,2014-10-10,4,10752,409000.0,low
17007,3300701440,2014-07-29,2,4000,409000.0,low
1973,952005224,2014-11-05,2,3271,409000.0,low
15857,8961950050,2015-03-20,4,12651,409000.0,low
8549,3034200366,2014-12-03,3,9065,409000.0,low
21378,7853321110,2014-08-13,3,7263,409000.0,low
6965,1421079007,2015-03-24,3,209199,408506.0,low
3910,8946700100,2014-12-08,4,7043,408500.0,low
20401,3862710180,2015-03-26,3,2731,408474.0,low
789,2608300030,2014-05-16,3,5761,408200.0,low
8386,7129302806,2015-02-03,3,8000,408000.0,low
1399,8682291840,2015-03-31,2,3900,408000.0,low
9554,2589300180,2014-06-30,5,6589,408000.0,low
2457,5220300140,2014-09-03,2,7440,408000.0,low
8045,3876312840,2014-09-12,3,7100,408000.0,low
11582,9485950340,2015-03-19,3,35362,408000.0,low
19931,8073900070,2014-05-22,3,7221,408000.0,low
3876,3626039228,2014-09-18,3,7015,408000.0,low
11027,9126100487,2014-08-13,3,1473,408000.0,low
6251,4123840470,2015-02-24,3,8403,408000.0,low
8872,722069057,2015-01-02,3,313672,408000.0,low
19776,8091670200,2014-10-22,3,4800,408000.0,low
10156,339600070,2014-07-21,3,3440,408000.0,low
6777,6824100005,2014-08-01,3,1204,408000.0,low
17446,9390700095,2014-08-08,2,2971,407500.0,low
16880,6403500290,2014-05-02,3,10460,407500.0,low
21483,2776600082,2014-11-13,3,1465,407500.0,low
15766,2644300005,2015-04-12,4,9075,407500.0,low
4615,6414100721,2015-04-16,2,6017,407500.0,low
4842,6649300190,2014-09-03,5,8230,407500.0,low
6151,203900460,2014-07-28,3,10860,407450.0,low
7764,7574200210,2014-06-18,4,68824,407450.0,low
17607,4046601460,2014-06-06,4,14653,407193.0,low
14110,8887001215,2014-11-07,3,48076,407185.0,low
11628,5100401516,2014-09-25,2,6380,407000.0,low
4521,993001332,2014-09-03,3,1448,407000.0,low
15690,5422560660,2014-10-30,2,6635,407000.0,low
5352,8643200020,2014-05-06,4,23400,407000.0,low
20959,2222059154,2014-08-13,4,6000,407000.0,low
16532,8910500471,2015-02-17,3,7785,407000.0,low
20116,952002250,2015-03-24,2,999,407000.0,low
2891,9285800735,2014-08-12,2,6100,406650.0,low
7891,3575304895,2014-09-23,5,15781,406550.0,low
10725,5422560810,2014-07-14,2,5319,406500.0,low
10402,42000127,2015-02-24,3,10080,406500.0,low
7499,2391600555,2014-06-30,2,5750,406500.0,low
3633,425079100,2014-12-31,3,68479,406500.0,low
17595,8079040330,2014-09-27,3,8621,406500.0,low
5560,424069088,2014-09-04,3,15426,406430.0,low
11917,1472800160,2015-02-18,4,11524,406250.0,low
6859,993001330,2014-05-05,3,1332,406100.0,low
1194,9222400510,2015-01-07,2,3000,406000.0,low
2588,9215400075,2015-04-22,3,5264,406000.0,low
3365,6052400625,2015-03-26,4,6000,406000.0,low
9281,7405700015,2015-03-30,3,11292,406000.0,low
7367,3205100010,2014-12-16,3,7853,406000.0,low
5628,3291800660,2015-03-13,3,7904,406000.0,low
21512,7625702277,2015-03-31,2,1095,406000.0,low
14608,7129300175,2014-07-01,4,8475,406000.0,low
17070,766900250,2015-04-02,3,6017,406000.0,low
759,770000045,2014-10-24,5,4000,405600.0,low
716,3670500710,2014-07-15,3,8108,405500.0,low
14319,2488200455,2014-07-03,2,1252,405500.0,low
764,2972300060,2014-12-17,3,7939,405300.0,low
4735,6917700356,2014-05-14,2,3522,405100.0,low
15067,6139100101,2015-05-05,4,7300,405100.0,low
2245,1529300160,2014-06-19,2,4377,405000.0,low
769,1196003428,2014-06-24,3,12750,405000.0,low
15508,3791500050,2015-04-29,3,9975,405000.0,low
13816,2225039081,2014-10-20,3,3960,405000.0,low
13691,5255200220,2014-12-05,3,8531,405000.0,low
21362,3630080190,2014-08-01,3,2314,405000.0,low
17153,4027700006,2015-04-09,4,20894,405000.0,low
2122,2591010240,2014-12-01,2,4102,405000.0,low
1524,3288200030,2014-08-29,4,9095,405000.0,low
20936,3023000410,2015-04-30,5,4900,405000.0,low
2479,259600560,2014-08-27,3,7771,405000.0,low
17861,3188100065,2014-05-27,2,6490,405000.0,low
9754,1246700136,2014-12-23,3,9600,405000.0,low
279,9412900055,2015-05-05,3,6000,405000.0,low
18289,1062100115,2014-12-04,3,6081,405000.0,low
2746,2472920140,2015-04-03,4,9359,405000.0,low
21190,5422950170,2014-11-12,5,5092,405000.0,low
10394,2011400710,2014-05-21,3,9620,405000.0,low
2712,6817810310,2014-06-12,3,15678,405000.0,low
10279,8807600140,2015-04-24,3,11625,405000.0,low
1190,2624049185,2014-09-09,3,5355,405000.0,low
10887,1081200070,2015-03-23,3,12600,405000.0,low
10484,2570300240,2014-05-29,5,10000,405000.0,low
21545,6669080120,2014-12-15,4,5020,405000.0,low
10861,5422570260,2014-09-29,2,5400,405000.0,low
10533,923000270,2014-05-08,2,8155,405000.0,low
1861,3013300055,2014-06-02,2,4234,405000.0,low
287,6647200060,2015-02-09,3,6720,405000.0,low
15460,1446110020,2014-09-10,5,9742,405000.0,low
714,2988000070,2015-03-04,5,10500,405000.0,low
569,4045500710,2014-12-18,2,15029,405000.0,low
11741,3876000710,2014-12-18,3,7425,405000.0,low
4754,4292300010,2014-05-27,3,8100,405000.0,low
14359,106000395,2014-06-24,3,8053,405000.0,low
12107,3876100310,2014-07-11,3,7500,405000.0,low
5717,8663280080,2014-12-23,3,8174,405000.0,low
9177,2591010150,2015-04-14,2,2653,405000.0,low
20335,4253400098,2015-05-01,2,1073,405000.0,low
3218,3574801110,2014-11-25,4,7716,405000.0,low
9197,1112700150,2015-01-27,3,7373,405000.0,low
3968,2488200459,2014-05-05,2,1240,405000.0,low
3929,1755700090,2014-08-01,3,7267,405000.0,low
6494,4235400255,2014-09-05,2,4323,405000.0,low
14706,7937600087,2014-12-09,6,29985,405000.0,low
14006,526059183,2014-08-01,4,15743,405000.0,low
14693,6403510410,2014-09-05,4,9136,405000.0,low
9377,2767603608,2014-10-02,2,1274,405000.0,low
3756,1254200015,2014-12-16,3,5500,405000.0,low
17488,6608500290,2014-10-24,3,10200,405000.0,low
19124,7401000040,2014-05-07,3,8307,405000.0,low
20446,1189000492,2014-06-06,2,1073,405000.0,low
19662,3362400125,2015-03-03,3,651,405000.0,low
3578,3459100300,2014-06-17,3,7400,405000.0,low
3565,5706201930,2015-02-17,3,12500,405000.0,low
18855,6638900405,2014-12-08,2,6016,405000.0,low
3393,3797000300,2014-08-08,2,3000,405000.0,low
4069,9558000100,2014-05-20,5,4781,405000.0,low
16462,3575302938,2014-06-20,3,10000,405000.0,low
16696,1454100122,2014-06-11,3,7201,405000.0,low
11466,6415100350,2015-04-13,3,10200,405000.0,low
20653,3630080030,2015-02-24,3,2163,405000.0,low
4664,7201800090,2015-01-06,3,7280,405000.0,low
12621,4036800925,2014-06-24,3,7300,405000.0,low
14330,626049115,2014-11-05,4,8960,405000.0,low
9649,2767600921,2014-06-23,2,2599,405000.0,low
18614,993002225,2014-06-23,3,1245,405000.0,low
19422,5667100025,2014-07-08,3,7683,405000.0,low
8888,3876312290,2014-11-21,3,7252,405000.0,low
4617,4022900569,2014-10-17,3,10454,405000.0,low
9496,7853301930,2014-10-09,3,6997,405000.0,low
14949,2314300170,2014-11-04,4,6667,405000.0,low
8970,3649100264,2014-08-15,3,18000,405000.0,low
14103,6817800330,2014-08-12,2,10481,405000.0,low
5299,8807810050,2014-05-29,3,14404,405000.0,low
16961,5538300225,2014-05-13,4,13529,405000.0,low
9084,9475700220,2014-06-26,4,4652,405000.0,low
16295,1552520010,2014-08-01,3,9636,405000.0,low
18561,7852150720,2014-09-22,3,4697,405000.0,low
4119,3824100051,2015-04-07,4,8392,405000.0,low
561,1921069084,2014-07-07,4,217014,404950.0,low
8947,8929000330,2014-07-29,3,1609,404763.0,low
7688,5592900015,2015-01-16,3,7727,404600.0,low
8377,8024201055,2014-08-06,2,5080,404500.0,low
5744,1937300280,2014-10-30,2,3700,404500.0,low
12069,7950302255,2015-03-24,2,3060,404500.0,low
4828,3211270170,2014-05-23,4,35621,404000.0,low
5364,1837000010,2015-03-02,3,8160,404000.0,low
2744,619000045,2014-09-22,3,15210,404000.0,low
9513,4037500110,2014-05-06,4,10720,404000.0,low
298,600000152,2014-06-02,3,8880,404000.0,low
8690,5104530220,2015-04-20,3,4324,404000.0,low
15427,8155830020,2014-12-02,3,7202,404000.0,low
388,1223039290,2014-09-05,4,13780,403950.0,low
16499,2025049028,2014-06-09,2,1136,403950.0,low
11241,8699800070,2014-07-31,4,8909,403900.0,low
9149,369000690,2014-08-12,4,5750,403504.0,low
2268,6145601715,2014-12-15,4,3844,403500.0,low
7776,1926049141,2014-10-10,1,5621,403500.0,low
3363,6114400028,2014-06-18,5,17300,403500.0,low
18489,9421500150,2014-06-23,3,8004,403500.0,low
7521,9324800180,2014-10-16,2,8137,403250.0,low
4632,7745500015,2015-03-18,3,6879,403000.0,low
9384,3678900110,2014-06-10,2,3598,403000.0,low
21335,5100400244,2015-04-20,2,1552,403000.0,low
732,2619950350,2014-05-08,3,8354,403000.0,low
11480,204000140,2015-04-03,3,10730,403000.0,low
21377,597000593,2014-11-17,2,1101,403000.0,low
14213,3362400472,2014-12-02,2,3255,403000.0,low
8383,1087500040,2014-10-14,3,10790,403000.0,low
13648,5072200040,2014-05-02,3,13100,403000.0,low
18355,8641500252,2015-02-27,3,1400,403000.0,low
1279,7852180560,2015-04-24,3,4125,403000.0,low
19245,2193300620,2015-02-17,3,13020,403000.0,low
21541,4253400100,2015-04-10,3,1073,402723.0,low
3557,3600057,2015-03-19,4,3504,402500.0,low
19067,3782760040,2014-06-03,3,4002,402500.0,low
10450,789000520,2014-07-15,3,2211,402500.0,low
10679,7283900036,2014-08-18,3,10752,402500.0,low
4318,8113100850,2015-04-10,3,4000,402500.0,low
1982,7298020240,2014-05-09,4,11951,402500.0,low
10470,2516000486,2014-07-01,2,2280,402500.0,low
13776,114100234,2015-04-30,3,9540,402500.0,low
3149,7228502150,2014-10-23,4,3630,402500.0,low
20836,3814900260,2015-03-05,4,5385,402395.0,low
11306,7175300045,2014-11-12,3,4050,402300.0,low
12275,3574801740,2014-07-28,3,6980,402200.0,low
21610,1523300141,2014-06-23,2,1350,402101.0,low
15664,6838000170,2014-08-29,3,3425,402000.0,low
10315,7972604215,2014-12-12,5,7620,402000.0,low
9494,7518505070,2014-06-25,4,3672,402000.0,low
4429,2011400583,2014-06-06,3,9994,402000.0,low
13039,4174600264,2014-08-01,4,5481,402000.0,low
6319,2807100095,2014-09-08,4,9176,402000.0,low
11707,3585220340,2014-08-11,4,10500,402000.0,low
15045,5469501850,2014-06-29,4,15540,402000.0,low
7728,1826059042,2014-09-23,3,12205,402000.0,low
15537,6413600285,2014-08-25,3,6127,402000.0,low
14965,1387301350,2014-11-23,3,7704,402000.0,low
13115,7518503685,2014-10-09,2,5100,402000.0,low
16662,1090000005,2015-05-04,2,5600,402000.0,low
2885,6706600090,2014-05-08,3,8000,402000.0,low
21472,7625702263,2014-06-12,3,1666,402000.0,low
13214,6629300120,2015-04-02,3,6825,402000.0,low
13784,3205400150,2014-06-17,3,7375,402000.0,low
8649,2768301490,2014-06-26,2,2475,402000.0,low
8667,3630010040,2014-05-23,3,1827,402000.0,low
6200,8155820080,2015-04-15,4,7311,402000.0,low
11889,2025049114,2014-05-29,2,1173,402000.0,low
11595,1032000079,2015-04-22,3,3145,402000.0,low
14496,5249802520,2014-08-05,5,7200,402000.0,low
17254,952007141,2015-04-21,2,1236,401750.0,low
7950,6300500477,2014-08-26,3,1114,401500.0,low
3350,6713700100,2014-09-07,4,8400,401500.0,low
10286,1022059032,2014-08-12,4,94525,401500.0,low
10352,820000012,2014-08-27,3,1977,401000.0,low
20893,993000308,2015-03-18,3,1333,401000.0,low
2785,106000320,2014-10-31,2,8100,401000.0,low
19405,9202650040,2014-09-26,3,8321,401000.0,low
3197,1160000115,2015-03-04,4,12523,401000.0,low
17589,7308900100,2014-06-19,4,5753,401000.0,low
14893,6817810190,2014-07-01,3,11172,401000.0,low
2806,1387300570,2014-12-01,3,9505,401000.0,low
17912,9158100040,2014-08-08,2,8220,401000.0,low
16980,7202330280,2014-09-22,3,2839,401000.0,low
18445,5727500301,2014-10-06,3,6867,401000.0,low
12054,8044200200,2015-02-26,2,2625,401000.0,low
16807,7625703260,2014-09-24,2,6250,400950.0,low
21068,3845100620,2014-11-25,4,4554,400950.0,low
4187,952004745,2015-03-04,4,5750,400800.0,low
5883,4364200250,2014-12-01,4,7680,400375.0,low
20346,5379805260,2015-03-26,4,30250,400200.0,low
15655,6672920050,2014-06-17,3,11266,400000.0,low
15883,2549000020,2015-03-24,3,18533,400000.0,low
14529,5469502060,2014-10-09,4,12792,400000.0,low
13745,3319500385,2014-06-16,4,5340,400000.0,low
6885,2872900050,2014-10-07,3,8064,400000.0,low
1657,7549802030,2014-11-04,4,6480,400000.0,low
10479,7454001125,2014-11-17,4,7035,400000.0,low
8898,3101500090,2014-10-17,4,4000,400000.0,low
4998,6817801410,2014-06-24,3,11413,400000.0,low
16613,3438501100,2015-04-27,3,4000,400000.0,low
10443,3438502501,2014-07-29,5,7525,400000.0,low
12890,3763300040,2014-10-27,3,9900,400000.0,low
1468,3034200058,2014-05-29,4,7200,400000.0,low
1476,7941140070,2015-03-18,3,2692,400000.0,low
11907,3221059036,2014-05-02,4,42884,400000.0,low
7784,8820901415,2014-05-29,4,3867,400000.0,low
5107,4180300050,2014-08-01,4,9681,400000.0,low
19003,9526500090,2014-08-22,3,7634,400000.0,low
11801,4365200445,2014-08-22,2,7680,400000.0,low
12230,6163901382,2014-05-15,3,10304,400000.0,low
7306,9268200440,2014-07-21,3,4602,400000.0,low
8841,6071300090,2014-08-26,3,9143,400000.0,low
17953,9476700035,2014-07-10,4,13680,400000.0,low
18905,4077800258,2014-10-09,3,7800,400000.0,low
14848,3819800580,2014-12-04,4,10800,400000.0,low
18830,2806800120,2014-06-10,4,7563,400000.0,low
19025,5141000720,2014-08-05,2,3797,400000.0,low
19559,4443800375,2014-10-02,3,4084,400000.0,low
11571,1775900140,2014-07-09,3,6875,400000.0,low
17023,5505700020,2014-06-18,3,6150,400000.0,low
15786,2314300420,2014-09-16,4,5397,400000.0,low
8373,3013300409,2015-03-12,2,6300,400000.0,low
15791,9542890010,2014-11-13,2,1240,400000.0,low
5995,2926049408,2014-10-09,3,17800,400000.0,low
6056,259600280,2015-04-06,4,9301,400000.0,low
11689,3121059036,2014-10-29,2,101529,400000.0,low
445,1774000200,2014-12-02,3,9102,400000.0,low
19716,3943600070,2014-08-11,3,4788,400000.0,low
14452,9477100330,2014-12-12,3,8385,400000.0,low
12169,2472920800,2015-04-23,3,7877,400000.0,low
19598,7518507685,2015-02-23,3,5100,400000.0,low
10755,4038300070,2014-11-13,3,8360,400000.0,low
6247,3819800280,2014-08-19,2,10800,400000.0,low
8277,221029019,2015-04-28,3,32718,400000.0,low
7017,203100460,2014-09-24,1,13679,400000.0,low
781,3191000240,2014-06-12,3,8219,400000.0,low
16531,7950303530,2015-04-09,4,3060,400000.0,low
18881,6413100242,2014-08-26,3,9211,400000.0,low
6333,2624049169,2014-12-11,3,6183,400000.0,low
19333,7702600930,2014-08-04,3,12944,400000.0,low
17982,4039300490,2014-06-03,3,4800,400000.0,low
6336,126049217,2014-06-04,3,10731,400000.0,low
10639,1921069068,2015-04-29,4,180263,400000.0,low
8411,1200021,2014-08-11,3,43000,400000.0,low
11831,3221069035,2014-06-20,4,189486,400000.0,low
684,5102400105,2014-10-13,4,4875,400000.0,low
18051,7883603945,2014-07-15,5,6720,400000.0,low
19913,7207900030,2014-06-09,4,3692,400000.0,low
10512,2558610070,2015-02-17,4,8941,400000.0,low
8590,3937900120,2014-10-06,4,5012,400000.0,low
13483,1189000205,2015-03-11,2,1811,400000.0,low
21492,7283900306,2015-04-17,3,4408,400000.0,low
18760,1525069021,2014-12-01,3,214315,400000.0,low
14266,1324079054,2014-09-22,4,113691,400000.0,low
19867,982850060,2014-06-03,3,4706,400000.0,low
8507,3649100304,2014-08-19,3,11040,400000.0,low
10797,3223069065,2014-09-17,2,224769,400000.0,low
18038,1321059097,2014-09-24,3,32109,400000.0,low
11554,1722800860,2015-03-09,3,5000,400000.0,low
6648,3222049120,2015-01-23,4,13068,400000.0,low
12120,1822069041,2014-11-13,6,210830,400000.0,low
761,6379500159,2014-09-11,3,1149,400000.0,low
21459,567000408,2014-06-02,3,936,400000.0,low
17908,5100403636,2015-02-23,2,8120,400000.0,low
6635,2697400020,2014-10-31,3,7216,400000.0,low
5734,2921079027,2014-09-24,4,204296,400000.0,low
14567,114100297,2014-09-22,3,8456,400000.0,low
21267,3943600020,2014-08-29,4,5988,400000.0,low
14175,2461900175,2014-05-22,3,6250,400000.0,low
13503,4047200065,2014-06-23,4,20283,400000.0,low
17059,9358001732,2015-04-28,3,2815,400000.0,low
1136,6021502830,2014-11-10,3,4100,400000.0,low
14289,5612100065,2014-05-29,4,12056,400000.0,low
21609,6600060120,2015-02-23,4,5813,400000.0,low
12832,9238500040,2014-06-24,3,23100,400000.0,low
9557,2487700065,2014-05-05,2,5510,400000.0,low
1910,8024201370,2014-12-08,2,5111,400000.0,low
3946,3026059014,2015-01-12,3,4473,400000.0,low
10210,3298600340,2014-09-05,6,15600,400000.0,low
9198,2622049052,2014-05-16,3,83199,400000.0,low
13899,8898700120,2014-06-04,3,11305,400000.0,low
12804,4363700304,2014-08-04,2,7440,400000.0,low
9182,2490200615,2014-06-09,2,5100,400000.0,low
3335,2810600015,2015-04-27,2,4000,400000.0,low
9632,3034200530,2014-06-20,3,10005,400000.0,low
4509,3362400615,2014-08-20,3,3090,400000.0,low
16246,2651100050,2015-02-17,3,7537,400000.0,low
17296,4047200825,2014-10-11,1,60984,400000.0,low
4476,7017200110,2014-10-28,3,6658,400000.0,low
4053,6844702290,2014-05-27,2,6120,400000.0,low
13,6054650070,2014-10-07,3,9680,400000.0,low
16386,9561100080,2014-06-20,4,7927,400000.0,low
12348,6084200060,2015-03-13,3,3757,400000.0,low
19171,1236900090,2014-09-15,3,12690,400000.0,low
10974,6699930260,2015-03-20,4,5240,400000.0,low
11735,1402200140,2015-01-05,6,17112,400000.0,low
16256,7579200715,2014-12-05,3,5750,400000.0,low
20924,7853361210,2015-02-18,3,5027,400000.0,low
13829,1604600085,2014-07-11,3,3000,400000.0,low
3415,5589900590,2014-05-05,2,9519,400000.0,low
4175,7221400495,2014-07-17,3,19600,400000.0,low
2138,1226039129,2015-02-09,4,8250,400000.0,low
19103,424059052,2014-12-22,3,14138,400000.0,low
19189,7375300100,2014-11-24,3,7642,400000.0,low
3310,6084200100,2014-08-01,3,3742,400000.0,low
15581,3971701990,2014-08-12,4,9750,400000.0,low
18430,3578400910,2015-03-16,3,12252,400000.0,low
12566,3560800040,2014-10-28,2,6200,400000.0,low
9717,312000295,2015-01-22,2,5120,400000.0,low
18253,3578401770,2015-02-26,3,9704,400000.0,low
2758,9268200550,2014-10-10,2,5010,400000.0,low
2971,7283900153,2015-04-07,3,12000,400000.0,low
17181,3818700185,2014-09-25,4,11026,400000.0,low
3359,9158800090,2014-07-03,4,7200,400000.0,low
1771,2113700060,2014-10-14,4,3904,400000.0,low
16788,8732020670,2015-03-20,3,9620,400000.0,low
21611,291310100,2015-01-16,3,2388,400000.0,low
18190,9459200120,2015-03-04,3,3868,400000.0,low
8959,2570500230,2014-05-29,5,9747,400000.0,low
9911,263000327,2015-02-27,3,1319,400000.0,low
15294,3582700130,2015-04-09,4,12875,400000.0,low
3066,9358001566,2015-02-13,2,1281,400000.0,low
2382,7129300400,2014-08-14,6,6554,400000.0,low
12495,4037500230,2014-10-07,5,10488,400000.0,low
13979,6076500220,2014-09-03,3,14258,400000.0,low
1897,6381500505,2015-04-02,3,7157,400000.0,low
193,3663500060,2014-06-25,3,7508,400000.0,low
9419,5312100040,2015-04-23,2,3916,400000.0,low
2061,6632300478,2014-09-16,4,7255,400000.0,low
3663,7625702615,2015-01-14,2,4560,400000.0,low
11744,1407300012,2015-01-28,2,1173,400000.0,low
9300,5112800042,2014-12-03,5,19200,400000.0,low
15471,2880100675,2014-05-14,2,2130,400000.0,low
3107,3574801720,2014-10-22,3,6682,400000.0,low
11358,7007700030,2015-01-05,3,6000,400000.0,low
20845,993002108,2015-03-30,3,1069,399995.0,low
9116,2113700485,2014-12-10,5,4000,399990.0,low
20785,7694200350,2014-08-20,4,4050,399963.0,low
15085,3444120130,2015-03-27,4,41689,399950.0,low
18734,5694500386,2014-10-20,2,1184,399950.0,low
12466,1121039105,2014-12-03,4,64694,399950.0,low
4137,1250200552,2015-03-12,3,1320,399950.0,low
20312,7515000143,2014-08-05,3,1041,399950.0,low
2612,1796250140,2015-03-10,3,30605,399950.0,low
8934,106000044,2014-08-26,3,7930,399950.0,low
1063,5706200060,2014-08-18,3,18050,399950.0,low
20367,2770601775,2014-11-28,3,922,399950.0,low
11150,8807300570,2014-12-29,3,9600,399950.0,low
21575,9578500790,2014-11-11,3,5002,399950.0,low
16213,3812400898,2014-09-09,5,6420,399950.0,low
3831,1773101340,2015-02-02,4,4400,399950.0,low
14005,4046601010,2014-10-23,3,15001,399950.0,low
21583,2025049203,2014-06-10,2,1157,399950.0,low
2111,6159400030,2014-10-08,3,9396,399950.0,low
6066,8820900670,2014-06-23,3,5223,399950.0,low
2850,1773101335,2014-11-03,3,4400,399950.0,low
4624,3793501050,2014-08-22,4,7545,399950.0,low
18949,3448000755,2014-06-04,3,5244,399950.0,low
19481,1720069146,2014-07-15,3,87120,399950.0,low
176,3881900445,2014-07-09,5,5400,399950.0,low
601,3211230260,2015-02-04,4,31465,399950.0,low
20093,2025049206,2014-06-11,2,1131,399950.0,low
20105,9284801500,2014-12-11,3,2875,399950.0,low
16432,5104520460,2015-03-17,4,5100,399950.0,low
15273,2624089022,2015-03-14,3,11997,399950.0,low
6786,6648900005,2014-10-08,3,8910,399950.0,low
1992,8562890370,2015-04-14,4,5868,399950.0,low
20628,3753000030,2014-05-27,3,1051,399950.0,low
8678,8835200330,2014-12-08,3,4488,399950.0,low
17178,1561910190,2014-06-27,3,10431,399950.0,low
12867,1138010180,2015-05-11,3,7300,399950.0,low
2045,9269200786,2014-07-22,4,6125,399950.0,low
12869,9358000650,2015-04-23,2,2856,399950.0,low
20979,9895000040,2014-07-03,2,1005,399900.0,low
8942,3303950760,2014-07-28,4,8127,399900.0,low
17990,7518505375,2015-05-05,3,1664,399900.0,low
10311,1112700060,2015-03-11,3,12750,399900.0,low
20330,3845101150,2014-07-01,4,4500,399895.0,low
9645,3034200933,2014-06-19,4,8255,399888.0,low
19331,123039176,2014-12-12,4,30200,399888.0,low
19378,1773101215,2014-07-17,4,4800,399700.0,low
20856,5381000477,2015-01-28,4,7492,399500.0,low
17697,9297800090,2014-07-08,4,4840,399500.0,low
2595,8572900135,2014-05-23,3,12676,399500.0,low
13524,952006783,2014-10-14,2,1722,399500.0,low
19057,7568700215,2015-03-12,4,6617,399500.0,low
2677,3204800520,2015-02-25,3,7700,399500.0,low
20030,3814900750,2014-07-16,4,4396,399440.0,low
13660,3432501415,2014-11-11,3,8148,399000.0,low
17282,2787700630,2015-03-18,4,7355,399000.0,low
19639,4046500270,2014-08-19,3,31550,399000.0,low
20003,3753000100,2014-08-28,3,1884,399000.0,low
19773,5676000004,2014-11-18,3,1250,399000.0,low
16050,8068000440,2014-12-26,3,10000,399000.0,low
18148,7852020760,2014-11-01,3,3690,399000.0,low
4391,5416501030,2014-11-24,4,4687,399000.0,low
20119,9358000552,2014-10-29,3,1478,399000.0,low
2198,3815500045,2014-10-03,3,12473,399000.0,low
11055,6392000570,2014-11-12,2,4000,399000.0,low
1252,1926049355,2014-10-28,5,7030,399000.0,low
12493,1921069101,2015-05-08,3,73616,399000.0,low
15182,3438500742,2014-08-26,3,10479,399000.0,low
5354,2473450430,2014-05-27,4,9292,399000.0,low
16366,5101407350,2014-09-25,2,8661,399000.0,low
988,2695600505,2015-04-13,4,6388,399000.0,low
19100,9557200090,2014-11-12,3,4250,399000.0,low
16677,3332500095,2014-10-07,3,3300,399000.0,low
11830,4022900197,2014-08-08,3,16300,399000.0,low
9631,1233100720,2014-09-25,3,9403,399000.0,low
17783,1138010530,2015-04-29,3,7191,399000.0,low
10400,1072000260,2015-02-23,3,11440,399000.0,low
8031,2126049096,2014-12-02,3,8290,399000.0,low
20494,2700200040,2015-02-23,4,4334,399000.0,low
13588,148000450,2014-05-30,2,4800,399000.0,low
20495,7625702264,2015-04-27,2,1155,399000.0,low
5871,9828701650,2014-11-25,2,3400,399000.0,low
1509,8562890560,2014-06-26,4,5000,399000.0,low
17750,50300090,2014-08-11,4,10297,398950.0,low
11607,3080000030,2014-05-05,3,4000,398750.0,low
19827,7694200340,2014-10-16,4,4120,398651.0,low
6782,8011100005,2015-01-27,4,6064,398500.0,low
9463,4310702876,2014-11-03,2,1311,398500.0,low
21138,2781230020,2014-12-09,4,6666,398500.0,low
11504,5096300140,2015-02-17,3,1971,398500.0,low
2092,3448000270,2015-03-13,3,15960,398500.0,low
20659,255460240,2015-04-23,3,5321,398096.0,low
11052,272000320,2014-11-05,3,2996,398000.0,low
15408,2133010290,2014-07-24,4,14724,398000.0,low
12097,2914700310,2014-09-22,4,6458,398000.0,low
2219,2781260370,2015-01-28,4,5510,398000.0,low
17363,4067600255,2014-05-22,2,10945,398000.0,low
13624,8682291970,2014-09-24,2,3865,398000.0,low
8977,126049100,2014-11-04,3,27468,398000.0,low
10312,66000140,2014-11-20,3,6550,398000.0,low
19919,7625702967,2014-06-09,3,1715,398000.0,low
15585,8944460290,2014-10-23,5,5700,398000.0,low
12886,526059199,2014-10-22,3,16001,398000.0,low
2213,4427100105,2015-04-28,4,6240,398000.0,low
9038,1526300015,2014-06-12,3,11862,397990.0,low
15109,626049102,2015-03-24,4,8116,397950.0,low
14060,2968801510,2014-11-13,4,7620,397950.0,low
8969,121059038,2015-03-24,3,35245,397900.0,low
5058,7750500275,2014-08-07,4,4760,397500.0,low
17917,3320000212,2014-10-06,3,980,397500.0,low
6337,2201500185,2014-08-08,3,10480,397500.0,low
4546,7201800300,2014-09-09,3,8480,397500.0,low
17568,1561900330,2015-03-06,4,9952,397500.0,low
5743,4123840050,2014-06-30,4,7859,397500.0,low
11014,6046400465,2014-10-28,3,5100,397500.0,low
494,1727500340,2014-06-14,3,6710,397500.0,low
4647,3223059015,2015-04-10,3,44093,397500.0,low
12456,993001342,2014-08-08,3,1383,397500.0,low
21051,1934800133,2014-07-11,3,1256,397500.0,low
972,1455100116,2015-02-02,3,13737,397500.0,low
9937,2591830350,2014-08-20,3,8225,397500.0,low
5242,1515910290,2014-08-25,4,9451,397450.0,low
18574,5652600556,2014-10-28,2,5072,397380.0,low
15003,8024201795,2014-11-17,2,7664,397000.0,low
14303,3793501400,2014-08-20,4,8584,397000.0,low
18091,9477000650,2014-11-19,3,11730,397000.0,low
18290,6381500265,2014-06-27,5,6757,397000.0,low
1747,1320069179,2014-11-04,3,134489,397000.0,low
7504,3056800230,2014-08-20,4,6590,397000.0,low
16936,1761600050,2014-12-31,3,9165,397000.0,low
2738,7272001610,2015-03-17,4,9542,397000.0,low
14833,3226049080,2015-02-24,2,12350,397000.0,low
3667,7133300044,2014-06-29,3,1275,397000.0,low
11826,9266700295,2014-10-24,3,5100,397000.0,low
12430,5100402767,2014-10-14,3,6380,397000.0,low
10088,7787110510,2014-06-20,4,11717,397000.0,low
10496,3085001610,2014-09-30,4,6000,397000.0,low
16467,3335000050,2014-07-14,2,4104,397000.0,low
428,3754700160,2014-05-06,4,7680,397000.0,low
15088,8641500345,2014-12-19,3,3120,396900.0,low
10625,2619950400,2014-07-14,4,6018,396800.0,low
8674,8122600195,2014-05-20,2,6375,396675.0,low
14294,5469501830,2014-06-24,3,18980,396500.0,low
9574,1787600165,2014-06-23,3,7149,396500.0,low
12070,3524039196,2014-11-12,3,5110,396500.0,low
16021,2771101964,2014-08-12,3,1488,396500.0,low
7475,3424069215,2015-02-17,3,10800,396480.0,low
18920,3424069066,2014-05-21,3,12446,396450.0,low
10456,3626079032,2014-07-30,4,215186,396400.0,low
6772,6190701112,2014-11-25,3,9540,396000.0,low
16687,1588600177,2015-02-25,4,4420,396000.0,low
1669,1773100510,2014-09-15,3,5668,396000.0,low
4432,3815500165,2014-09-11,5,12253,396000.0,low
554,8718500075,2014-11-17,3,8280,396000.0,low
689,1775800800,2015-02-24,3,12616,396000.0,low
20705,2767604253,2015-04-13,2,865,396000.0,low
9955,6638900550,2015-04-07,1,5150,396000.0,low
14399,3782400040,2015-05-08,3,9766,396000.0,low
14946,5634500182,2014-07-15,4,12409,396000.0,low
14832,6150700264,2015-02-24,3,6160,396000.0,low
21081,9578500920,2014-09-10,5,6031,395950.0,low
16664,1568100670,2015-03-20,3,8706,395900.0,low
19817,8138870060,2014-08-13,2,1679,395825.0,low
17584,7515000035,2015-04-24,2,5754,395350.0,low
5684,2207100255,2014-05-15,3,7000,395300.0,low
122,3626039187,2015-04-06,2,6000,395000.0,low
7342,6163901261,2014-09-09,4,8320,395000.0,low
7594,203900690,2014-12-23,4,15354,395000.0,low
7371,7518502960,2015-02-27,2,5100,395000.0,low
10986,2927600105,2014-07-03,5,10453,395000.0,low
7295,9412200660,2014-06-19,4,10350,395000.0,low
16,1875500060,2014-07-31,3,14040,395000.0,low
7098,5727500019,2014-06-05,4,7931,395000.0,low
19229,7177300090,2014-05-20,3,2940,395000.0,low
11764,1774000030,2015-03-30,6,11200,395000.0,low
7570,126059018,2015-01-08,4,10748,395000.0,low
16006,9265700005,2014-08-22,3,6220,395000.0,low
7257,1775910460,2015-03-13,3,15200,395000.0,low
5170,3814800280,2015-04-17,4,10951,395000.0,low
13211,1561900180,2015-03-11,3,8938,395000.0,low
21026,2781230230,2015-02-04,4,7965,395000.0,low
12386,3760100200,2014-10-06,5,9599,395000.0,low
12797,2771101251,2015-03-26,1,3000,395000.0,low
4327,2771102158,2014-10-21,3,1263,395000.0,low
9054,7820000015,2015-03-12,3,8640,395000.0,low
16397,8929000250,2015-04-13,2,1161,395000.0,low
20155,3629960680,2014-09-26,2,1841,395000.0,low
10250,2345700260,2015-04-06,5,6305,395000.0,low
19947,1776460110,2014-12-23,4,5013,395000.0,low
11229,1005000240,2014-12-19,2,6014,395000.0,low
14935,6738700005,2014-05-29,2,1824,395000.0,low
4906,6600220080,2015-02-04,3,15028,395000.0,low
4992,6204400130,2014-07-18,3,8085,395000.0,low
18665,3223039149,2014-07-09,4,37026,395000.0,low
5093,6430500293,2014-11-12,2,3060,395000.0,low
13831,705000120,2015-04-06,3,6951,395000.0,low
17718,1560870040,2015-04-21,3,3953,395000.0,low
15503,2472920780,2014-11-26,4,6840,395000.0,low
4005,1523069086,2014-06-05,3,22651,395000.0,low
3890,8819900449,2015-05-08,2,3975,395000.0,low
18249,6305900300,2014-10-13,4,8336,395000.0,low
3837,7550800916,2014-06-02,1,3000,395000.0,low
20395,886000090,2015-03-02,2,7457,395000.0,low
13971,3996900555,2014-10-17,4,8149,395000.0,low
2639,1441800030,2014-07-06,3,7700,395000.0,low
20748,3438503230,2014-10-30,3,5320,395000.0,low
9534,3621059048,2014-10-10,3,217800,395000.0,low
3351,339600110,2014-09-23,3,3755,395000.0,low
13306,6381500720,2014-11-17,4,7085,395000.0,low
3182,2768301214,2014-12-11,2,3121,395000.0,low
3134,7663700261,2014-10-08,4,7945,395000.0,low
20610,6056100312,2014-06-24,3,1936,395000.0,low
5153,6084200080,2014-05-28,3,3757,395000.0,low
10354,9485750240,2014-10-17,3,4930,395000.0,low
8108,3959401880,2014-08-20,2,4018,395000.0,low
19801,2810100023,2014-06-25,2,1493,395000.0,low
14606,968000120,2014-11-12,3,10125,395000.0,low
17965,4402700593,2015-04-28,2,7808,395000.0,low
16505,4037000185,2014-09-19,4,7900,395000.0,low
15852,217700050,2014-10-30,3,9672,395000.0,low
11616,7932600140,2014-07-03,4,35070,395000.0,low
5876,2787720170,2014-09-29,4,11733,395000.0,low
1036,3919000030,2015-04-20,5,9600,395000.0,low
11971,8946700140,2014-11-21,4,6278,395000.0,low
14570,8122100905,2014-06-24,4,5120,395000.0,low
15863,5100401315,2014-07-09,2,6380,395000.0,low
16655,3543900380,2015-04-09,3,5000,395000.0,low
17466,6362900007,2014-09-05,3,2506,395000.0,low
5703,8564600080,2014-11-06,3,10229,395000.0,low
744,3300701170,2014-06-20,3,4000,395000.0,low
12011,5253300320,2014-11-03,4,10219,395000.0,low
8533,5101405604,2015-04-28,1,6380,395000.0,low
19889,1776460140,2014-07-24,3,5088,395000.0,low
12953,3876312620,2014-09-24,4,8117,395000.0,low
11521,3389900800,2014-10-22,2,2500,395000.0,low
13033,3626039279,2014-08-05,2,6700,395000.0,low
892,8562890700,2014-05-30,4,5000,395000.0,low
8972,217500015,2015-02-24,3,7800,394999.0,low
7152,4037200585,2014-07-23,3,7700,394950.0,low
20665,5100400241,2015-02-02,2,1304,394950.0,low
20508,7625703357,2015-02-27,2,2104,394950.0,low
20725,7625702444,2014-05-10,3,1250,394950.0,low
11131,2612000200,2015-04-27,3,8172,394950.0,low
4271,3579800485,2015-02-18,3,13370,394900.0,low
14866,7936800150,2014-07-02,4,6042,394500.0,low
6260,3300700470,2014-05-14,2,4000,394475.0,low
18958,7893800534,2014-11-24,3,10107,394250.0,low
20384,3524039228,2014-07-23,3,3441,394000.0,low
13570,3793500730,2014-06-27,4,9793,394000.0,low
8145,7853340610,2015-04-21,2,2731,394000.0,low
7695,2781250100,2015-04-15,3,5349,394000.0,low
11411,7203101290,2014-10-20,3,4075,394000.0,low
13151,4365200620,2015-03-12,3,7930,394000.0,low
6769,7714000250,2014-10-18,5,4650,394000.0,low
11191,7940710070,2014-08-22,3,4400,394000.0,low
3211,9212900820,2014-08-28,2,8251,393820.0,low
16119,3995700250,2014-10-13,3,8156,393500.0,low
4185,952007069,2015-01-21,3,1441,393500.0,low
9882,91000320,2014-09-23,2,3350,393000.0,low
4493,7788000100,2015-02-06,4,11801,393000.0,low
18532,1332200100,2015-05-07,4,8091,393000.0,low
7419,1524079028,2014-10-29,5,15246,393000.0,low
7140,3578401760,2014-08-20,3,10720,393000.0,low
4744,4123810090,2014-09-09,3,10256,393000.0,low
19169,4174600391,2015-03-23,5,5054,393000.0,low
11219,1090000075,2014-12-16,2,4200,393000.0,low
14922,4287400005,2014-07-31,4,5456,393000.0,low
6525,6431500280,2015-03-23,2,5000,393000.0,low
8971,6743700015,2015-01-28,3,11856,392800.0,low
14306,2887701251,2014-10-07,2,4275,392800.0,low
15268,1862400471,2014-08-20,3,1289,392500.0,low
15942,2726049150,2014-07-17,4,8040,392500.0,low
14928,1513800170,2015-04-02,3,6572,392500.0,low
16011,6648100010,2014-11-19,3,8925,392500.0,low
8897,4025300371,2015-04-08,3,8839,392500.0,low
18399,2916200054,2015-04-13,3,7650,392500.0,low
10868,423059369,2014-06-04,4,7303,392500.0,low
10535,3650100105,2014-09-26,2,4125,392500.0,low
11141,5467200055,2015-03-07,4,19923,392500.0,low
10719,2475900565,2015-03-09,3,10500,392500.0,low
2529,3126049094,2014-11-12,4,2681,392450.0,low
20242,3845101100,2015-01-21,4,4800,392440.0,low
1209,3971700560,2015-04-21,5,27951,392400.0,low
20113,7203140110,2015-03-24,3,3696,392137.0,low
2987,121059147,2014-11-04,4,41167,392000.0,low
10792,7334400070,2015-02-23,3,11975,392000.0,low
13262,2011400021,2014-07-01,5,32481,392000.0,low
16849,2297400020,2014-09-02,3,7125,392000.0,low
21385,6600060150,2015-03-12,4,4028,392000.0,low
20595,6600060140,2015-03-23,4,4000,392000.0,low
21289,3448740430,2014-09-25,5,5670,392000.0,low
14877,3274850130,2014-12-03,4,8921,392000.0,low
15807,4123830480,2014-06-10,4,6555,392000.0,low
8873,2660500365,2015-01-06,3,9600,392000.0,low
10591,5141000510,2014-09-15,4,3797,392000.0,low
10716,9269200831,2014-08-25,3,6125,392000.0,low
9653,1402600110,2015-02-26,4,7733,392000.0,low
5638,8122100290,2014-08-13,2,5000,392000.0,low
19264,2607730110,2014-07-07,3,9625,391500.0,low
20746,3166900270,2015-04-02,3,6143,391500.0,low
121,6675500070,2014-11-19,3,9132,391500.0,low
18891,8682211030,2014-10-28,3,3900,391265.0,low
20470,291310150,2014-06-02,3,1290,391000.0,low
11754,1862400292,2014-07-23,2,5423,391000.0,low
1537,6067900640,2015-04-20,3,9000,391000.0,low
21217,2325400170,2015-02-11,4,3850,391000.0,low
21379,3278612450,2015-04-07,3,1120,391000.0,low
20543,3654200039,2015-03-25,3,1279,390500.0,low
13630,1920079103,2014-09-11,2,426450,390500.0,low
3647,1075100090,2014-09-24,3,8910,390000.0,low
17370,3303950660,2014-07-31,3,14141,390000.0,low
11457,6400700189,2014-10-17,3,8075,390000.0,low
7755,2806800090,2014-11-04,3,8036,390000.0,low
16328,2473000680,2015-04-29,3,8960,390000.0,low
20389,7548301050,2015-04-02,2,1402,390000.0,low
12346,3578400710,2015-02-06,3,14183,390000.0,low
8006,1250200600,2015-04-08,3,3600,390000.0,low
15217,1023059108,2015-04-30,2,11505,390000.0,low
2724,2770601741,2014-11-06,3,2944,390000.0,low
2293,8901000445,2014-12-18,3,10440,390000.0,low
8995,7795810110,2015-05-12,3,9857,390000.0,low
2512,2126079046,2015-04-07,3,216332,390000.0,low
2543,7215410320,2015-03-11,3,53250,390000.0,low
18678,9417400110,2014-09-15,4,4840,390000.0,low
8684,1775700011,2015-05-12,3,26375,390000.0,low
13584,2380000040,2014-08-06,4,77574,390000.0,low
17788,9558010300,2015-04-23,4,3864,390000.0,low
3417,2473350930,2014-06-09,4,7875,390000.0,low
13576,9269200150,2014-07-15,1,4920,390000.0,low
2980,3744600028,2014-11-21,4,46609,390000.0,low
17304,8901000491,2014-08-28,2,8164,390000.0,low
8381,1023089085,2014-08-04,3,15170,390000.0,low
3879,4364700600,2015-03-30,3,7920,390000.0,low
3136,1023059313,2015-02-05,3,4755,390000.0,low
3410,9390700100,2014-09-10,2,2723,390000.0,low
18822,1861400068,2014-09-11,2,1800,390000.0,low
7444,7503000050,2014-08-07,3,10113,390000.0,low
19125,4323700230,2014-08-18,4,9750,390000.0,low
6291,2253200010,2015-05-07,5,9537,390000.0,low
4667,7300410110,2014-05-19,4,8290,390000.0,low
6791,9826701794,2014-12-05,3,1608,390000.0,low
4777,2624089181,2014-08-12,4,47250,390000.0,low
4778,8718500275,2014-07-15,3,12240,390000.0,low
17639,1023089197,2014-10-07,3,12443,390000.0,low
14573,3157600325,2014-06-20,3,3750,390000.0,low
5277,1787600224,2015-03-10,3,6991,390000.0,low
5310,8690800130,2014-11-04,3,8676,390000.0,low
19914,952006827,2015-04-22,3,1254,390000.0,low
6935,2323069022,2015-01-15,2,119790,390000.0,low
19683,1624049293,2014-05-06,5,5000,390000.0,low
6163,5561200980,2014-10-03,4,35218,390000.0,low
19892,2140950160,2015-02-22,4,7227,390000.0,low
6152,7878400022,2015-05-06,4,7920,390000.0,low
14675,2051200506,2015-04-13,3,85226,390000.0,low
14766,9834200411,2014-11-13,3,3621,390000.0,low
6022,5631500992,2014-05-15,3,10800,390000.0,low
19765,5100400251,2015-01-06,2,1992,390000.0,low
4655,2391601380,2015-02-23,3,6250,390000.0,low
13518,1930301540,2015-02-23,1,4000,390000.0,low
7590,8121100147,2014-07-14,3,2875,390000.0,low
4225,9477001270,2015-03-16,3,10030,390000.0,low
15139,7229900285,2014-09-17,3,16815,390000.0,low
4020,4459800100,2015-04-22,2,3800,390000.0,low
4038,3277801450,2015-04-15,4,6250,390000.0,low
11486,2731600045,2015-01-07,4,9200,390000.0,low
7510,5467500040,2015-03-04,4,7560,390000.0,low
20310,9512200420,2014-07-21,4,4153,390000.0,low
19210,1901600090,2015-04-26,5,6654,390000.0,low
14417,2064800610,2014-10-25,3,10292,390000.0,low
7289,1425059174,2014-10-28,3,10827,390000.0,low
4595,4040800090,2014-05-06,3,6500,390000.0,low
17405,1112700010,2014-06-19,3,10240,390000.0,low
19265,1781500180,2015-03-27,2,4725,390000.0,low
7158,3622059180,2014-07-03,4,76877,390000.0,low
7048,2841500010,2014-09-24,4,5724,390000.0,low
4459,3023049256,2014-06-04,3,11108,390000.0,low
7047,1545805980,2014-11-10,3,8820,390000.0,low
19352,1523059103,2014-09-26,4,22215,390000.0,low
4533,3818700123,2014-08-13,3,5737,390000.0,low
2259,7305300370,2015-05-04,3,8410,390000.0,low
5912,5095400460,2014-07-23,4,15496,390000.0,low
13852,3422059010,2015-03-27,3,98445,390000.0,low
13892,5272200035,2014-09-03,3,6947,390000.0,low
10063,6413100311,2014-06-03,3,7236,390000.0,low
10028,2979800764,2014-06-05,3,868,390000.0,low
9699,1934800138,2014-12-04,2,934,390000.0,low
1765,2473350710,2014-10-27,4,8364,390000.0,low
10501,1326059070,2014-07-08,3,16552,390000.0,low
15673,4038300010,2014-09-22,3,7700,390000.0,low
9510,1402000210,2015-04-27,3,31497,390000.0,low
15626,8963300005,2014-11-06,5,7900,390000.0,low
710,3216900060,2014-06-25,4,8548,390000.0,low
18386,3421069044,2014-12-23,3,250905,390000.0,low
317,3422059208,2015-05-11,3,64904,390000.0,low
877,6204400270,2014-11-25,3,11576,390000.0,low
13873,3876000120,2015-03-04,5,8970,390000.0,low
929,7937600830,2014-08-08,4,262018,390000.0,low
21061,982850120,2015-03-03,3,4539,390000.0,low
9444,3834000720,2015-03-19,2,8147,390000.0,low
1597,2130702205,2015-04-06,3,7123,390000.0,low
774,2205500575,2015-02-09,3,10800,390000.0,low
18531,5151600300,2014-08-12,4,12848,390000.0,low
80,5104520400,2014-12-02,3,5100,390000.0,low
17073,2206700280,2014-12-08,3,13991,390000.0,low
18077,6058600385,2014-08-11,2,3100,390000.0,low
16041,1022069071,2014-08-08,3,40250,390000.0,low
12703,9164100040,2014-10-26,2,5160,390000.0,low
1264,3339400349,2014-11-24,3,21780,390000.0,low
1511,1328330350,2015-02-13,3,7725,390000.0,low
9619,325059131,2014-10-13,4,12100,390000.0,low
1953,1402000070,2014-05-20,4,33132,390000.0,low
13096,9485930120,2014-10-14,3,32112,390000.0,low
225,7454001200,2014-06-04,3,7500,390000.0,low
21517,7904700134,2014-06-26,3,913,390000.0,low
10858,2591800340,2015-04-30,3,7420,390000.0,low
17936,2822069080,2014-11-21,4,43560,390000.0,low
10886,4123840570,2014-10-20,3,8076,390000.0,low
18197,3241600027,2014-10-06,2,12960,390000.0,low
1682,3971701922,2014-10-29,3,13500,390000.0,low
290,6113400046,2014-07-23,4,15770,389999.0,low
17045,291300010,2014-05-21,3,1471,389999.0,low
21415,7237450100,2014-09-19,4,4330,389990.0,low
21270,1773100541,2015-04-17,3,920,389950.0,low
12002,7852150200,2014-09-23,3,6396,389950.0,low
1830,3013300510,2015-05-06,2,4234,389950.0,low
16039,1509500080,2015-03-17,3,8140,389950.0,low
19898,422000075,2014-07-11,4,5500,389950.0,low
20328,8943600430,2015-04-23,3,3996,389950.0,low
10170,6837820030,2014-05-22,4,8060,389950.0,low
17464,5500200010,2014-10-14,3,9049,389950.0,low
11049,3023059012,2014-09-10,4,117176,389900.0,low
17691,7861500150,2014-12-02,3,59241,389900.0,low
6927,8665200020,2014-06-23,3,12821,389800.0,low
20961,7203140220,2015-01-16,3,3581,389700.0,low
21069,255450040,2014-09-18,4,4725,389517.0,low
20626,7625702431,2014-07-16,3,874,389500.0,low
8202,9264930770,2014-10-29,5,12527,389500.0,low
1297,2492200435,2014-06-06,2,4080,389250.0,low
10521,1766600075,2014-09-02,2,5400,389100.0,low
7304,3211200460,2014-08-06,4,9800,389000.0,low
5202,2817100430,2015-05-11,3,12972,389000.0,low
13821,6411600043,2014-07-02,4,7700,389000.0,low
382,808300310,2015-03-13,4,5337,389000.0,low
4105,8682301910,2014-07-22,2,4122,389000.0,low
12179,3293700521,2015-04-14,3,8028,389000.0,low
14051,8682291510,2015-01-26,2,7131,389000.0,low
1327,5101405274,2014-05-29,2,7000,389000.0,low
7693,3579700100,2014-05-27,5,10750,389000.0,low
14850,9830200230,2015-01-20,2,4848,389000.0,low
3502,9523103001,2014-10-13,2,3276,389000.0,low
10425,3294700421,2015-02-25,3,10075,389000.0,low
14028,2724069103,2014-08-28,3,10018,389000.0,low
17796,821049123,2014-10-28,4,9147,389000.0,low
15355,3422049088,2015-03-24,3,9220,389000.0,low
18763,3332000615,2015-04-22,3,3740,389000.0,low
8266,5409000110,2015-05-06,6,14010,389000.0,low
3151,7853270940,2014-09-05,3,4515,389000.0,low
3176,6141100750,2014-10-08,3,6591,389000.0,low
20088,7625702437,2015-01-15,3,874,389000.0,low
1421,9238450160,2015-04-28,3,9630,389000.0,low
21005,255460330,2015-05-06,3,4200,388598.0,low
12962,3320000222,2014-08-27,3,944,388500.0,low
20133,5137800130,2015-04-07,4,6197,388500.0,low
9989,7853302190,2014-12-17,4,5395,388500.0,low
20083,2143700756,2014-09-29,4,5040,388000.0,low
15531,3126049415,2015-04-07,3,2325,388000.0,low
11112,5705500075,2015-03-26,2,4800,388000.0,low
19822,7904700126,2014-11-20,3,915,388000.0,low
2743,2781260070,2015-01-08,4,5800,388000.0,low
18702,2473530100,2014-05-23,4,7155,388000.0,low
21554,2855000110,2014-08-08,3,6222,388000.0,low
15624,1223039242,2015-01-26,3,9277,388000.0,low
16238,3158500290,2014-09-19,4,5595,387990.0,low
19798,255450340,2014-08-27,3,4200,387865.0,low
16127,3818700190,2014-12-15,4,15205,387846.0,low
7585,9828201725,2014-05-20,4,4440,387500.0,low
18541,820000018,2014-10-14,3,2218,387500.0,low
688,1566100400,2014-09-24,3,8329,387500.0,low
2013,3226049117,2015-02-13,2,6126,387500.0,low
17253,7454001405,2015-04-03,4,7140,387500.0,low
11406,1328320350,2014-12-02,4,9856,387500.0,low
15941,2423039134,2015-03-24,4,9900,387500.0,low
3653,6117501015,2014-06-06,3,14333,387500.0,low
3079,4027700853,2015-04-28,6,7684,387500.0,low
3060,7462900015,2015-01-08,3,45133,387000.0,low
5753,3274800460,2014-05-20,2,1280,387000.0,low
349,7374200030,2015-04-16,4,7690,387000.0,low
7861,1189000207,2014-10-21,2,1394,387000.0,low
19459,1972200382,2014-11-21,2,948,387000.0,low
3115,4047200850,2015-04-02,3,21929,387000.0,low
15416,3205100130,2014-05-06,3,9568,387000.0,low
16719,8685500020,2015-05-12,3,6372,387000.0,low
2584,1437900350,2014-10-27,3,6500,387000.0,low
3875,1066600025,2014-10-29,3,10800,387000.0,low
5944,291300170,2014-05-09,3,1606,387000.0,low
21422,9274200028,2015-02-19,3,1089,386950.0,low
3046,9206200110,2015-03-10,3,10500,386900.0,low
5349,8929000280,2014-05-19,3,1613,386591.0,low
13080,1250201175,2015-03-23,4,3600,386500.0,low
1852,2592400140,2015-02-11,3,7350,386500.0,low
13938,7508700085,2014-07-24,3,8036,386500.0,low
4951,8562890430,2015-04-07,4,5048,386500.0,low
13694,6817800730,2015-01-08,2,11071,386500.0,low
20687,7203140270,2014-05-15,3,3600,386380.0,low
19674,1934800162,2015-05-11,2,1829,386180.0,low
17512,1049010050,2014-12-19,3,6760,386100.0,low
5824,1622049182,2014-06-25,4,9583,386000.0,low
6373,2163300130,2014-10-01,5,12413,386000.0,low
9896,2771101963,2014-06-11,3,1318,386000.0,low
16794,1473120190,2014-05-30,3,7560,386000.0,low
8931,3715500220,2014-06-05,3,8100,386000.0,low
20827,1329300070,2015-03-20,4,6079,386000.0,low
16717,1328320920,2015-04-21,4,8560,386000.0,low
4308,7853340490,2014-06-17,2,3196,386000.0,low
8117,5649600266,2015-02-24,3,8000,386000.0,low
17792,3814800300,2014-08-11,4,11897,386000.0,low
5541,2248000080,2014-05-21,3,7947,385500.0,low
804,4365200860,2014-06-06,4,7740,385200.0,low
2687,3076500830,2014-10-29,1,6000,385195.0,low
3704,3992700265,2014-08-04,3,8040,385100.0,low
10353,3308030060,2014-06-19,3,11200,385000.0,low
14188,6145600040,2014-06-23,3,1677,385000.0,low
14178,3824100166,2014-11-22,4,10358,385000.0,low
10740,2881700273,2014-08-19,4,7102,385000.0,low
11849,1072000400,2014-10-23,4,13000,385000.0,low
9424,6381500035,2014-05-08,3,9920,385000.0,low
10505,3438501860,2015-04-22,3,5950,385000.0,low
8671,4022900571,2015-01-12,5,11750,385000.0,low
14130,1231001225,2014-09-16,2,4000,385000.0,low
19756,1823049179,2015-01-21,4,9716,385000.0,low
18647,9485951460,2014-06-23,4,37011,385000.0,low
10552,3293700105,2015-04-28,3,10318,385000.0,low
18902,4058800930,2014-07-20,3,6360,385000.0,low
19002,5216200090,2014-06-16,2,26329,385000.0,low
8052,5680000750,2014-07-30,3,4805,385000.0,low
14279,2201500555,2014-09-29,3,10980,385000.0,low
10349,1530900560,2014-12-15,2,3710,385000.0,low
6812,9834201205,2015-03-04,1,5100,385000.0,low
11587,8807810890,2014-11-05,3,21303,385000.0,low
6995,7715600050,2015-02-19,3,5950,385000.0,low
6730,2114700190,2014-12-12,4,2460,385000.0,low
6696,2011400779,2014-12-02,4,10454,385000.0,low
16565,5587000010,2014-11-20,3,8450,385000.0,low
19539,7950302150,2015-04-10,1,3570,385000.0,low
19543,1630700276,2015-01-05,2,159865,385000.0,low
10012,4036801245,2014-05-22,3,7300,385000.0,low
9992,7199330370,2015-03-09,3,7360,385000.0,low
18267,2558160220,2014-12-10,4,11375,385000.0,low
14633,6716700325,2014-07-14,3,3000,385000.0,low
7641,3574801490,2014-06-09,3,7500,385000.0,low
7675,3083000355,2014-12-04,5,4000,385000.0,low
9604,5649000150,2014-06-10,4,8750,385000.0,low
6753,3276180020,2015-03-27,4,10757,385000.0,low
8528,3815500035,2014-05-20,3,9630,385000.0,low
10604,7715600070,2014-12-12,3,14288,385000.0,low
19792,7904700128,2014-11-10,3,1540,385000.0,low
20149,2771102144,2014-05-02,3,1327,385000.0,low
12616,1139000620,2014-10-08,2,7554,385000.0,low
2729,5680000260,2015-05-12,3,4600,385000.0,low
19799,2172000890,2014-11-20,4,6238,385000.0,low
2805,2473450200,2015-03-05,4,10925,385000.0,low
2981,3679400025,2014-08-12,3,5863,385000.0,low
13342,3971700580,2015-03-03,3,14389,385000.0,low
12441,8098400135,2014-05-13,3,6600,385000.0,low
12391,8087800400,2014-12-01,4,7350,385000.0,low
3560,5248800625,2015-03-16,3,4000,385000.0,low
20443,3126049501,2014-07-17,3,2030,385000.0,low
3702,3738900165,2014-10-24,4,8215,385000.0,low
3896,2570500090,2014-10-07,5,9780,385000.0,low
12321,1953400045,2015-04-23,4,7700,385000.0,low
12310,7529500030,2014-09-09,6,7416,385000.0,low
4039,1862400518,2015-03-04,3,1297,385000.0,low
20320,7203140420,2015-01-28,3,4145,385000.0,low
12234,6918710340,2014-08-22,3,8000,385000.0,low
2586,3990200125,2014-07-11,3,7400,385000.0,low
12865,2817100910,2014-06-16,3,9912,385000.0,low
21209,3448720020,2014-06-13,4,5276,385000.0,low
17031,2742100009,2014-05-06,3,5520,385000.0,low
20,6300500875,2014-05-14,4,4980,385000.0,low
21587,6632300207,2015-03-05,3,1488,385000.0,low
13154,1387300760,2014-08-04,3,7800,385000.0,low
177,2254502445,2014-05-30,3,4800,385000.0,low
199,1222069094,2014-10-14,3,155073,385000.0,low
256,7972601890,2014-10-20,4,7620,385000.0,low
13077,7979900145,2015-02-05,3,11398,385000.0,low
389,2890100060,2014-08-01,4,10726,385000.0,low
17158,4027701284,2014-06-05,3,11500,385000.0,low
21466,6431000987,2014-09-02,3,1598,385000.0,low
674,1402200340,2014-08-13,3,18000,385000.0,low
16079,5416510920,2014-06-16,4,5054,385000.0,low
17129,3645100280,2014-06-13,3,4833,385000.0,low
15799,2824069180,2014-08-06,4,10890,385000.0,low
961,7715800570,2015-04-13,3,7380,385000.0,low
1089,1081300370,2015-04-27,4,11700,385000.0,low
20194,1459920190,2014-12-04,4,5701,385000.0,low
2764,3205400140,2014-06-30,3,7030,385000.0,low
4991,6817800630,2014-05-16,3,10541,385000.0,low
14977,7011201087,2014-08-04,3,1450,385000.0,low
12028,3448002267,2015-04-28,3,3850,385000.0,low
14970,8691510290,2015-05-06,3,8296,385000.0,low
12050,8122100160,2014-10-23,3,7020,385000.0,low
5273,4204400098,2015-04-21,5,8250,385000.0,low
5803,1622059088,2014-06-26,4,22651,385000.0,low
5620,9834200950,2014-06-16,4,4080,385000.0,low
5328,254000545,2014-10-23,4,5280,385000.0,low
4973,3438502715,2014-07-30,4,5102,385000.0,low
20641,5416510200,2014-09-29,4,4913,384950.0,low
10538,253600160,2014-05-30,3,3690,384950.0,low
18449,4365200865,2014-09-02,3,7740,384950.0,low
6650,1196000007,2014-05-05,5,12750,384900.0,low
20164,291310170,2014-08-04,3,2610,384500.0,low
15996,2895600420,2015-04-21,2,5236,384500.0,low
19723,1085622860,2014-07-21,3,3906,384435.0,low
4239,2926049449,2014-06-18,3,1388,384400.0,low
13616,7853340330,2014-09-11,3,3292,384205.0,low
13277,1402650360,2014-10-23,3,7613,384200.0,low
7359,8961950250,2014-09-15,5,8160,384000.0,low
13811,7852150120,2014-05-20,3,4000,384000.0,low
20514,4092300211,2014-10-24,3,736,384000.0,low
6365,1498301213,2015-03-11,3,1564,384000.0,low
20036,7625703354,2014-07-30,3,800,384000.0,low
9096,4174600331,2014-07-17,6,4502,384000.0,low
913,2115200125,2014-09-19,4,7135,384000.0,low
19571,3779300210,2014-06-30,4,6998,383962.0,low
15595,1826049408,2015-04-27,3,8040,383900.0,low
10089,4024100982,2015-02-19,3,8450,383610.0,low
10207,8029600400,2015-02-13,3,6387,383150.0,low
9143,3581000210,2014-09-04,3,7210,383001.0,low
12961,3344500085,2014-10-15,4,19607,383000.0,low
13927,9477000120,2014-10-22,3,7215,383000.0,low
20163,7570060290,2015-03-04,4,4953,383000.0,low
5227,1782000130,2014-05-23,3,5612,383000.0,low
2706,7436900045,2014-09-25,3,10196,383000.0,low
11314,7399200510,2014-08-12,4,10580,383000.0,low
19354,1628700107,2014-06-25,3,13430,383000.0,low
15598,3010300415,2015-02-11,5,5750,383000.0,low
14868,3664500133,2014-11-17,4,21183,383000.0,low
14709,8039900360,2014-07-08,3,15000,383000.0,low
16093,3579700080,2014-09-05,4,11090,383000.0,low
18235,6073300790,2015-01-05,3,7725,383000.0,low
20810,8091670030,2014-05-12,4,6223,383000.0,low
4064,114101055,2014-12-23,3,10031,383000.0,low
2096,1721059286,2015-01-21,4,8055,383000.0,low
18671,3123039042,2014-12-23,3,14850,383000.0,low
15484,4029400080,2015-04-06,4,8310,383000.0,low
8732,3364900156,2015-03-17,1,2380,382888.0,low
18129,5127100100,2015-05-11,3,9566,382880.0,low
12181,3216900070,2014-06-17,4,7079,382500.0,low
15378,7738500185,2014-09-23,3,6249,382500.0,low
4858,5706200280,2014-07-01,3,9000,382500.0,low
16123,2872900010,2015-04-14,3,9862,382500.0,low
138,3992700335,2014-07-07,2,4440,382500.0,low
10246,3876200060,2014-05-02,4,8700,382500.0,low
9014,9406570300,2014-09-30,4,8786,382500.0,low
20286,8091670190,2014-11-04,3,5390,382495.0,low
4082,3751601501,2014-07-16,3,20531,382450.0,low
12760,8150600065,2014-09-24,3,4840,382000.0,low
11210,4402700125,2014-07-16,3,7679,382000.0,low
21365,982850020,2014-09-03,3,4667,382000.0,low
13606,1843100610,2014-05-21,5,11965,382000.0,low
18559,7525100590,2015-04-06,2,2560,382000.0,low
5243,3459000020,2015-04-14,3,15528,382000.0,low
6165,6840701100,2014-12-02,4,4400,382000.0,low
14957,7853340660,2014-08-06,2,2710,382000.0,low
20509,7889601270,2014-08-21,4,3000,382000.0,low
7558,8673400061,2014-11-19,2,877,382000.0,low
8287,4310701577,2014-05-09,3,1253,382000.0,low
1455,1559900200,2015-03-26,3,4500,382000.0,low
17777,3438501450,2015-05-07,2,10492,382000.0,low
12549,6450301530,2014-10-16,4,5250,381800.0,low
18043,3211230300,2014-09-29,2,35183,381500.0,low
2601,2464400340,2014-06-25,2,2910,381500.0,low
15436,8562891100,2014-09-10,4,5556,381500.0,low
868,3330500875,2014-12-26,2,3090,381156.0,low
1387,616000160,2014-12-10,3,14400,381000.0,low
14749,8682262380,2014-09-05,2,4447,381000.0,low
13476,204000175,2014-07-31,3,8946,381000.0,low
2454,7852150140,2014-10-07,3,3999,381000.0,low
4473,408100110,2014-06-12,3,6000,381000.0,low
18874,3205500230,2014-08-11,3,7216,381000.0,low
13124,9558021010,2014-10-03,4,6003,381000.0,low
13111,7229900925,2014-10-10,3,18246,381000.0,low
16822,6654700250,2014-08-12,5,6895,381000.0,low
8620,7979900215,2014-06-11,3,11407,381000.0,low
14695,6381500450,2014-11-04,2,7819,380950.0,low
21106,4253400104,2015-02-12,2,1039,380950.0,low
8226,3793400360,2014-08-14,3,12244,380600.0,low
7525,993000873,2015-03-18,3,1348,380500.0,low
7190,1565950670,2015-02-25,3,7361,380500.0,low
16480,9477201060,2015-04-23,3,7854,380500.0,low
1038,5104511040,2015-02-20,4,6921,380000.0,low
21229,5635100050,2014-11-21,4,8035,380000.0,low
1141,3320000810,2015-02-24,5,3240,380000.0,low
18274,1180008355,2014-05-07,5,6000,380000.0,low
6238,40000235,2015-04-14,5,8428,380000.0,low
14820,1523069151,2014-07-11,2,81021,380000.0,low
6228,9561100010,2014-11-04,3,6985,380000.0,low
9936,1771000960,2015-04-29,3,9375,380000.0,low
76,4036801170,2014-10-13,4,7300,380000.0,low
16857,6371000020,2014-11-11,2,780,380000.0,low
21584,952006823,2014-12-02,3,900,380000.0,low
18080,5500100120,2014-09-16,4,10186,380000.0,low
5707,7940700190,2014-08-13,2,5756,380000.0,low
361,1072010350,2014-08-28,5,11340,380000.0,low
373,7683900200,2014-12-23,5,9914,380000.0,low
423,1442860160,2015-01-07,3,10255,380000.0,low
21464,2021000180,2015-03-10,4,5001,380000.0,low
19899,263000253,2015-03-30,3,1485,380000.0,low
10076,9225900055,2014-07-22,3,10870,380000.0,low
10070,3822200105,2014-09-23,4,12518,380000.0,low
19924,6056100383,2014-05-20,3,1468,380000.0,low
15817,3942900010,2015-03-05,4,9996,380000.0,low
13856,4123840210,2015-03-18,3,6047,380000.0,low
19631,3157600075,2015-02-07,3,3218,380000.0,low
4648,1726069064,2015-03-24,2,75132,380000.0,low
9569,722059002,2014-09-09,2,114127,380000.0,low
3474,2493200015,2014-06-20,3,4288,380000.0,low
18848,7631800110,2014-09-18,3,17342,380000.0,low
18885,3342103149,2014-09-10,3,8400,380000.0,low
20631,6600060160,2015-02-09,4,4467,380000.0,low
3119,3918400017,2015-02-05,0,979,380000.0,low
3260,9842300485,2015-03-11,2,7372,380000.0,low
3295,9413400165,2014-06-24,3,15559,380000.0,low
8114,5104511590,2014-05-20,4,9764,380000.0,low
8078,1226039103,2014-06-10,4,11123,380000.0,low
3331,2011400405,2014-08-31,5,38125,380000.0,low
14565,7146400040,2015-03-12,5,15500,380000.0,low
7901,7287100035,2014-07-31,3,16736,380000.0,low
14909,9558050780,2015-04-14,4,3200,380000.0,low
2934,1023059429,2015-01-22,4,5857,380000.0,low
3689,1231001110,2014-07-22,3,3532,380000.0,low
19497,7277100610,2014-08-25,2,7560,380000.0,low
7631,7183000120,2014-08-12,4,11070,380000.0,low
6734,3188100007,2014-10-22,3,1778,380000.0,low
7532,253600150,2014-08-26,2,3504,380000.0,low
15104,1972202320,2015-04-27,3,3000,380000.0,low
20283,662440020,2015-02-26,4,4981,380000.0,low
4338,2620069113,2014-09-02,3,39848,380000.0,low
7222,126049167,2014-06-19,4,20181,380000.0,low
20227,3277801586,2015-05-08,3,1464,380000.0,low
20213,9358001403,2014-09-03,3,1468,380000.0,low
19996,3654200037,2015-03-30,3,1305,380000.0,low
8498,8948500025,2015-04-25,4,9398,380000.0,low
6352,9358002232,2014-10-19,3,1656,380000.0,low
14510,5112800234,2015-03-04,3,25705,380000.0,low
9514,1843100540,2015-04-29,3,12042,380000.0,low
1580,3959400135,2014-06-02,2,4800,380000.0,low
9492,3995700220,2015-03-17,3,8147,380000.0,low
18439,3319500317,2014-05-22,2,987,380000.0,low
9406,2026079055,2014-08-18,1,44866,380000.0,low
14022,7435500085,2014-05-28,3,8281,380000.0,low
1845,8856920260,2014-08-18,3,8580,380000.0,low
2028,5379804888,2015-04-21,4,9150,380000.0,low
9102,8860500150,2014-06-13,4,6365,380000.0,low
2052,2155500030,2015-04-28,4,9600,380000.0,low
2310,2724069117,2014-11-14,6,6969,380000.0,low
8849,2817900180,2015-04-11,3,51212,380000.0,low
20707,603000926,2014-05-22,5,4670,380000.0,low
8781,2310100230,2014-08-12,4,7707,380000.0,low
8779,3343900120,2015-01-26,4,7200,380000.0,low
20780,6300000226,2015-05-04,4,2171,380000.0,low
8730,9113600210,2014-06-17,4,37647,380000.0,low
14122,3856904825,2014-11-04,2,3400,380000.0,low
15403,8820903560,2014-12-16,2,4836,380000.0,low
20764,9536600810,2014-07-08,4,32400,380000.0,low
8676,323089095,2014-10-31,3,12378,380000.0,low
16261,7100000250,2015-02-11,3,8710,380000.0,low
8642,9144100298,2015-03-02,3,7980,380000.0,low
20728,3023000200,2015-05-05,4,5306,380000.0,low
18629,3501600215,2015-04-14,2,4800,380000.0,low
13191,2473000720,2014-07-17,4,7980,380000.0,low
17805,2206900065,2015-05-01,3,11173,380000.0,low
17517,3034200275,2014-08-17,3,8611,380000.0,low
11816,3992700326,2014-08-22,3,5400,380000.0,low
11148,1122059037,2015-04-13,3,104108,380000.0,low
11881,705700240,2015-02-18,4,10079,380000.0,low
12888,2734100395,2015-05-13,2,4000,380000.0,low
17759,5592900205,2015-04-09,2,7191,380000.0,low
13062,5249803036,2014-07-14,3,4800,380000.0,low
12367,2591820070,2015-04-28,3,8102,380000.0,low
11563,243000045,2014-08-29,3,8775,380000.0,low
17290,1974300020,2014-08-27,4,11500,380000.0,low
17509,952003340,2014-07-09,2,3910,380000.0,low
16824,9477201470,2014-10-22,3,6900,379950.0,low
19538,8718500610,2014-05-26,3,9144,379950.0,low
12660,4440900040,2014-05-05,4,9389,379950.0,low
20949,6163900628,2014-05-16,3,1787,379950.0,low
20957,5416510530,2014-11-24,4,4818,379950.0,low
17168,339600290,2015-04-06,3,5077,379950.0,low
20060,5635100090,2015-02-25,4,5850,379950.0,low
14824,4123810210,2014-07-16,3,12065,379950.0,low
10411,826000295,2014-12-15,2,7500,379950.0,low
15897,3158500130,2014-08-21,4,4500,379950.0,low
7336,7972601950,2014-06-17,5,7350,379900.0,low
20657,3278611610,2014-09-07,3,2792,379900.0,low
10588,2310110070,2015-03-17,3,5071,379900.0,low
19838,3278611600,2014-07-14,3,2791,379900.0,low
14728,7972602510,2014-10-06,2,7620,379900.0,low
11258,7937600262,2014-07-10,3,44967,379900.0,low
19749,6362900138,2014-11-03,2,1331,379900.0,low
7583,3649100306,2014-05-06,4,11600,379900.0,low
20050,3321049112,2015-02-22,4,5831,379900.0,low
13166,1523069197,2014-05-03,3,14054,379880.0,low
17292,3630020380,2014-11-07,3,1779,379770.0,low
10762,5152960350,2014-11-13,4,9650,379750.0,low
4729,3205100110,2015-04-21,3,12420,379600.0,low
4449,2695600195,2014-11-24,2,5096,379500.0,low
20555,1085622540,2015-02-23,4,5102,379500.0,low
1736,5095600310,2014-07-25,3,14196,379500.0,low
8002,7199360100,2014-11-12,3,7128,379500.0,low
21016,291310180,2014-06-13,3,1287,379500.0,low
12638,2220069203,2014-09-08,4,53578,379500.0,low
6388,7229800430,2014-07-23,3,25641,379500.0,low
13422,203101210,2014-05-07,2,17335,379500.0,low
17050,930000305,2014-11-10,4,7680,379400.0,low
4221,7893801862,2014-08-11,3,7202,379260.0,low
1056,3756600240,2015-03-19,3,10320,379000.0,low
18644,2624049115,2014-07-10,4,5460,379000.0,low
20474,993000315,2014-10-02,3,1234,379000.0,low
5250,4131500190,2015-05-07,5,8550,379000.0,low
20153,8091670020,2014-08-01,4,5824,379000.0,low
13985,2591010180,2014-07-09,3,2913,379000.0,low
20063,3449000300,2014-06-09,4,7560,379000.0,low
20442,3278606200,2014-09-19,3,3075,379000.0,low
16843,2558600130,2014-10-23,3,7420,379000.0,low
16542,3343901440,2015-05-11,4,7876,379000.0,low
815,1421069208,2014-12-23,3,17852,379000.0,low
2610,1422300160,2014-06-24,3,30886,379000.0,low
983,1862400132,2014-09-16,2,5400,379000.0,low
4790,723069049,2014-07-24,5,25175,379000.0,low
17883,5100400315,2014-05-23,2,6380,379000.0,low
17323,1509500380,2015-01-28,4,10155,379000.0,low
9238,1787250210,2014-12-22,4,5225,379000.0,low
4152,6139100056,2014-10-23,4,8400,378950.0,low
21276,6306800080,2014-08-06,4,15314,378950.0,low
7025,241900020,2014-07-18,5,5400,378800.0,low
398,1604601375,2014-06-19,3,3000,378750.0,low
14726,3874900205,2015-04-14,2,5185,378510.0,low
7934,3812400107,2015-03-30,4,6000,378500.0,low
480,2205700350,2014-11-04,4,8640,378500.0,low
5655,5101405276,2014-06-09,2,7528,378500.0,low
2579,1121059105,2014-07-08,3,43821,378500.0,low
7124,1454100480,2014-08-19,2,6171,378500.0,low
640,4315700060,2015-03-03,2,3850,378000.0,low
6645,7853340430,2014-11-19,2,2513,378000.0,low
20273,567000381,2015-03-28,2,853,378000.0,low
14520,9250900124,2015-05-05,4,6075,378000.0,low
1930,3664500041,2015-04-17,4,23200,378000.0,low
959,8113101670,2014-12-03,4,7920,378000.0,low
17286,9421500130,2014-06-16,5,8015,378000.0,low
936,7714000070,2015-02-05,4,4650,378000.0,low
2959,1324079085,2015-05-04,3,57499,378000.0,low
9863,5104520810,2014-08-10,3,11672,378000.0,low
20800,6130500070,2014-10-08,3,2082,378000.0,low
11111,8856920550,2015-03-19,3,8404,378000.0,low
11964,5272200045,2014-11-13,3,6914,378000.0,low
1611,9407101840,2014-06-20,4,12236,378000.0,low
20459,2325300093,2014-07-07,3,2491,378000.0,low
13137,3321079060,2014-10-20,3,117176,378000.0,low
5154,3705900130,2014-05-23,5,8399,377691.0,low
21507,7625702441,2014-08-08,3,886,377500.0,low
12491,5379805121,2014-12-29,4,10720,377500.0,low
5932,7625704317,2015-05-03,2,4500,377500.0,low
8439,6632300230,2014-10-06,3,7200,377500.0,low
19623,291310260,2014-05-16,3,1377,377500.0,low
19998,2771101921,2014-12-11,2,1251,377000.0,low
16451,3438500114,2015-05-12,4,5014,377000.0,low
16019,8041100010,2014-08-18,3,34800,377000.0,low
6459,9477730080,2014-12-10,3,7389,377000.0,low
5531,127100005,2015-04-01,4,8385,377000.0,low
19633,9429400060,2015-04-09,3,5333,377000.0,low
18616,3235390100,2015-02-03,4,11511,377000.0,low
7619,5652601075,2014-08-25,1,10585,377000.0,low
15978,1329300480,2014-10-23,4,5750,376950.0,low
7702,6381500065,2014-07-29,3,7800,376500.0,low
20599,6749700002,2014-05-09,3,1384,376000.0,low
15183,2326300010,2014-05-20,2,4000,376000.0,low
18155,5379806180,2014-08-13,6,11662,376000.0,low
16518,4154302045,2015-03-16,2,2400,376000.0,low
5952,3630010020,2014-12-29,3,1827,376000.0,low
6323,6141600179,2014-11-12,3,9140,376000.0,low
7527,3629960590,2015-04-07,2,1635,376000.0,low
17332,2395710010,2014-06-05,4,5773,376000.0,low
16597,3342102385,2014-10-29,4,6750,376000.0,low
12499,2117700085,2014-07-30,3,7560,375950.0,low
21164,3304040130,2015-02-12,3,7120,375900.0,low
17104,1789800020,2014-06-03,6,33740,375900.0,low
21194,3304040020,2014-12-26,4,6452,375500.0,low
9437,9286750100,2014-06-10,3,7200,375500.0,low
18068,3816300065,2014-07-16,3,10798,375000.0,low
14072,3581100330,2014-08-04,3,7296,375000.0,low
5770,5248800250,2015-04-27,4,4600,375000.0,low
9004,6624300110,2014-06-23,4,7471,375000.0,low
105,1328310370,2015-04-02,3,10005,375000.0,low
15380,3298720010,2015-04-12,4,7403,375000.0,low
3972,2473002100,2014-08-27,4,11400,375000.0,low
11020,7604410030,2015-01-21,4,5240,375000.0,low
13249,8649400410,2015-04-17,3,13598,375000.0,low
21329,263000009,2015-01-29,3,1102,375000.0,low
544,7800800160,2014-11-21,3,18500,375000.0,low
3727,5469502460,2014-09-09,4,24800,375000.0,low
15256,114101426,2014-06-17,3,22470,375000.0,low
2782,859000160,2014-12-03,4,2410,375000.0,low
2842,626059317,2014-11-20,3,10574,375000.0,low
11160,6662400105,2014-10-30,3,5725,375000.0,low
10708,1081330030,2014-07-23,5,15598,375000.0,low
21453,2254502071,2014-05-23,2,1430,375000.0,low
16209,4450700010,2014-07-08,3,9673,375000.0,low
20859,9524100322,2014-10-20,3,1557,375000.0,low
21454,4310702838,2015-04-27,3,1213,375000.0,low
5237,6076500364,2014-09-10,3,16170,375000.0,low
10439,8091800140,2014-06-10,4,9427,375000.0,low
14838,9117100040,2014-08-28,5,9360,375000.0,low
9423,6411600113,2015-04-20,3,7425,375000.0,low
5400,3291800780,2015-02-03,4,8325,375000.0,low
5436,7301300050,2014-11-19,3,6180,375000.0,low
9347,7996700220,2015-04-30,2,2240,375000.0,low
19937,8151600973,2015-04-06,4,7245,375000.0,low
17114,5152960080,2014-12-10,3,9600,375000.0,low
8749,8856500220,2014-07-28,3,6420,375000.0,low
15155,3754700420,2015-04-01,3,8400,375000.0,low
9417,9828701565,2015-02-09,3,5200,375000.0,low
14861,3524049042,2014-05-27,3,7294,375000.0,low
12012,2291400566,2014-08-07,4,6820,375000.0,low
20540,7660100236,2015-04-16,3,1362,375000.0,low
5596,2345700500,2014-10-21,4,6145,375000.0,low
13613,2126079124,2015-04-02,4,61419,375000.0,low
2591,2558640340,2014-05-27,3,8775,375000.0,low
9436,2591720360,2014-12-26,3,37096,375000.0,low
15417,2929600020,2014-08-05,3,20672,375000.0,low
11121,6021503655,2014-07-16,3,816,375000.0,low
5312,2596400050,2014-07-30,3,7955,375000.0,low
12667,4036800770,2014-09-17,4,6650,375000.0,low
1022,8562500200,2014-06-05,3,8106,375000.0,low
20873,8946390040,2014-05-08,6,5793,375000.0,low
7296,2780700020,2014-09-10,4,9428,375000.0,low
1308,3260810260,2015-05-05,3,7205,375000.0,low
6926,6021503656,2014-09-02,3,1064,375000.0,low
17737,2826049160,2014-09-05,4,6834,375000.0,low
12735,6073300040,2015-01-06,4,12500,375000.0,low
6953,6150200280,2014-08-21,2,8527,375000.0,low
14256,8944310330,2014-08-19,3,5649,375000.0,low
21043,9276200220,2014-07-17,1,3166,375000.0,low
3602,6132600315,2014-08-27,1,5250,375000.0,low
21044,7904700032,2014-10-02,2,912,375000.0,low
7232,1211000185,2014-06-16,4,3000,375000.0,low
8011,2206700215,2014-08-22,4,9822,375000.0,low
13369,2770602170,2015-04-22,2,6000,375000.0,low
15623,3834500170,2015-01-16,3,8412,375000.0,low
19689,321030070,2014-08-14,4,7800,375000.0,low
20476,4310702837,2014-12-01,3,1227,375000.0,low
7370,8642600170,2014-10-09,4,19370,375000.0,low
19013,4046600820,2015-02-24,3,17550,375000.0,low
21074,263000006,2014-12-16,3,1131,375000.0,low
7490,6837700170,2014-09-03,2,4050,375000.0,low
7837,303000220,2015-04-21,4,18450,375000.0,low
1542,1176001195,2014-06-21,2,1820,375000.0,low
7756,312000265,2015-05-04,2,5120,375000.0,low
19151,4123820450,2014-05-07,3,13042,375000.0,low
19096,7852020580,2014-07-24,3,3930,375000.0,low
14358,8718500665,2014-07-24,3,11250,375000.0,low
15662,1862400285,2014-10-16,3,5404,375000.0,low
1901,2126049032,2014-09-05,3,9417,375000.0,low
19438,8127700845,2015-02-19,2,4618,375000.0,low
6799,4024101440,2014-06-18,3,6871,375000.0,low
8245,5272200040,2014-11-21,3,6947,375000.0,low
18687,622079089,2014-06-16,4,109336,375000.0,low
13482,1934800142,2014-12-03,2,1046,375000.0,low
6156,4141680190,2014-08-07,3,5760,375000.0,low
10704,1422059129,2014-08-14,3,42247,375000.0,low
11811,2206500550,2014-11-17,3,9800,375000.0,low
12543,8728100781,2014-05-16,3,1751,375000.0,low
19673,291310270,2014-11-19,3,2042,375000.0,low
6232,6412600005,2014-10-03,4,7232,375000.0,low
11239,5668500045,2014-09-17,3,7300,375000.0,low
14138,1643500072,2014-09-05,4,7245,375000.0,low
20912,3023000210,2014-10-01,4,5306,375000.0,low
17576,1222069089,2014-09-04,1,533610,375000.0,low
20942,3278606110,2015-01-08,3,2407,375000.0,low
6425,9368700006,2015-03-24,5,7560,375000.0,low
19582,5101407790,2014-08-01,2,5413,375000.0,low
15545,2380000190,2014-07-01,3,35150,375000.0,low
13179,2202500150,2014-08-19,3,9877,375000.0,low
16176,6117502455,2014-05-13,3,9486,375000.0,low
1965,8952900260,2014-09-19,3,12500,375000.0,low
8318,9517200180,2014-11-06,3,10078,375000.0,low
1242,226059078,2015-02-27,2,81892,375000.0,low
3419,5469000100,2014-08-06,4,8432,375000.0,low
10609,9378700200,2014-10-08,5,8410,375000.0,low
16167,2374200005,2014-06-16,4,6000,375000.0,low
8261,5628300015,2014-11-06,3,9750,375000.0,low
4849,9477100170,2014-07-21,3,9720,375000.0,low
15803,1703400470,2014-12-19,2,3915,375000.0,low
9776,2224700045,2014-08-04,6,8057,375000.0,low
20332,263000255,2014-12-02,3,1561,375000.0,low
424,7942600310,2014-07-17,2,5120,375000.0,low
4431,8718500495,2014-07-30,4,9225,375000.0,low
13862,2822049254,2014-05-16,4,7956,375000.0,low
10978,8039900400,2014-08-12,3,13775,375000.0,low
9784,2130700860,2015-04-30,3,8885,375000.0,low
10298,2916200138,2015-02-02,3,7560,375000.0,low
18128,7586200061,2015-03-12,3,1730,375000.0,low
10055,7308900445,2014-07-24,3,7671,375000.0,low
17427,7304300470,2014-09-04,3,11224,375000.0,low
16030,6300000396,2014-12-16,3,5060,375000.0,low
12132,3897100060,2014-07-23,3,5500,375000.0,low
12212,5416510990,2014-09-10,4,5000,375000.0,low
13669,3344500183,2015-01-28,4,12500,375000.0,low
20112,3278605590,2014-09-26,3,3825,375000.0,low
12266,1775950030,2014-08-12,4,15909,375000.0,low
3206,4046600750,2015-04-14,3,19550,375000.0,low
12152,2895600350,2014-11-03,3,5236,375000.0,low
13346,1822350180,2014-12-11,3,8004,375000.0,low
10038,1081310060,2015-01-08,5,14858,375000.0,low
10361,1081330060,2014-08-13,4,12738,375000.0,low
9910,8733000045,2014-10-07,4,9566,375000.0,low
10363,2783100160,2014-05-15,4,8000,375000.0,low
13779,7844200040,2014-07-31,3,9066,375000.0,low
4670,4302200590,2015-03-09,3,5146,375000.0,low
355,6607000126,2014-06-04,4,7475,375000.0,low
4247,4318200090,2014-06-18,2,9839,375000.0,low
4819,8820902905,2014-08-22,3,7733,375000.0,low
20615,3166900200,2015-03-31,3,5931,375000.0,low
4692,7379700051,2015-04-10,3,14766,375000.0,low
13777,7625703065,2014-06-04,2,6250,375000.0,low
13058,4365200555,2014-12-19,3,7740,375000.0,low
3196,6909200037,2014-08-15,2,1648,375000.0,low
16032,5116000170,2015-03-31,3,10484,374990.0,low
21078,7383450250,2015-03-11,4,3777,374950.0,low
3236,7660600131,2014-10-20,2,1172,374950.0,low
12902,2473411210,2015-01-22,4,8160,374950.0,low
3787,5130000090,2014-09-09,3,11562,374950.0,low
14067,9149000180,2014-08-19,3,9653,374950.0,low
21421,993001961,2014-07-09,3,1484,374950.0,low
9756,8078100140,2015-03-23,4,12062,374950.0,low
12290,7714000310,2014-07-19,4,4650,374950.0,low
763,8856940060,2015-02-27,4,4683,374950.0,low
9948,8731990370,2015-04-22,4,8800,374950.0,low
4420,1471701780,2014-08-14,4,14490,374950.0,low
11923,8691510310,2015-04-29,3,4950,374900.0,low
8438,1310980580,2015-03-19,5,8500,374900.0,low
20525,3876590090,2014-09-09,4,5811,374500.0,low
13889,5631501073,2014-06-25,3,11400,374500.0,low
3355,8143000490,2015-01-12,3,8636,374500.0,low
19211,9144300120,2015-01-28,3,9531,374500.0,low
2737,9371700132,2014-08-06,3,9585,374150.0,low
8124,1604601570,2014-09-05,2,1695,374000.0,low
8270,2124069103,2015-05-05,3,18439,374000.0,low
21222,3644100101,2014-07-07,2,1575,374000.0,low
13891,1775920210,2014-05-30,3,9800,374000.0,low
20806,3831250350,2015-04-08,3,6042,374000.0,low
14239,4016800120,2014-08-20,3,17808,374000.0,low
18927,3488300110,2014-09-10,2,5650,374000.0,low
888,1387300070,2014-08-25,3,10640,374000.0,low
19191,923059206,2014-07-15,4,15600,374000.0,low
1687,8680100030,2014-05-21,3,9416,374000.0,low
15186,4307340130,2014-06-22,4,6260,374000.0,low
2703,7445000105,2014-05-22,2,3330,373500.0,low
14819,6699930530,2015-03-25,4,4978,373500.0,low
10149,3876820140,2014-11-10,3,8974,373000.0,low
15903,1725800280,2014-06-16,3,5720,373000.0,low
11622,5469000140,2014-07-07,4,7920,373000.0,low
4204,3298700110,2014-11-09,3,6771,373000.0,low
4067,7226500100,2015-02-19,8,12714,373000.0,low
690,9133600075,2014-08-21,3,11788,373000.0,low
3471,2122059206,2014-05-13,5,5710,373000.0,low
8718,8029650040,2014-05-19,3,3565,373000.0,low
19572,424049059,2014-08-15,3,2445,373000.0,low
10592,3876311180,2014-09-04,3,7811,373000.0,low
18153,6703700025,2014-11-05,3,9655,373000.0,low
4755,8929000290,2014-05-14,3,1618,372977.0,low
1301,2026049155,2015-03-20,3,8648,372500.0,low
5472,3348401319,2014-05-12,5,10090,372500.0,low
10894,6817800510,2014-06-05,3,12324,372500.0,low
1592,1471630350,2014-10-24,3,12956,372500.0,low
18036,2473351050,2014-08-13,4,9660,372500.0,low
9638,1926049210,2015-04-22,2,10950,372500.0,low
16746,1826049430,2014-05-20,4,10523,372500.0,low
596,3278600240,2014-07-22,2,2958,372500.0,low
2258,1561910270,2015-03-17,3,11937,372400.0,low
3568,9169100214,2014-05-14,3,5500,372220.0,low
11794,4224100030,2015-04-03,4,9604,372000.0,low
18339,8562890590,2014-10-03,3,5000,372000.0,low
16116,8026200080,2014-07-15,4,10550,372000.0,low
13500,8835200610,2014-10-28,3,5633,372000.0,low
19263,7899800586,2015-04-09,4,7680,372000.0,low
1741,1843100070,2015-02-10,4,8967,372000.0,low
9824,522059062,2014-11-05,4,14175,372000.0,low
2917,49500090,2014-12-05,4,7914,372000.0,low
21220,2461900446,2014-10-23,3,1042,372000.0,low
1365,9407001860,2014-05-24,4,9300,372000.0,low
16790,8035600290,2015-04-13,4,8215,372000.0,low
12937,393000142,2014-12-11,4,8658,372000.0,low
13936,1243100191,2015-01-22,3,10140,372000.0,low
6328,2133020020,2015-01-16,3,15260,372000.0,low
13768,6699300330,2015-05-13,5,6010,372000.0,low
169,1755700060,2014-06-11,3,8336,371500.0,low
6622,3172600095,2014-07-08,3,6400,371500.0,low
1283,6204410200,2014-06-16,3,8925,371025.0,low
12112,8021700030,2014-06-04,3,4500,371000.0,low
4789,3024079069,2014-09-11,4,94525,371000.0,low
7905,2473350790,2015-05-11,3,9512,371000.0,low
2390,8856920070,2014-10-21,3,8361,371000.0,low
9391,4077800518,2014-06-11,3,7200,371000.0,low
10743,5104530810,2014-06-20,4,4770,371000.0,low
19358,3342700610,2014-07-28,4,10854,371000.0,low
15682,2767604551,2014-08-22,2,1189,371000.0,low
9877,1219000473,2015-03-23,3,15330,371000.0,low
4325,3876300600,2014-12-12,4,11305,371000.0,low
20972,2222059052,2015-02-27,3,9653,370950.0,low
11490,1387301740,2014-09-25,3,8560,370900.0,low
855,3056800160,2014-08-12,4,6120,370500.0,low
11474,8910500226,2015-04-09,3,1168,370350.0,low
20162,7967000130,2015-04-01,4,4000,370228.0,low
9706,6150200060,2015-04-01,2,9270,370037.0,low
4455,1568100386,2014-06-30,3,7341,370000.0,low
11279,241900160,2015-03-10,5,5460,370000.0,low
17346,4475000170,2014-11-11,4,5511,370000.0,low
10553,8001450060,2014-08-20,5,9920,370000.0,low
19661,6130500060,2014-07-21,3,1793,370000.0,low
10053,2592400400,2014-10-14,3,8774,370000.0,low
3080,7301300215,2015-03-18,4,7200,370000.0,low
13590,4024101395,2014-05-13,3,8254,370000.0,low
2301,3298201290,2014-12-24,3,7910,370000.0,low
11827,9828200187,2015-04-29,2,2020,370000.0,low
8836,6384500035,2014-07-01,2,6050,370000.0,low
17821,1338600090,2014-09-23,2,4172,370000.0,low
4568,5393601690,2014-07-20,4,6000,370000.0,low
21537,1043000100,2014-12-11,4,6843,370000.0,low
15113,3897100170,2014-08-27,3,6600,370000.0,low
11783,1138000070,2014-11-13,3,7201,370000.0,low
19614,3211260120,2014-12-15,3,35306,370000.0,low
13556,3265300410,2015-05-06,3,8480,370000.0,low
8106,2061100265,2015-03-17,2,4960,370000.0,low
13212,3432500760,2014-08-18,3,8287,370000.0,low
21038,567000382,2014-11-10,2,1133,370000.0,low
15612,8074200185,2014-08-25,3,7650,370000.0,low
15240,1853500130,2015-02-25,4,9264,370000.0,low
19305,3824100211,2014-06-26,3,14500,370000.0,low
15084,1460000080,2014-07-31,3,7620,370000.0,low
17041,3222059007,2014-09-13,3,161913,370000.0,low
18989,2473370110,2014-11-14,5,10400,370000.0,low
12849,293000180,2015-05-07,2,5525,370000.0,low
21134,3831250130,2014-08-25,3,5700,370000.0,low
7477,2225300585,2014-11-20,3,9166,370000.0,low
16132,1246700050,2014-06-12,2,17172,370000.0,low
1617,7625700012,2014-12-02,3,1655,370000.0,low
13278,3277800845,2014-07-11,3,1105,370000.0,low
10310,9475710060,2014-06-13,4,5338,370000.0,low
3436,5651010300,2014-08-21,3,4859,370000.0,low
19355,1152700120,2015-04-09,4,5706,370000.0,low
8168,2525000220,2015-04-14,3,7725,370000.0,low
21497,6140100028,2015-05-01,3,1423,370000.0,low
4343,9353300600,2015-03-26,3,10726,370000.0,low
15538,6145601995,2014-09-24,3,6774,370000.0,low
2070,8699100240,2015-05-05,6,5750,370000.0,low
6598,3709600190,2014-07-15,4,4750,370000.0,low
8367,2212600100,2014-05-22,4,67518,370000.0,low
4279,2644900110,2014-10-21,3,10300,370000.0,low
19493,3529300330,2014-11-07,3,6922,370000.0,low
11345,3670500465,2014-05-26,3,4050,370000.0,low
17008,1152700020,2014-12-26,4,5706,370000.0,low
19473,952006857,2015-01-22,3,1219,370000.0,low
8255,9517200610,2015-03-03,3,10117,370000.0,low
3650,7523900300,2015-04-07,4,14745,370000.0,low
285,1509500060,2014-09-05,4,8666,370000.0,low
1865,2143700830,2015-03-12,4,19680,370000.0,low
10823,1321720140,2014-05-28,4,18645,370000.0,low
17659,620079042,2015-03-23,2,105850,370000.0,low
8870,1109000175,2015-05-08,4,3757,370000.0,low
10340,3259400030,2014-11-25,2,1399,370000.0,low
20750,1702900624,2014-05-27,2,835,370000.0,low
5244,3303000130,2015-01-16,3,7667,370000.0,low
9977,7230300060,2014-08-05,4,17600,370000.0,low
165,2558660270,2014-12-08,3,7000,370000.0,low
5863,1324300091,2014-05-28,3,2296,370000.0,low
16075,9268200285,2014-07-03,2,5040,370000.0,low
13994,774100355,2014-11-03,2,58488,370000.0,low
9356,66000265,2014-08-07,2,6550,370000.0,low
9312,4045700115,2014-10-28,3,37913,370000.0,low
9292,2771602450,2014-08-26,2,2102,370000.0,low
21366,5649600462,2015-02-24,2,1821,370000.0,low
778,7300400060,2014-05-15,4,5880,370000.0,low
5568,2493200235,2015-03-11,2,6213,370000.0,low
5603,7224000545,2014-08-25,4,4838,370000.0,low
13227,8567300150,2014-10-31,4,39704,370000.0,low
12652,5641300220,2014-08-28,3,4244,370000.0,low
4619,2320069364,2014-10-16,3,18525,370000.0,low
12008,7548300751,2015-04-30,2,2096,370000.0,low
15171,2597670080,2015-03-16,4,7753,370000.0,low
15138,5589300715,2014-08-29,3,9100,370000.0,low
5061,6671900130,2014-12-16,4,5207,370000.0,low
491,2475200140,2015-02-05,3,5036,370000.0,low
20690,3943600140,2015-03-02,4,5026,370000.0,low
15889,4326000190,2014-08-28,4,9541,370000.0,low
4812,945000250,2014-06-13,2,4600,370000.0,low
12573,7663700772,2015-02-18,4,8100,370000.0,low
21406,3126049498,2015-03-16,3,1167,370000.0,low
2756,1471610060,2014-07-08,3,16817,370000.0,low
5151,9542900190,2014-05-16,4,9957,370000.0,low
8913,7278100665,2015-02-04,3,7419,370000.0,low
588,1442740140,2014-09-30,3,13300,370000.0,low
5155,3333002385,2015-04-17,5,5185,370000.0,low
2690,7227501369,2014-06-10,4,7133,369990.0,low
7937,2113700115,2015-05-04,3,4000,369950.0,low
6686,6413100122,2014-07-11,3,4860,369950.0,low
16623,2621750280,2014-11-10,4,7533,369950.0,low
2037,8730000260,2015-05-04,2,1140,369950.0,low
4797,5145000190,2014-11-03,3,7603,369950.0,low
19655,723049434,2015-04-08,3,8254,369950.0,low
4585,339600090,2014-09-25,3,3718,369950.0,low
15578,1137400420,2014-10-28,4,4502,369950.0,low
10005,3303951600,2014-08-20,4,10221,369950.0,low
948,7708300140,2015-03-06,3,10720,369950.0,low
20846,993000327,2014-05-06,3,1320,369950.0,low
20825,255450030,2014-09-18,3,4725,369946.0,low
264,2123039032,2014-10-27,1,10079,369900.0,low
14692,797000330,2015-04-02,3,19127,369900.0,low
4630,1137300690,2015-02-20,4,33750,369900.0,low
3395,3278602760,2015-02-03,2,1853,369900.0,low
21216,5100403818,2015-02-20,3,1128,369500.0,low
4873,1524079093,2015-03-18,3,20700,369500.0,low
1445,6703100070,2015-04-06,3,9194,369500.0,low
10548,7663700783,2014-06-13,3,9957,369500.0,low
18178,9412200730,2015-02-24,3,21320,369300.0,low
2307,7183000070,2014-08-21,4,9680,369160.0,low
7900,6145602240,2014-08-19,3,3844,369000.0,low
7214,7139800020,2014-10-16,3,5195,369000.0,low
4927,2395710020,2014-08-07,4,6495,369000.0,low
19795,9272201704,2014-05-12,2,895,369000.0,low
4519,7972601270,2014-05-30,3,8509,369000.0,low
19397,9264950410,2015-05-04,4,7349,369000.0,low
13670,2891400410,2015-02-27,3,99752,369000.0,low
4208,4442800008,2014-09-26,3,1480,369000.0,low
1129,8062900070,2015-02-13,5,6300,369000.0,low
16536,1782500095,2015-03-09,2,6135,369000.0,low
20768,7792000140,2015-05-04,4,27251,369000.0,low
4462,9206950110,2014-07-12,3,1683,369000.0,low
16618,3830700010,2014-12-05,4,6557,369000.0,low
11080,3971700390,2015-04-06,3,12186,368888.0,low
14986,8691510170,2015-02-04,3,5717,368750.0,low
8016,9485910100,2015-04-24,4,26400,368500.0,low
5302,1099900020,2014-12-11,5,7601,368500.0,low
3333,3276050110,2014-10-10,2,19141,368500.0,low
17534,9117100130,2014-08-12,5,9360,368500.0,low
5758,1954420170,2014-05-21,3,7484,368250.0,low
1753,6821101837,2015-02-03,2,1662,368000.0,low
9255,7853230720,2014-09-10,3,4307,368000.0,low
12291,254000075,2014-05-19,2,4680,368000.0,low
18184,4335000145,2014-08-13,3,14400,368000.0,low
20099,2461900492,2014-05-11,3,1350,368000.0,low
3416,7227501745,2015-03-25,4,11193,368000.0,low
14085,9238450150,2014-05-12,3,9898,368000.0,low
5279,7663700759,2014-12-01,3,7884,368000.0,low
15646,8944460170,2014-11-06,4,5724,368000.0,low
17274,7893801760,2014-11-17,3,11340,368000.0,low
11137,3392500060,2014-09-04,4,9426,368000.0,low
14164,6790600790,2015-03-26,5,9394,368000.0,low
1725,2822069078,2014-10-08,4,36900,368000.0,low
7005,3438500797,2014-07-08,4,11942,368000.0,low
5213,9264960480,2014-12-08,4,7350,368000.0,low
8963,3649100276,2014-06-09,3,10800,368000.0,low
11880,8731982050,2015-04-23,4,8000,367999.0,low
12361,7287700059,2014-08-13,3,8234,367950.0,low
13888,7967900150,2015-04-30,4,9500,367950.0,low
20354,255450020,2014-09-18,3,4725,367899.0,low
3764,1105000011,2014-12-09,5,5937,367777.0,low
3703,1314300018,2015-03-24,3,1343,367500.0,low
6311,6600780130,2014-05-02,4,7231,367500.0,low
8802,2064800600,2015-01-09,3,8792,367500.0,low
9500,2071500011,2014-08-11,4,7925,367500.0,low
16128,5125400305,2014-08-21,4,16015,367500.0,low
6625,7019000050,2014-05-06,3,9647,367500.0,low
5340,6632900574,2014-08-06,5,10064,367500.0,low
1821,1771110640,2014-06-24,3,11783,367500.0,low
17138,5249803745,2014-05-29,2,4800,367500.0,low
7589,6371000026,2015-01-22,2,600,367500.0,low
16056,4189800020,2014-08-20,3,10050,367500.0,low
12153,4036801070,2014-08-04,4,7400,367400.0,low
14962,2595650170,2014-06-09,4,14937,367300.0,low
1109,5416510060,2015-03-06,4,6219,367000.0,low
16351,6132600221,2014-05-19,2,2334,367000.0,low
20850,2211300260,2015-03-13,3,4050,367000.0,low
3025,7387500195,2015-02-27,4,5500,367000.0,low
14916,2621760480,2014-10-14,4,8182,367000.0,low
10608,7558800570,2014-08-13,3,12669,367000.0,low
7897,3918400028,2014-10-21,3,1320,367000.0,low
16645,5411800250,2014-07-24,3,7000,367000.0,low
3852,3221079055,2015-03-25,3,93218,367000.0,low
20445,6632300212,2014-05-05,3,2017,366750.0,low
2365,7304300570,2014-05-19,4,9300,366500.0,low
12497,5469500180,2015-02-06,4,14383,366400.0,low
5498,2589300170,2015-03-24,4,5043,366350.0,low
8925,2114700540,2014-10-21,3,4320,366000.0,low
9767,3585210200,2014-06-02,3,8301,366000.0,low
13388,2561320120,2014-08-11,3,10200,366000.0,low
11452,1737320060,2014-06-10,3,8625,366000.0,low
4353,9485750110,2014-09-18,3,6108,366000.0,low
19820,291310370,2014-08-29,3,1028,366000.0,low
10530,1072000240,2014-06-24,3,11440,366000.0,low
7393,2231800020,2014-11-20,4,8093,366000.0,low
14129,3330500085,2014-09-18,2,3090,366000.0,low
15730,3782760280,2014-10-02,3,4065,366000.0,low
6573,5104530430,2015-02-09,3,4375,366000.0,low
8454,705700580,2015-05-01,4,9743,366000.0,low
18569,5089700300,2015-03-11,4,7700,365650.0,low
13281,126039213,2014-12-03,2,15624,365500.0,low
386,9517200030,2014-06-25,3,9600,365500.0,low
5345,9558010190,2014-11-19,4,4499,365500.0,low
20289,982850010,2014-05-30,3,4522,365250.0,low
4114,2122059236,2015-03-06,4,6232,365070.0,low
8585,2787700150,2015-04-22,4,7210,365000.0,low
14553,2591780180,2014-08-13,5,9253,365000.0,low
5757,6381500170,2015-01-16,2,7617,365000.0,low
11890,1523089012,2014-11-20,4,80150,365000.0,low
15087,3123800080,2014-11-12,2,8060,365000.0,low
16563,642500080,2014-12-12,4,4874,365000.0,low
17485,2621760290,2014-08-27,4,6820,365000.0,low
1707,6159400060,2014-08-05,3,8301,365000.0,low
5002,3390600010,2014-05-02,3,6435,365000.0,low
7662,6064800090,2015-05-07,3,1985,365000.0,low
9523,2587910180,2014-07-16,3,30940,365000.0,low
19004,423059039,2015-03-21,3,8649,365000.0,low
10068,1073100030,2015-04-28,3,8443,365000.0,low
21269,1601600167,2014-05-07,5,5003,365000.0,low
2384,621069074,2014-06-03,3,99916,365000.0,low
5586,622100130,2014-09-17,2,15000,365000.0,low
12258,6150700394,2014-05-06,3,8160,365000.0,low
15515,3361402066,2015-04-03,4,32997,365000.0,low
7975,2205500540,2014-10-08,4,12327,365000.0,low
21428,3278605550,2014-06-09,3,2700,365000.0,low
13089,2597710450,2015-03-04,3,7350,365000.0,low
21127,1250200414,2015-02-18,3,979,365000.0,low
11557,1923300135,2015-03-10,3,5555,365000.0,low
1225,2636900126,2015-03-12,4,9600,365000.0,low
10320,6623400187,2015-02-20,4,8906,365000.0,low
15457,567000380,2015-03-02,2,1270,365000.0,low
14947,2472950170,2015-05-07,3,8458,365000.0,low
9765,1775930140,2015-05-05,3,17349,365000.0,low
5499,2338800161,2015-01-06,2,8336,365000.0,low
4893,2591830130,2014-05-04,3,7350,365000.0,low
16737,9842300095,2014-07-25,5,4168,365000.0,low
17390,3575302759,2014-08-06,2,7500,365000.0,low
14325,1529300410,2015-02-24,2,5689,365000.0,low
1655,3649100473,2014-05-28,3,12240,365000.0,low
7497,5101404698,2014-12-15,2,6380,365000.0,low
7787,1025079086,2014-08-20,2,223898,365000.0,low
7491,243000380,2015-03-26,3,7800,365000.0,low
19048,1702901500,2014-11-21,2,6600,365000.0,low
1546,1402200070,2014-10-13,4,21312,365000.0,low
528,6381500700,2014-11-05,4,7085,365000.0,low
11799,6882510060,2014-08-25,4,5070,365000.0,low
6550,643300010,2014-08-29,3,9150,365000.0,low
14057,3343901641,2014-08-27,3,7614,365000.0,low
429,305500140,2015-05-12,3,4052,365000.0,low
2716,3276180140,2015-04-24,3,9134,365000.0,low
7004,2856100185,2014-07-21,2,2550,365000.0,low
7033,6666860170,2014-08-27,3,9696,365000.0,low
5405,8860500130,2014-07-17,4,6781,365000.0,low
397,5175800060,2014-06-23,4,25600,365000.0,low
16303,1077100020,2014-12-31,3,8519,365000.0,low
18487,1238500978,2014-09-22,3,8450,365000.0,low
5478,2310040020,2015-04-09,5,7040,365000.0,low
18157,7635800600,2014-06-26,5,19000,365000.0,low
21376,1282300995,2015-02-22,3,915,365000.0,low
11987,3374500240,2014-12-17,3,7700,365000.0,low
18930,2979800762,2014-09-04,3,1761,365000.0,low
3068,1865000110,2014-09-29,4,6688,365000.0,low
11078,3211210200,2014-11-18,3,7205,365000.0,low
275,4215100060,2015-03-20,3,4510,365000.0,low
14826,9126101201,2014-09-16,2,4800,365000.0,low
2099,6414100111,2014-11-05,2,9223,365000.0,low
8194,9357000215,2015-01-27,3,4700,365000.0,low
13863,2310110120,2014-08-08,3,5091,365000.0,low
4034,3278602490,2014-09-26,3,1754,365000.0,low
13014,1588600040,2015-02-06,2,5680,365000.0,low
1867,6414600262,2014-08-29,2,8250,365000.0,low
16160,8632100010,2014-06-04,2,8100,365000.0,low
735,2591820310,2014-10-06,4,8893,365000.0,low
15320,321059132,2015-04-27,3,61419,365000.0,low
19348,7417100123,2015-04-23,3,9010,365000.0,low
14270,922059161,2014-09-22,3,26600,365000.0,low
19277,822069066,2015-02-23,4,219542,365000.0,low
6342,3523059056,2014-06-18,3,6715,365000.0,low
9491,7443000652,2014-11-03,2,1123,365000.0,low
12036,844001052,2015-01-28,4,8200,365000.0,low
21041,2622059197,2014-12-10,4,8404,365000.0,low
10092,2473480310,2014-09-18,4,7350,365000.0,low
3199,8024201270,2014-07-22,2,5110,365000.0,low
8720,662310620,2014-08-26,3,12593,364988.0,low
8217,2310050110,2014-12-15,3,6170,364950.0,low
408,1565950030,2015-04-27,4,6957,364950.0,low
17430,9558020840,2015-04-22,4,2992,364950.0,low
3964,2130702350,2014-06-04,4,8030,364950.0,low
11813,4397010350,2015-01-26,4,9346,364900.0,low
17700,5201810110,2014-06-09,3,8304,364900.0,low
1287,2473003210,2015-03-13,3,7875,364808.0,low
15282,6632300122,2014-07-14,3,9506,364500.0,low
13731,1397300120,2014-07-29,3,8424,364500.0,low
8877,9285800801,2014-09-26,3,4489,364500.0,low
5353,322069153,2014-08-27,3,213879,364250.0,low
12558,2644900149,2014-12-18,2,7311,364000.0,low
16863,2460900010,2014-09-24,2,2574,364000.0,low
13600,1081300450,2014-08-14,4,11050,364000.0,low
5635,4365200895,2015-04-17,4,7740,364000.0,low
3172,4024101545,2014-09-22,4,10270,364000.0,low
19808,3278604510,2014-06-25,3,2790,364000.0,low
13773,4027700799,2015-02-26,3,6600,364000.0,low
6215,6190701483,2014-05-14,4,8625,364000.0,low
17297,7304300430,2014-12-01,4,11383,364000.0,low
19637,7237450550,2014-06-03,4,3712,363990.0,low
4586,3522029031,2014-05-16,3,197326,363750.0,low
12771,1262700040,2014-10-16,4,9702,363500.0,low
7324,3374500250,2014-09-22,4,7700,363500.0,low
4056,9297301055,2014-12-09,2,4800,363000.0,low
21102,2867300190,2014-05-28,4,7204,363000.0,low
1275,567000392,2014-11-03,2,1201,363000.0,low
7577,50300220,2015-02-12,4,9281,363000.0,low
13193,1442860120,2014-12-05,4,12142,363000.0,low
18078,7708250040,2015-02-12,3,8000,363000.0,low
245,8029510030,2015-02-12,3,11872,363000.0,low
3291,9417400215,2014-07-31,2,4880,363000.0,low
9080,2291400236,2014-06-12,3,1779,363000.0,low
17483,7387500235,2015-03-17,3,8136,363000.0,low
2380,4123830070,2014-12-24,3,7000,363000.0,low
18046,4045700455,2015-03-16,3,20000,363000.0,low
18212,7931000053,2014-12-29,4,159865,362950.0,low
20339,7237450080,2014-08-23,4,4301,362865.0,low
13689,7203101970,2014-07-15,3,4350,362764.0,low
20547,3278606050,2015-04-01,3,2212,362500.0,low
14343,3424069154,2014-06-24,4,8450,362500.0,low
10595,322059326,2015-04-27,3,40588,362500.0,low
21578,567000385,2014-06-23,2,1768,362500.0,low
18320,6914700165,2014-08-04,3,5424,362500.0,low
8368,6412100092,2015-01-05,3,9507,362500.0,low
19782,3278605570,2014-06-19,3,2700,362500.0,low
17865,162500015,2014-10-20,5,8586,362500.0,low
10047,1231001090,2014-07-24,2,4000,362362.0,low
4575,1922059445,2014-06-23,3,15264,362300.0,low
11807,3204850140,2014-11-12,5,8216,362000.0,low
10093,3629960060,2014-09-04,3,955,362000.0,low
5598,2923049372,2014-05-06,3,14374,362000.0,low
3042,2326079039,2015-02-11,1,211576,362000.0,low
16545,3578700073,2014-11-10,3,9730,362000.0,low
15869,1402630190,2014-11-11,3,7485,362000.0,low
6472,1133000050,2015-04-20,4,7370,362000.0,low
15814,4140500050,2014-09-08,3,10125,362000.0,low
5572,1604600095,2014-07-08,5,3000,362000.0,low
16048,2968801315,2014-09-17,3,7620,361810.0,low
17491,5101400994,2014-07-17,2,6380,361600.0,low
12783,2023069054,2015-03-18,3,257875,361550.0,low
16395,7199330480,2014-07-21,3,9000,361500.0,low
12647,2310050040,2015-04-01,4,7334,361500.0,low
15426,705710290,2015-04-20,4,6740,361500.0,low
6108,7519001990,2014-10-27,2,3860,361500.0,low
14976,1394300005,2014-05-07,2,6400,361280.0,low
809,1786640070,2014-08-06,3,8698,361000.0,low
3710,1387301730,2015-02-02,3,7236,361000.0,low
14432,4058200040,2014-09-17,3,8742,361000.0,low
8714,7979900552,2015-05-01,3,6720,361000.0,low
18799,9282801450,2015-03-25,5,7500,361000.0,low
8058,3878900815,2015-05-04,3,5650,361000.0,low
2068,1771100240,2014-09-25,3,11220,361000.0,low
1197,8658300260,2014-12-09,3,17585,361000.0,low
18104,3324079092,2015-04-27,2,48787,361000.0,low
7131,3222049024,2014-05-22,3,4046,361000.0,low
17044,2008000130,2014-08-18,3,11525,360500.0,low
13703,1604601855,2015-02-13,3,6180,360500.0,low
1721,8093800200,2014-11-18,3,11592,360400.0,low
1827,8899210320,2014-08-20,3,8000,360000.0,low
7129,4427100095,2014-06-23,4,6417,360000.0,low
1303,3380900125,2014-05-27,3,9467,360000.0,low
6229,9524100050,2014-12-22,3,1113,360000.0,low
15086,908000010,2014-12-12,5,6902,360000.0,low
4445,1858600042,2015-04-29,4,6870,360000.0,low
13112,6632900084,2014-06-06,3,7020,360000.0,low
740,7830800339,2014-07-28,4,17715,360000.0,low
18703,3558900590,2014-11-25,6,10080,360000.0,low
20221,993000307,2014-05-23,3,1323,360000.0,low
4349,2492200956,2014-08-05,3,4080,360000.0,low
4179,7345600755,2014-07-07,3,22000,360000.0,low
15500,8730000250,2015-02-05,2,1050,360000.0,low
10845,4174600055,2014-05-21,2,7710,360000.0,low
17166,3760000020,2014-10-22,3,9600,360000.0,low
1351,2423059104,2014-10-08,3,79714,360000.0,low
4186,8073000265,2014-09-18,3,8846,360000.0,low
4193,3626039403,2014-09-22,3,1110,360000.0,low
4207,2781250110,2015-04-28,4,7388,360000.0,low
17920,2408800120,2014-07-16,4,49658,360000.0,low
7072,2624049073,2014-07-29,2,4200,360000.0,low
8500,8899210090,2014-07-14,3,8466,360000.0,low
13663,9478500770,2015-04-03,4,4557,360000.0,low
292,1115450240,2014-10-22,4,9528,360000.0,low
15056,5205000020,2015-04-09,4,7333,360000.0,low
8141,3630050180,2014-09-26,2,1107,360000.0,low
14227,5379800862,2015-04-29,5,7200,360000.0,low
19927,9828701488,2015-05-04,2,1165,360000.0,low
19933,9396700024,2014-07-31,2,1244,360000.0,low
2196,7714000340,2014-06-19,4,4650,360000.0,low
2188,6632900340,2014-11-24,4,8827,360000.0,low
1231,613400030,2014-10-24,3,6840,360000.0,low
1085,9834200885,2014-07-17,4,4080,360000.0,low
20697,3449000200,2015-05-08,4,12188,360000.0,low
11004,2131200885,2014-08-28,3,10000,360000.0,low
4933,2459970020,2014-11-24,4,5451,360000.0,low
9629,6187700501,2015-04-15,4,7552,360000.0,low
13944,3223059141,2014-05-09,2,81892,360000.0,low
12596,3211100730,2014-08-04,3,7930,360000.0,low
6493,2113700235,2014-05-12,4,5500,360000.0,low
6462,1708400595,2014-07-25,5,5225,360000.0,low
5083,6918730130,2014-07-21,3,7482,360000.0,low
594,1123049053,2015-02-13,4,9611,360000.0,low
9862,6648770240,2014-12-24,4,7056,360000.0,low
13883,3990200065,2014-10-22,4,9143,360000.0,low
4480,9353300090,2014-07-31,3,10723,360000.0,low
1071,5144000036,2014-05-27,3,9206,360000.0,low
17117,7625701045,2014-10-27,3,6000,360000.0,low
10910,1250200786,2015-01-22,5,2400,360000.0,low
16195,3580900290,2015-01-28,4,8940,360000.0,low
4517,8665900336,2014-07-17,3,15540,360000.0,low
13021,5104510720,2014-12-10,4,5500,360000.0,low
10929,4024100496,2014-07-16,3,12282,360000.0,low
15008,9477001350,2014-07-22,3,7770,360000.0,low
14527,3888100133,2014-10-14,3,10988,360000.0,low
10961,9828201920,2015-03-04,3,3870,360000.0,low
5897,7979900225,2015-03-23,3,11407,360000.0,low
4639,7972601250,2015-02-04,6,15240,360000.0,low
13416,1115100119,2014-12-08,4,7803,360000.0,low
17884,3424069076,2014-10-13,2,6098,360000.0,low
8322,1443500395,2015-05-04,3,6232,360000.0,low
8608,984210590,2014-09-29,4,8686,360000.0,low
401,3420069065,2014-08-25,4,16980,360000.0,low
8511,1865000040,2014-12-10,4,6259,360000.0,low
19197,8665000040,2014-07-30,4,7282,360000.0,low
3732,793200100,2014-12-18,3,6200,360000.0,low
10567,4249400270,2015-04-17,3,3851,360000.0,low
8837,2787700210,2014-09-16,5,7111,360000.0,low
1510,4136930310,2014-11-06,4,7115,360000.0,low
7877,2114700530,2015-01-22,4,3840,360000.0,low
3716,1233100601,2014-10-24,2,7414,360000.0,low
14033,3955900150,2014-12-29,4,4751,360000.0,low
10728,3034200247,2015-02-06,3,7260,360000.0,low
73,5416510140,2014-07-10,4,5000,360000.0,low
1717,2493200435,2014-08-25,2,3200,360000.0,low
7410,1591600307,2015-05-11,3,7200,360000.0,low
11448,2624039114,2015-04-13,2,12625,360000.0,low
7399,5095400630,2014-12-05,4,18810,360000.0,low
15262,4012800010,2014-05-06,4,18768,360000.0,low
7939,8856920110,2015-05-04,3,14092,360000.0,low
81,7437100340,2014-12-22,4,5889,360000.0,low
18684,2968801130,2014-10-27,4,8100,360000.0,low
17976,3755000120,2015-02-26,3,10500,360000.0,low
12798,4475000120,2015-02-02,4,6740,360000.0,low
21608,263000018,2014-05-21,3,1131,360000.0,low
15965,3797001900,2014-09-22,3,6000,360000.0,low
2436,2597710070,2015-04-02,2,7607,360000.0,low
13119,5127100210,2015-03-25,6,9870,360000.0,low
3579,8151600590,2015-03-12,2,11250,360000.0,low
12936,1843100580,2014-09-03,4,13445,360000.0,low
11560,6752600320,2015-05-14,4,7289,360000.0,low
16516,1771100440,2014-06-10,4,10375,360000.0,low
19300,2926049564,2014-09-24,3,1180,360000.0,low
17042,6648000050,2014-06-24,3,7200,360000.0,low
4127,1558500100,2014-09-16,4,6508,360000.0,low
5582,537000130,2014-09-08,1,10600,360000.0,low
9027,5636000210,2015-02-23,5,9624,359999.0,low
9966,8731981360,2014-09-25,4,7700,359999.0,low
16072,2229900020,2014-06-10,3,9100,359950.0,low
3849,7885800900,2014-08-01,4,5701,359950.0,low
20406,1327600150,2014-10-16,4,5705,359950.0,low
9648,2310100180,2014-11-07,3,6280,359950.0,low
15780,9406590010,2014-10-29,4,4785,359950.0,low
8280,8097000330,2014-07-21,3,8604,359950.0,low
2783,123039633,2014-09-09,3,6975,359950.0,low
20356,9828702771,2014-11-13,2,965,359950.0,low
21089,5635100080,2014-10-31,4,6120,359950.0,low
5399,3820350020,2015-04-28,4,3899,359950.0,low
4168,87000283,2014-11-18,3,7800,359950.0,low
4021,2473371780,2014-09-24,5,9432,359950.0,low
5643,1041440050,2015-04-28,5,3990,359950.0,low
2623,6300500505,2014-07-14,3,4980,359950.0,low
4103,1159100100,2014-06-20,3,11612,359950.0,low
4378,321059059,2014-05-19,3,189486,359950.0,low
19702,255370570,2014-11-20,4,5564,359950.0,low
12259,1786640030,2015-02-02,3,7212,359950.0,low
12216,6300000320,2014-08-21,2,7590,359950.0,low
19548,984210120,2014-06-20,5,7420,359900.0,low
11584,6699940320,2015-04-13,4,5188,359900.0,low
692,1402600700,2014-07-21,4,7698,359900.0,low
15824,1061500630,2015-02-05,5,7600,359900.0,low
20627,2895800390,2014-08-07,5,2752,359800.0,low
21474,2895800590,2014-10-20,5,2752,359800.0,low
14507,4136930360,2014-06-05,4,6426,359800.0,low
21031,7203140360,2014-12-01,3,3400,359782.0,low
8401,2595650100,2014-06-30,4,10316,359500.0,low
6996,3158500460,2015-03-27,3,4689,359500.0,low
19109,6699000740,2015-04-21,6,4700,359500.0,low
463,4166600473,2014-12-09,4,11250,359500.0,low
12399,2787700030,2014-10-10,4,7210,359500.0,low
11678,5589300435,2014-12-03,4,10617,359000.0,low
15638,6300500545,2014-07-09,3,4980,359000.0,low
6683,8944750480,2015-01-30,3,4331,359000.0,low
6626,7212680460,2014-09-24,4,8763,359000.0,low
7483,567000680,2014-08-01,3,1071,359000.0,low
19343,5745600040,2014-08-14,3,11520,359000.0,low
4939,302000545,2015-01-27,4,22860,359000.0,low
4841,8899210680,2014-09-15,3,7857,359000.0,low
19676,6181500340,2014-08-08,4,4725,359000.0,low
19209,1901600090,2014-06-26,5,6654,359000.0,low
1173,7853210140,2015-03-09,3,3850,359000.0,low
928,8730000270,2015-05-14,2,1140,359000.0,low
20621,3126049500,2014-05-22,3,885,359000.0,low
15232,1926049398,2014-10-13,3,7218,359000.0,low
6266,3990200020,2014-09-08,4,9244,359000.0,low
10417,4307300520,2015-04-23,4,4500,359000.0,low
10467,4221970060,2015-05-06,4,7883,359000.0,low
19846,1332700200,2015-04-26,3,1968,359000.0,low
18503,2457200120,2015-03-03,3,7280,359000.0,low
1466,6370000070,2014-09-19,4,6052,359000.0,low
18413,2523039310,2015-01-12,4,11325,359000.0,low
3322,8122600245,2014-09-25,4,6396,359000.0,low
19826,3278613210,2014-07-28,3,2171,358990.0,low
4293,6145601810,2014-07-18,2,5765,358803.0,low
15076,522059352,2015-03-26,4,8140,358800.0,low
11235,2621750350,2015-03-26,3,8057,358500.0,low
18444,3630000150,2015-01-28,2,865,358500.0,low
16925,3205000050,2014-12-05,3,9870,358000.0,low
21392,321030150,2015-05-06,3,7611,358000.0,low
21446,3630080120,2014-09-19,3,1529,358000.0,low
9623,9828702055,2014-05-08,2,1808,358000.0,low
2534,3996900295,2014-12-14,2,8340,358000.0,low
20011,9396700028,2014-07-22,2,987,358000.0,low
14120,1269200150,2015-01-13,3,27319,358000.0,low
535,2459500310,2015-02-18,3,6655,358000.0,low
7184,8645540290,2014-11-26,5,8775,358000.0,low
19978,2325300037,2014-09-02,3,1442,358000.0,low
7518,1320069223,2014-06-24,3,100188,358000.0,low
13082,7017200120,2014-08-20,2,5077,358000.0,low
15306,2473100280,2015-04-17,4,11900,358000.0,low
8334,6150200330,2014-08-25,3,4681,358000.0,low
7793,251300110,2015-01-14,3,12013,358000.0,low
20758,9406710060,2014-11-14,5,5604,358000.0,low
8753,5103900015,2014-06-26,3,12497,358000.0,low
13754,3298200620,2014-07-14,3,6695,358000.0,low
6654,7950302210,2014-11-14,4,3060,358000.0,low
18480,1761600150,2014-07-30,3,7194,358000.0,low
2337,5104510340,2015-05-04,4,7308,358000.0,low
12489,1982201255,2014-11-14,2,3880,357950.0,low
3913,1775950100,2015-01-13,3,9196,357823.0,low
5785,8929000130,2014-07-08,2,1032,357562.0,low
5583,5127000420,2015-02-23,3,11858,357500.0,low
14558,6163900952,2014-12-18,3,9403,357500.0,low
11545,5104520550,2014-07-01,3,5100,357500.0,low
20832,2114700374,2015-04-13,3,1442,357500.0,low
8183,9455200596,2015-01-14,3,8100,357500.0,low
18440,2492200256,2014-11-12,3,4080,357500.0,low
14064,2111010760,2015-01-08,5,9146,357500.0,low
11176,6608500260,2014-07-16,3,10125,357500.0,low
3431,6855700115,2014-06-26,3,8840,357250.0,low
4773,8929000170,2014-06-16,2,1040,357186.0,low
12376,4053200926,2014-12-05,4,49428,357000.0,low
11556,2013802030,2014-09-11,3,53882,357000.0,low
9806,9407150310,2015-01-28,4,9757,357000.0,low
17019,9477201150,2014-12-02,3,6750,357000.0,low
1196,2112700030,2014-11-26,5,4000,357000.0,low
8822,1782500035,2014-07-03,2,4600,357000.0,low
3880,7774200236,2014-12-11,3,11744,357000.0,low
2300,5152100160,2015-02-19,3,14012,357000.0,low
9698,1454100260,2014-11-17,3,6450,357000.0,low
9669,6752601110,2014-05-12,4,7066,357000.0,low
10182,4019300030,2014-10-13,3,17493,357000.0,low
10930,5252000200,2014-12-10,5,12350,357000.0,low
20770,9310300160,2014-08-28,5,9240,357000.0,low
20447,3319500628,2015-02-12,3,1546,356999.0,low
1077,1782000160,2014-05-30,2,5000,356700.0,low
2522,1822500160,2014-12-12,4,11473,356500.0,low
2663,3582700070,2014-12-05,4,9670,356500.0,low
20336,3814900380,2014-07-19,3,5115,356250.0,low
6999,8069000216,2014-07-22,3,10062,356200.0,low
10069,1157200189,2014-05-14,3,12384,356000.0,low
9358,1430800100,2015-01-16,4,12500,356000.0,low
83,1523059105,2015-01-28,3,8712,356000.0,low
6380,2767601815,2015-03-17,3,2366,356000.0,low
19424,3331500650,2014-09-19,3,3863,356000.0,low
3375,1770000490,2014-05-22,2,16470,356000.0,low
15752,1328310440,2014-09-16,3,8765,356000.0,low
20888,6749700063,2014-12-15,2,989,356000.0,low
3625,2223089048,2014-06-25,4,48693,356000.0,low
17701,3575302562,2014-11-13,3,7500,356000.0,low
13830,123079023,2014-11-24,2,365904,356000.0,low
12511,6699940120,2015-04-30,4,5074,356000.0,low
12514,3332500636,2014-06-05,2,4095,356000.0,low
4222,7852060490,2014-07-09,3,3411,356000.0,low
2441,1163100070,2014-12-17,4,8540,355950.0,low
15658,9542830480,2015-05-04,3,3821,355900.0,low
7966,3756500610,2015-03-24,3,10032,355500.0,low
16617,7574000080,2015-04-01,5,19899,355500.0,low
16654,6699930440,2014-06-05,3,5540,355500.0,low
5668,8159300050,2015-03-12,4,9112,355425.0,low
17627,1074100110,2014-05-25,3,7410,355300.0,low
8000,2895600090,2015-04-07,3,7320,355200.0,low
12666,9438300035,2014-08-27,3,8173,355000.0,low
14301,7303100210,2014-05-27,4,4970,355000.0,low
3948,8155820110,2015-03-25,3,7203,355000.0,low
11192,1518000070,2014-11-19,3,3192,355000.0,low
7321,9407001330,2014-12-02,3,9750,355000.0,low
12762,8835220210,2015-04-17,3,4790,355000.0,low
3982,3840700600,2015-04-01,3,37800,355000.0,low
20743,291310390,2014-09-04,3,1087,355000.0,low
1779,8911000030,2014-12-10,3,5400,355000.0,low
10367,2797500030,2015-02-11,3,10075,355000.0,low
10342,9277700075,2014-08-18,2,6720,355000.0,low
7220,3288020050,2014-06-27,4,7867,355000.0,low
7199,3820100284,2014-08-27,3,9600,355000.0,low
11381,6430000070,2014-10-27,3,3060,355000.0,low
19311,1442300035,2014-07-02,3,7416,355000.0,low
17559,3260810150,2014-09-26,3,8091,355000.0,low
2613,6699001200,2015-05-07,5,5806,355000.0,low
5191,8944320420,2014-07-10,3,4038,355000.0,low
16900,2695600130,2014-11-18,2,4558,355000.0,low
14045,1498300775,2014-06-24,2,747,355000.0,low
5545,4307330280,2014-08-20,4,6775,355000.0,low
1507,2214800270,2014-09-25,4,7000,355000.0,low
3472,9282801720,2015-03-19,4,6000,355000.0,low
3538,1844500025,2015-03-25,4,7693,355000.0,low
18618,9297300750,2014-11-05,2,4600,355000.0,low
2445,3893100327,2014-07-23,3,8512,355000.0,low
3551,7300410300,2014-11-06,4,6466,355000.0,low
2435,7878400135,2014-11-20,3,9674,355000.0,low
14745,8857640410,2015-01-19,4,3404,355000.0,low
20503,291310120,2014-12-09,3,1332,355000.0,low
20477,4310703083,2014-05-23,3,1186,355000.0,low
7684,9202500150,2014-11-04,4,7417,355000.0,low
9009,7939000090,2014-09-29,4,15000,355000.0,low
11836,1568100060,2014-09-10,3,7573,355000.0,low
12402,3522059196,2014-06-27,3,22693,355000.0,low
3582,1925069006,2014-12-03,1,33278,355000.0,low
3440,9349900110,2015-02-17,2,2500,355000.0,low
19745,7967000160,2015-03-16,4,4000,355000.0,low
8843,8730000210,2014-08-07,2,1140,355000.0,low
15672,9542830050,2015-04-22,4,3600,355000.0,low
1550,5412100550,2014-12-08,4,7213,355000.0,low
82,9418400240,2014-10-28,2,6720,355000.0,low
19034,3822200087,2015-03-19,3,5965,355000.0,low
10245,7852060370,2014-08-11,3,4242,355000.0,low
21292,100300280,2014-10-20,3,4777,355000.0,low
17735,3959401645,2014-06-04,2,4000,355000.0,low
2898,2570300090,2014-11-26,3,15867,355000.0,low
418,8724300030,2014-12-23,3,5028,355000.0,low
14209,7857004225,2015-04-24,2,3640,355000.0,low
8619,1823069059,2014-06-11,1,20339,355000.0,low
12522,7520400040,2014-06-20,4,8265,355000.0,low
18835,1138000450,2014-10-16,4,7215,355000.0,low
1970,2968800626,2014-08-22,4,8890,355000.0,low
10987,3298300140,2014-10-24,3,6650,355000.0,low
6321,8731980440,2014-10-16,5,8000,355000.0,low
9773,3374500520,2015-04-29,0,8049,355000.0,low
20089,5416510490,2014-07-08,4,5470,355000.0,low
20970,993001563,2014-05-22,3,959,355000.0,low
16391,1393800005,2015-05-07,2,6656,355000.0,low
12083,274000070,2015-04-01,5,9375,355000.0,low
17156,751000190,2014-10-02,3,7740,355000.0,low
9430,6117501755,2014-12-30,4,11536,355000.0,low
6497,4137000250,2015-03-18,4,9268,355000.0,low
9446,42000065,2015-03-05,2,9150,355000.0,low
17591,4077800593,2014-09-15,3,8968,355000.0,low
5090,1328320440,2014-12-10,3,7000,355000.0,low
12677,1624079021,2015-03-13,3,36300,355000.0,low
8513,8731981500,2014-08-18,4,8000,355000.0,low
16537,8887001192,2014-06-20,2,27042,355000.0,low
1284,7625702400,2014-07-30,2,6250,355000.0,low
11660,1775910270,2014-10-20,3,16000,355000.0,low
13511,3121069038,2015-03-26,3,78843,355000.0,low
14515,1931300870,2014-05-28,2,3200,355000.0,low
6980,263000359,2014-06-30,3,1524,355000.0,low
5515,7972600430,2015-03-11,4,3497,355000.0,low
8175,322059311,2015-03-30,4,15000,355000.0,low
11593,7147400045,2015-04-28,3,8250,355000.0,low
6909,1226039130,2014-10-09,3,7200,355000.0,low
20887,133000271,2014-12-01,5,5100,355000.0,low
16577,7972601100,2014-09-23,3,7705,355000.0,low
4424,826069002,2014-10-29,2,368517,355000.0,low
13841,2817100040,2015-02-13,4,9601,355000.0,low
18205,1898200100,2014-05-28,3,9701,355000.0,low
12201,4310702440,2014-10-14,3,2502,355000.0,low
8659,114100155,2014-06-27,2,10838,355000.0,low
11604,1795700030,2014-12-01,3,5290,355000.0,low
4470,1454100056,2014-07-15,3,5001,355000.0,low
2289,4450700030,2014-08-22,3,9689,354950.0,low
9059,8731900790,2014-06-26,4,7350,354950.0,low
14427,6413600276,2015-03-24,3,5922,354950.0,low
7875,3448000410,2014-05-13,3,1709,354901.0,low
7073,1523059180,2014-09-23,3,16552,354900.0,low
4802,1922069099,2014-05-23,3,78408,354800.0,low
6431,7979900680,2015-03-05,3,11396,354500.0,low
2719,2595650060,2015-03-24,4,9920,354450.0,low
5526,1775800290,2014-08-01,3,12330,354000.0,low
11053,1180002470,2014-11-04,6,4500,354000.0,low
3985,9435300051,2014-06-11,3,10368,354000.0,low
10303,4365200505,2014-10-03,2,7740,354000.0,low
17090,6624030050,2015-04-28,3,15817,354000.0,low
11905,241900060,2014-06-26,4,5476,354000.0,low
9741,9406570350,2015-04-23,4,5420,354000.0,low
4698,2695600375,2014-11-10,2,5225,354000.0,low
11453,7972604001,2014-07-18,5,7986,354000.0,low
1429,4299000030,2014-09-23,4,4762,354000.0,low
16140,3578400670,2014-09-24,3,21340,354000.0,low
5984,3298300420,2015-03-31,3,7590,354000.0,low
6176,1727500010,2015-01-07,3,6300,354000.0,low
6605,9284801845,2014-08-05,3,5750,354000.0,low
8360,395300330,2014-12-11,3,11250,354000.0,low
10406,9264920270,2014-10-07,5,7969,353950.0,low
9405,4302201005,2014-10-07,3,5760,353900.0,low
21409,7859910110,2014-09-18,3,3900,353900.0,low
8815,2934800025,2014-12-16,4,7490,353750.0,low
16881,2826049108,2014-10-28,2,8775,353500.0,low
17435,7660100309,2014-12-26,3,972,353500.0,low
6276,8856970440,2015-05-06,3,4845,353500.0,low
13634,5104520720,2014-09-30,4,9239,353500.0,low
20999,7967000150,2014-08-08,4,4000,353500.0,low
1850,7861300140,2014-06-16,4,9602,353500.0,low
14332,1748800120,2015-03-18,4,4650,353500.0,low
19005,6909700437,2014-05-22,2,1600,353250.0,low
4745,1180500100,2014-09-24,4,4627,353000.0,low
2924,2274000026,2014-11-01,3,864,353000.0,low
2147,705700640,2014-09-16,3,8396,353000.0,low
14882,8679400130,2015-05-06,4,9600,353000.0,low
20848,7967000270,2014-11-25,4,5000,353000.0,low
9168,5104530770,2015-01-21,4,4249,353000.0,low
8515,2123700100,2014-12-02,5,5000,353000.0,low
1118,751000060,2014-05-06,3,7740,353000.0,low
7291,4058200630,2014-10-02,3,7021,353000.0,low
5580,1771000950,2014-11-06,4,9794,353000.0,low
12345,5104510060,2014-12-15,4,5331,353000.0,low
16921,1787600190,2015-04-03,2,7500,353000.0,low
4804,2022059308,2015-05-05,3,13862,353000.0,low
20055,6791400100,2014-09-10,4,13721,353000.0,low
21404,2325400040,2014-09-22,3,3800,353000.0,low
19118,7663700663,2014-09-10,2,8511,353000.0,low
2464,1471630160,2015-04-23,3,14499,353000.0,low
4393,1221059176,2015-03-11,4,268329,353000.0,low
4380,7857000900,2014-07-24,3,11775,353000.0,low
2489,5416100160,2015-02-10,3,9240,353000.0,low
21326,6003000851,2014-05-22,1,1279,353000.0,low
18452,3375800220,2015-03-30,3,6021,353000.0,low
1442,5694000710,2014-11-07,3,3000,352950.0,low
15498,3644100095,2015-02-05,2,1892,352900.0,low
4375,3812400854,2014-10-28,4,6360,352800.0,low
20879,2895800610,2014-09-26,4,2752,352800.0,low
19084,8645511500,2015-04-20,4,24237,352750.0,low
16420,1250200415,2014-06-09,2,1241,352750.0,low
6002,722079056,2014-10-06,4,219106,352500.0,low
21489,6021503707,2015-01-20,2,1010,352500.0,low
2597,2972300140,2014-08-21,3,33630,352500.0,low
12312,7283900521,2015-04-20,3,10269,352500.0,low
19146,6713700155,2014-08-18,3,8400,352500.0,low
20432,3438501327,2015-05-04,2,2399,352500.0,low
16813,7772000010,2015-03-09,4,7451,352500.0,low
5651,339600010,2014-10-17,3,4171,352500.0,low
1452,6880200030,2015-04-10,3,7881,352500.0,low
7209,5137000170,2014-12-17,4,10750,352500.0,low
5463,3500100078,2014-06-11,3,8182,352500.0,low
15148,2424400130,2014-05-18,3,14110,352500.0,low
14711,7230300610,2015-04-03,3,17577,352500.0,low
13414,4402700230,2014-08-21,3,7680,352500.0,low
20731,8562780200,2015-04-27,2,705,352499.0,low
12619,6163900971,2014-06-19,3,6000,352450.0,low
402,6021501685,2015-04-22,2,5000,352000.0,low
9465,4123800580,2014-08-12,4,6116,352000.0,low
9834,1446801000,2015-03-20,5,6650,352000.0,low
1581,7972600765,2014-06-25,4,8890,352000.0,low
5204,4048400185,2014-10-22,2,33801,352000.0,low
6171,3810000020,2015-03-18,4,8680,352000.0,low
9895,7300400200,2014-11-19,4,6366,352000.0,low
18623,1995200215,2014-08-26,4,5712,352000.0,low
12407,9206950200,2015-03-10,2,1957,352000.0,low
18013,6149700315,2015-04-10,3,7200,352000.0,low
14280,255550150,2014-11-18,3,3002,352000.0,low
2014,6699940140,2014-09-08,4,5015,352000.0,low
5701,1552800010,2015-03-11,5,9838,352000.0,low
9938,8842400071,2014-05-07,5,8560,352000.0,low
15041,3205500020,2015-04-08,3,7200,352000.0,low
845,1081300200,2014-05-09,3,11050,352000.0,low
2750,2408600160,2015-02-28,4,25002,352000.0,low
20812,255450390,2014-07-07,3,4200,351999.0,low
10524,8929000060,2014-10-04,2,1189,351358.0,low
15121,6752600130,2015-04-13,4,7274,351000.0,low
18994,5632500110,2014-07-16,3,10518,351000.0,low
9078,3298300530,2014-09-24,4,7260,351000.0,low
19478,3876800580,2014-09-02,4,8400,351000.0,low
20123,6181500100,2015-04-29,3,4455,351000.0,low
17984,3448001975,2015-05-04,1,6600,351000.0,low
1112,1509500160,2015-03-24,4,12843,350900.0,low
18401,1862400528,2014-07-16,2,1445,350500.0,low
13338,2970800145,2015-04-07,3,5200,350500.0,low
16930,3876312570,2014-08-11,3,7200,350500.0,low
12046,2781250400,2014-10-08,2,4950,350500.0,low
3158,5100401429,2014-10-09,2,6380,350500.0,low
16784,1138010170,2014-08-01,3,7030,350000.0,low
1232,6004510240,2015-04-14,4,10155,350000.0,low
2033,2461900510,2014-09-26,4,6000,350000.0,low
2892,7574000100,2015-04-08,3,19998,350000.0,low
14214,8857100180,2015-04-13,3,1340,350000.0,low
4886,7212651950,2014-07-10,4,9538,350000.0,low
2853,5511600245,2015-03-24,2,3880,350000.0,low
2923,3834000805,2014-07-10,4,8147,350000.0,low
4901,1604600660,2014-05-12,2,4500,350000.0,low
11009,3876310860,2015-03-30,4,9002,350000.0,low
11641,3834000004,2015-03-02,2,7552,350000.0,low
6755,9264940130,2014-10-28,4,13002,350000.0,low
12679,7186800120,2015-03-11,4,4228,350000.0,low
8265,2163900028,2015-01-28,2,2880,350000.0,low
6765,8011100050,2015-05-08,2,28703,350000.0,low
6766,3768000280,2014-12-01,3,7680,350000.0,low
12118,3876800710,2015-04-14,3,8268,350000.0,low
8342,3888100043,2014-05-07,3,9360,350000.0,low
16558,511700170,2015-05-05,4,10416,350000.0,low
12173,3211200140,2014-07-10,4,7210,350000.0,low
443,822079033,2015-04-22,3,219978,350000.0,low
14557,6300500515,2014-08-18,3,4980,350000.0,low
14724,2310040230,2014-05-20,4,6953,350000.0,low
6652,3558000130,2014-09-09,3,4632,350000.0,low
4776,8097000190,2014-06-02,3,7836,350000.0,low
6640,6139100086,2015-02-24,3,9800,350000.0,low
6687,8856960280,2015-01-21,3,8378,350000.0,low
20990,2919700109,2014-07-22,2,940,350000.0,low
17098,9126100346,2014-06-17,3,3600,350000.0,low
1241,7227802030,2014-06-23,7,9569,350000.0,low
19496,8685500145,2014-12-30,3,6710,350000.0,low
9907,6118600045,2014-08-25,4,13400,350000.0,low
13650,7131300063,2015-04-29,4,4959,350000.0,low
9804,255550270,2015-04-03,3,3655,350000.0,low
12538,7399000230,2015-01-07,4,7500,350000.0,low
15898,6300500275,2014-08-07,3,4820,350000.0,low
5903,1250200605,2015-03-25,3,3600,350000.0,low
1290,2473480560,2014-09-04,3,10290,350000.0,low
15175,425049181,2014-09-12,2,937,350000.0,low
13764,7304301005,2014-05-23,3,11244,350000.0,low
10383,9144300060,2015-04-30,3,9786,350000.0,low
7255,1005000250,2015-01-30,2,5551,350000.0,low
20565,3277801411,2014-11-05,3,1590,350000.0,low
3978,662310900,2015-02-20,3,7372,350000.0,low
20556,4310701421,2014-06-17,2,1347,350000.0,low
10437,7212650200,2014-10-27,3,15484,350000.0,low
10454,2475200370,2014-10-20,3,5996,350000.0,low
7971,3331500485,2015-01-02,2,5150,350000.0,low
16336,1214000050,2014-10-20,3,7500,350000.0,low
1724,1066600045,2014-09-04,3,10800,350000.0,low
7388,1862400479,2014-09-23,3,1298,350000.0,low
154,7920100045,2014-05-16,1,5100,350000.0,low
19183,3904930530,2015-04-14,3,5469,350000.0,low
3387,923000265,2014-08-06,2,8157,350000.0,low
4076,726049232,2014-06-23,3,10150,350000.0,low
3696,4022900837,2014-06-13,3,9545,350000.0,low
7485,9406590280,2014-05-16,4,4000,350000.0,low
1541,1769600204,2015-02-25,3,9425,350000.0,low
10580,6699950310,2014-09-26,4,5831,350000.0,low
3662,1023089228,2014-07-17,3,13775,350000.0,low
19077,49000051,2015-03-16,2,7921,350000.0,low
15199,9834200305,2014-07-16,3,3876,350000.0,low
3597,1515920090,2014-09-19,3,18674,350000.0,low
21594,5087900040,2014-10-17,4,5995,350000.0,low
15212,3762900130,2014-07-15,2,7242,350000.0,low
10654,3226049045,2015-04-30,3,5003,350000.0,low
10685,7326200030,2015-04-13,3,5401,350000.0,low
11458,4305200070,2014-05-19,3,7200,350000.0,low
3524,1322059002,2015-03-19,3,273556,350000.0,low
16152,9477200460,2015-01-08,3,9451,350000.0,low
12268,6749700117,2015-04-23,3,1022,350000.0,low
11356,1559900140,2014-12-22,3,9621,350000.0,low
10126,4166800320,2014-11-10,4,7206,350000.0,low
17652,1773100620,2015-05-05,5,8400,350000.0,low
18883,1568100220,2014-09-08,3,8551,350000.0,low
1880,869700370,2015-04-10,3,3425,350000.0,low
6831,8835900086,2014-09-02,4,16133,350000.0,low
13265,9144100035,2015-03-24,3,8010,350000.0,low
6892,3810000480,2014-09-19,3,6150,350000.0,low
18888,8910500237,2014-07-26,3,941,350000.0,low
4376,1326069188,2015-05-11,3,10424,350000.0,low
17077,7229900005,2014-10-10,3,17640,350000.0,low
8190,1782000180,2014-10-23,2,5100,350000.0,low
12240,1705400350,2015-01-27,3,5518,350000.0,low
3120,9209900315,2014-08-11,3,4400,350000.0,low
10094,7857000732,2014-11-01,3,6258,350000.0,low
15356,6433000050,2014-08-21,4,10086,350000.0,low
11564,1558100398,2014-05-15,3,250470,350000.0,low
4110,7140700850,2015-03-26,4,5428,350000.0,low
13087,7972601885,2015-04-30,5,7620,350000.0,low
1419,4292300024,2015-03-02,3,12199,350000.0,low
12856,428100580,2014-07-16,3,10800,350000.0,low
7075,7694600143,2014-12-18,3,9375,350000.0,low
10231,1471610070,2014-08-27,3,18123,350000.0,low
7109,1454100005,2014-08-06,3,8162,350000.0,low
10786,1061500510,2014-10-15,4,8400,350000.0,low
8072,7305900082,2014-12-30,3,10344,350000.0,low
13794,797000258,2015-04-02,2,11770,350000.0,low
3228,3023049236,2014-09-16,3,5280,350000.0,low
15962,6699940250,2014-07-25,4,5866,350000.0,low
3241,2968801366,2015-02-24,3,5700,350000.0,low
1426,3751604974,2014-12-04,2,73600,350000.0,low
10307,5205000160,2014-07-11,4,10459,350000.0,low
18938,2197600388,2014-12-02,2,1077,350000.0,low
5629,3541600235,2014-10-28,3,10225,350000.0,low
9007,3755000090,2014-10-06,3,10500,350000.0,low
14621,8161000220,2014-12-27,3,21876,350000.0,low
9469,2422049107,2014-05-08,4,13515,350000.0,low
5278,323089134,2014-09-30,3,10236,350000.0,low
11173,6683000295,2014-05-13,3,14298,350000.0,low
12915,2475200330,2015-04-03,3,4400,350000.0,low
11762,1722059222,2014-11-20,3,40752,350000.0,low
11885,3738900105,2014-07-23,3,8201,350000.0,low
13325,7883605695,2014-11-24,3,9000,350000.0,low
2656,5469502860,2015-01-07,5,13482,350000.0,low
724,2171400197,2014-09-18,5,5500,350000.0,low
6386,8850000285,2014-06-12,4,4600,350000.0,low
8915,7977201065,2014-11-04,3,4590,350000.0,low
5222,3797710010,2015-04-28,4,7778,350000.0,low
2540,1862400517,2014-08-13,3,1298,350000.0,low
18698,7229700165,2014-12-02,3,29597,350000.0,low
12595,4024101451,2015-04-30,4,7200,350000.0,low
12991,415100085,2015-02-17,3,8583,350000.0,low
20908,923049203,2014-05-29,4,22653,350000.0,low
6403,1138000250,2014-05-21,3,7790,350000.0,low
5301,2215901650,2015-04-02,4,7095,350000.0,low
5339,1440500020,2014-12-26,3,8645,350000.0,low
21393,7694200090,2015-05-04,3,4086,350000.0,low
11058,597000550,2014-09-19,4,2248,350000.0,low
21398,3333000745,2015-04-17,4,2500,350000.0,low
8956,1782000085,2014-09-15,2,5250,350000.0,low
5801,3581000020,2014-09-26,3,7455,350000.0,low
8532,5101405604,2014-08-14,1,6380,350000.0,low
2428,5137200140,2015-03-25,4,11210,350000.0,low
17102,8807810660,2015-03-02,3,12877,350000.0,low
9442,2095500120,2014-07-18,4,6124,350000.0,low
8550,5127000410,2014-06-27,5,14322,350000.0,low
5371,1853200080,2014-06-19,2,9205,350000.0,low
8868,3629960600,2015-03-12,3,1111,350000.0,low
11791,3278602190,2014-06-11,3,1592,350000.0,low
8555,7981900110,2014-10-03,4,3175,350000.0,low
11951,7849202220,2014-07-17,2,6620,350000.0,low
9053,3528400180,2014-10-03,4,16153,350000.0,low
14177,3031200230,2015-02-26,3,8906,350000.0,low
8457,1062100085,2014-11-13,2,5000,350000.0,low
19884,6791400070,2015-01-26,3,13590,350000.0,low
5599,5437200080,2015-02-04,4,11659,350000.0,low
5051,3444910020,2014-07-15,3,35782,350000.0,low
17279,4365200425,2014-06-24,2,7680,350000.0,low
6134,255550190,2014-07-22,3,3574,350000.0,low
5630,2923039217,2014-06-10,2,43710,350000.0,low
16994,2597690050,2015-04-09,4,7336,350000.0,low
14588,5631500594,2014-09-23,3,9929,350000.0,low
8902,4058801225,2014-12-02,4,6930,350000.0,low
831,8856890200,2014-06-26,3,16290,350000.0,low
9114,1568100300,2014-09-17,6,8504,350000.0,low
5653,7283900010,2015-02-23,3,7000,350000.0,low
17272,6181700250,2015-02-26,2,5820,350000.0,low
939,1324079046,2015-01-20,3,47916,350000.0,low
17592,9268200641,2014-08-20,2,5040,350000.0,low
8814,7950300775,2014-12-04,1,4590,350000.0,low
9611,2917200085,2015-04-08,2,5395,350000.0,low
12006,1250200765,2014-07-14,3,1796,350000.0,low
9597,5491200210,2014-08-20,3,6000,350000.0,low
17556,3876590420,2014-06-24,4,5606,350000.0,low
9210,3420069055,2014-12-03,4,499571,350000.0,low
5708,5422810010,2014-08-19,4,10433,350000.0,low
13947,2325400330,2014-12-01,4,3850,350000.0,low
5088,921059132,2014-08-13,3,81893,350000.0,low
2350,3298201170,2014-11-10,3,7811,350000.0,low
1156,3901100055,2014-12-22,3,8580,350000.0,low
6194,5469502780,2014-08-12,4,13755,350000.0,low
20271,7237450130,2014-10-20,4,3561,349990.0,low
14480,1720069029,2015-03-13,3,165092,349990.0,low
20348,2781240050,2015-05-07,3,4714,349950.0,low
11513,5153100030,2014-08-25,3,7715,349950.0,low
15502,3793500920,2014-07-31,3,6441,349950.0,low
17549,5285200020,2014-07-18,2,4176,349950.0,low
17708,6199000141,2015-03-12,4,15600,349950.0,low
8021,6806100040,2014-08-25,4,5006,349950.0,low
3834,2131701240,2015-01-08,2,6317,349950.0,low
9029,3260810590,2014-09-12,3,7565,349950.0,low
13677,2291401115,2014-11-25,1,9300,349950.0,low
16474,7200001756,2014-06-12,3,9525,349950.0,low
12307,1565950260,2014-05-15,3,7496,349950.0,low
3262,6161000015,2014-05-15,3,7066,349950.0,low
9374,7549801395,2014-11-13,4,6720,349950.0,low
1667,5649600435,2015-01-08,5,4179,349950.0,low
2691,3820350070,2014-09-29,4,3134,349950.0,low
18353,3811300110,2015-04-06,5,7176,349950.0,low
5674,2597710050,2014-06-24,4,5289,349950.0,low
13602,5381000072,2014-05-14,5,10117,349950.0,low
8428,263000329,2014-10-08,3,1162,349950.0,low
13943,7338402160,2014-10-09,4,5000,349950.0,low
2439,3278601940,2014-08-06,2,2031,349950.0,low
21245,3682000050,2014-10-13,4,4117,349950.0,low
20672,3682000060,2015-03-23,4,3520,349950.0,low
20482,3278612370,2014-08-11,3,2765,349900.0,low
19514,2780910100,2014-12-18,5,4229,349900.0,low
5267,8856920250,2014-05-30,3,7278,349900.0,low
19788,8155870200,2014-05-22,4,3723,349900.0,low
17243,7334600280,2014-12-02,2,9230,349900.0,low
6904,7524350080,2015-03-18,4,8796,349900.0,low
8682,2523069146,2014-06-23,3,38781,349900.0,low
11865,1321740260,2014-10-15,4,13474,349900.0,low
14696,7609700065,2014-06-30,3,8855,349810.0,low
18246,4025300360,2015-03-26,3,16875,349500.0,low
1023,8143100350,2014-08-25,3,7128,349500.0,low
19696,7967000060,2014-09-26,4,4596,349500.0,low
1616,7960100260,2014-07-01,3,3600,349500.0,low
253,1105000588,2015-04-21,3,3538,349500.0,low
9485,2976800115,2014-11-05,4,8856,349170.0,low
13343,7304300760,2014-06-25,3,8184,349000.0,low
4820,5104510190,2015-04-27,4,4694,349000.0,low
5313,2641400290,2014-10-28,4,7620,349000.0,low
19688,3796000400,2014-11-20,2,1208,349000.0,low
14269,7972600676,2014-11-04,3,5080,349000.0,low
5254,1898200080,2015-03-12,3,7709,349000.0,low
12841,263000325,2014-06-11,3,1002,349000.0,low
2055,1895450200,2015-04-15,4,7294,349000.0,low
9708,2473460060,2015-04-22,3,7682,349000.0,low
21455,6431000749,2014-09-22,3,1151,349000.0,low
19426,6928000590,2014-05-08,3,9620,349000.0,low
1230,8663370060,2014-10-09,3,7261,349000.0,low
74,3444100400,2015-03-16,3,50529,349000.0,low
1881,4307301160,2014-07-22,4,4096,349000.0,low
10991,6414100732,2015-01-07,2,7552,349000.0,low
9755,3211100240,2014-05-29,4,7800,349000.0,low
13611,3764800540,2014-05-22,3,7876,348580.0,low
4342,9353300600,2014-06-24,3,10726,348500.0,low
15103,7905380380,2014-12-09,4,7575,348500.0,low
12101,8165501620,2014-12-18,2,1824,348500.0,low
12518,3303950220,2014-08-31,4,8628,348450.0,low
9058,8143600015,2014-08-26,2,10880,348140.0,low
19165,1073100065,2015-02-17,3,8451,348125.0,low
3838,534000112,2015-02-03,2,1242,348000.0,low
9709,9558021000,2015-01-20,4,3808,348000.0,low
8711,9320990090,2015-04-21,3,4004,348000.0,low
15554,7893800250,2015-04-30,3,7500,348000.0,low
2290,7920100083,2015-04-14,3,1824,348000.0,low
10490,1402630270,2014-07-29,3,8867,348000.0,low
13380,3726800220,2015-04-06,3,2417,348000.0,low
7303,2591830020,2014-09-16,4,7697,348000.0,low
13939,8820903370,2014-11-17,2,7312,348000.0,low
19804,3630080070,2014-07-10,3,2255,348000.0,low
1874,6703100135,2015-01-16,3,6768,348000.0,low
20757,3022900070,2014-09-29,3,6145,348000.0,low
461,1843100340,2015-03-05,3,8491,348000.0,low
8926,4307330180,2015-03-28,3,5090,348000.0,low
19646,832700320,2015-02-09,3,2478,348000.0,low
3093,9264950940,2014-08-05,3,7458,348000.0,low
16631,1471701410,2015-03-31,5,13500,347950.0,low
16688,9264950420,2014-05-08,4,7350,347500.0,low
3858,2525000690,2015-03-09,3,7500,347500.0,low
10495,3529300060,2014-07-21,3,7053,347500.0,low
734,731500200,2015-01-13,4,3562,347500.0,low
2585,1328300810,2015-03-30,4,7000,347500.0,low
2679,6791400800,2015-04-13,3,12036,347500.0,low
20211,6031400094,2015-02-26,5,6551,347500.0,low
5740,2597000006,2015-03-09,3,8353,347500.0,low
21589,7570050450,2014-09-10,3,4760,347500.0,low
9504,1864700300,2014-10-10,4,7098,347500.0,low
2199,1843100520,2014-07-25,4,9751,347000.0,low
9266,3278602170,2014-12-15,2,1705,347000.0,low
6821,3582750280,2015-03-26,2,2162,347000.0,low
12393,4136920030,2014-05-24,4,10026,347000.0,low
14259,2473460650,2015-04-07,3,7848,347000.0,low
17404,3327750020,2014-09-09,3,9198,347000.0,low
812,4307350200,2015-05-12,3,4308,347000.0,low
5464,9493200010,2014-06-23,3,8400,347000.0,low
1951,6054650510,2014-06-09,3,8050,347000.0,low
8846,3205400230,2014-07-16,3,7200,347000.0,low
4302,4024100961,2014-07-28,3,10954,346950.0,low
2753,5104530240,2014-07-24,3,4348,346950.0,low
539,9485740340,2015-03-10,4,5106,346900.0,low
18150,7831800495,2014-10-02,4,5100,346500.0,low
14292,1708400555,2014-06-25,2,6300,346500.0,low
16912,3278602040,2014-10-21,3,2048,346500.0,low
19021,1773600691,2014-06-25,3,11802,346500.0,low
4125,1328330590,2015-04-20,5,8250,346500.0,low
2170,4136890560,2015-04-30,4,11018,346300.0,low
5543,5416100190,2014-07-29,4,9240,346290.0,low
4019,5358300100,2014-06-19,3,7200,346150.0,low
6548,2461900609,2014-07-17,3,2036,346100.0,low
21137,8562780430,2015-05-04,2,698,346100.0,low
21531,5637500082,2014-12-03,3,1184,346000.0,low
6192,3726800285,2014-10-01,2,2196,346000.0,low
21046,1773100604,2014-07-21,3,1442,346000.0,low
7119,1148000005,2014-06-23,3,8100,346000.0,low
14460,3709600180,2014-05-26,4,3916,346000.0,low
15676,6163901150,2014-11-09,3,9636,346000.0,low
13126,1841400150,2015-02-19,5,30456,346000.0,low
5891,8944320470,2014-06-23,3,4118,345950.0,low
3457,1568100076,2014-12-10,5,11198,345950.0,low
19188,7942601475,2014-05-20,5,5120,345600.0,low
12719,6386550040,2014-12-23,4,9682,345500.0,low
958,7279300070,2014-09-22,3,8581,345500.0,low
20741,7967000200,2014-11-21,3,4000,345500.0,low
3759,561000300,2014-06-23,3,8625,345100.0,low
1722,3205000310,2014-11-21,3,9339,345000.0,low
10579,9407101180,2014-12-24,3,9000,345000.0,low
7682,7254200040,2015-03-16,2,2700,345000.0,low
7648,7625703945,2014-07-01,2,7775,345000.0,low
7743,6749700031,2014-06-09,3,1420,345000.0,low
16469,1568100380,2014-10-16,2,8504,345000.0,low
5870,3416601045,2014-06-23,3,4200,345000.0,low
17680,424049283,2015-04-15,2,1034,345000.0,low
21132,3814900950,2014-07-25,4,6002,345000.0,low
18045,3810000843,2015-04-27,5,12870,345000.0,low
7701,2685600090,2014-11-18,3,6969,345000.0,low
7596,8899100230,2015-03-11,3,7439,345000.0,low
2475,6414600260,2014-10-30,2,10423,345000.0,low
10692,1822500270,2014-08-19,4,5899,345000.0,low
15265,8911000425,2014-09-18,2,8081,345000.0,low
20462,3869900150,2015-04-27,2,1106,345000.0,low
7752,4046700210,2014-06-29,3,15005,345000.0,low
8901,9510400100,2014-05-06,4,3826,345000.0,low
15998,7305300470,2014-12-01,2,8409,345000.0,low
12944,3278600760,2014-07-29,3,1489,345000.0,low
15671,9407101850,2014-12-09,3,14615,345000.0,low
15249,9357000635,2015-03-23,3,5600,345000.0,low
10732,423059360,2014-10-17,4,5875,345000.0,low
51,7231300125,2015-02-17,5,9134,345000.0,low
5694,3578401060,2014-12-16,3,9672,345000.0,low
7680,3378100100,2015-03-17,4,7168,345000.0,low
5501,1431700250,2014-05-16,4,7991,345000.0,low
15141,2473372040,2015-01-02,4,7350,345000.0,low
1354,2695600070,2014-08-18,2,4494,345000.0,low
17768,9320990120,2014-07-03,4,5523,345000.0,low
19951,8096800110,2014-12-15,3,9388,345000.0,low
4596,3432500215,2014-06-10,3,6909,345000.0,low
17428,7334600170,2014-10-13,3,13860,345000.0,low
4590,2124700015,2014-07-16,3,10176,345000.0,low
4564,5162100820,2015-05-04,4,11481,345000.0,low
390,7972600860,2014-12-10,4,7620,345000.0,low
14852,5153200150,2014-12-03,2,16660,345000.0,low
21019,7548301056,2014-06-09,2,1210,345000.0,low
14521,7852050220,2014-08-08,3,3237,345000.0,low
13849,3260810580,2015-04-17,3,7258,345000.0,low
14517,1217000481,2015-02-11,3,9000,345000.0,low
1889,3319500922,2015-04-21,2,920,345000.0,low
15936,3878900225,2014-06-02,3,5650,345000.0,low
1872,5505700055,2014-07-30,5,6150,345000.0,low
1281,7955030060,2015-03-26,3,17380,345000.0,low
6733,9284802045,2014-06-30,2,5750,345000.0,low
16566,2201500440,2014-05-20,3,11200,345000.0,low
16777,7905200130,2015-04-05,2,3008,345000.0,low
18347,9558041130,2014-09-03,3,3584,345000.0,low
17761,2473410360,2014-06-17,4,7412,345000.0,low
18812,9264910300,2014-07-10,3,8571,345000.0,low
19519,993002177,2015-05-06,3,1547,345000.0,low
8466,3410600100,2014-06-13,2,26615,345000.0,low
2116,7695500240,2014-05-14,3,15003,345000.0,low
13887,1250200418,2014-05-27,2,844,345000.0,low
2168,8029740060,2015-05-07,5,4182,345000.0,low
6400,7452500190,2014-10-16,3,5050,345000.0,low
20744,1604601572,2014-09-05,2,696,345000.0,low
1957,8849300160,2015-02-05,4,8190,345000.0,low
11302,6703100140,2014-08-22,3,6628,345000.0,low
15321,1016000080,2014-11-25,3,10610,345000.0,low
20147,7548301041,2014-06-23,3,1192,345000.0,low
5391,1021079099,2014-11-06,3,20466,345000.0,low
6925,7302000500,2014-09-17,3,38095,345000.0,low
18946,7950302345,2014-08-15,3,3060,345000.0,low
17800,3521059124,2014-09-24,2,216344,345000.0,low
810,259600260,2015-01-22,3,7210,345000.0,low
19312,6145601725,2014-11-04,3,3844,345000.0,low
13788,3840700593,2015-04-06,3,10529,345000.0,low
14450,126039305,2014-10-13,1,10125,345000.0,low
20773,7304301231,2014-06-17,3,2229,345000.0,low
12294,3205400240,2014-05-13,3,7200,345000.0,low
12299,3531900060,2014-08-02,2,8250,345000.0,low
15972,9553200052,2014-05-06,3,6250,345000.0,low
20566,8822901175,2014-12-29,3,1161,345000.0,low
15117,984220290,2015-02-10,3,7191,345000.0,low
9146,2379300330,2014-07-02,5,6994,345000.0,low
21356,5422950020,2014-06-30,4,5000,345000.0,low
6124,7942600006,2014-11-26,3,2640,345000.0,low
7328,7215400280,2015-01-16,3,37089,345000.0,low
19713,4310702918,2014-10-30,2,1290,345000.0,low
20284,255370020,2014-11-06,4,3600,345000.0,low
15331,6140100022,2014-08-26,3,1882,345000.0,low
18944,112900110,2014-09-03,3,5992,345000.0,low
3147,2770602265,2015-02-24,3,4200,345000.0,low
19335,6021500970,2014-05-28,2,4000,345000.0,low
12675,4307320230,2014-10-14,4,6976,345000.0,low
12960,9264930970,2015-03-11,4,13498,345000.0,low
1407,6052401631,2015-02-05,3,13496,345000.0,low
18192,3649100031,2015-03-05,4,18150,345000.0,low
8137,1099900120,2015-01-26,3,8414,345000.0,low
6455,9183700470,2014-05-27,4,6250,344950.0,low
12450,1328330510,2014-09-09,3,7500,344950.0,low
18873,1138010220,2015-03-17,3,6712,344950.0,low
11197,5647000060,2014-12-11,3,7419,344950.0,low
8130,7276100145,2014-09-30,3,6950,344950.0,low
11082,414100045,2014-09-23,4,7500,344950.0,low
9393,2212200100,2015-04-22,4,7670,344900.0,low
10391,3102700160,2014-09-25,4,7700,344900.0,low
15379,9133600130,2015-01-05,3,9535,344500.0,low
12750,7222000209,2014-05-21,4,5453,344500.0,low
10333,1786630160,2014-07-11,4,5812,344200.0,low
14054,8682260870,2014-09-12,2,4659,344000.0,low
20553,9406530150,2014-12-22,4,4848,344000.0,low
4446,2767604252,2015-01-12,1,779,344000.0,low
18039,2571910100,2014-10-29,4,8501,344000.0,low
20582,2325300060,2014-05-15,3,1130,344000.0,low
5248,6332940020,2014-08-26,5,8412,344000.0,low
19498,1775800750,2015-03-10,3,12402,344000.0,low
21337,993001976,2014-08-18,3,871,344000.0,low
20437,993001914,2015-01-06,3,1033,344000.0,low
12232,2887700875,2014-07-23,2,3325,344000.0,low
10560,2459960030,2014-08-15,4,5607,343888.0,low
6444,34000005,2014-06-18,2,4200,343566.0,low
18089,8691510150,2014-09-22,3,5194,343500.0,low
18186,5637200150,2015-01-14,3,7509,343500.0,low
11342,4058800875,2014-06-24,4,6204,343500.0,low
2686,8910500238,2014-11-06,3,1173,343000.0,low
8485,323059146,2015-04-17,3,18600,343000.0,low
20984,2149800278,2014-10-15,6,7655,343000.0,low
18370,2781250230,2014-06-05,4,4500,343000.0,low
20388,5649600464,2015-03-27,2,1228,343000.0,low
20026,3126049446,2015-03-10,3,1449,343000.0,low
2602,8113101232,2014-12-02,2,9261,343000.0,low
6850,1568100225,2014-12-04,2,8526,343000.0,low
15684,8731000010,2014-05-15,4,10290,343000.0,low
1555,1138000160,2014-09-08,3,7250,343000.0,low
12822,3343300644,2015-05-11,2,9920,343000.0,low
5633,3424069145,2014-09-25,3,5662,343000.0,low
7449,6706200130,2015-04-15,3,7920,343000.0,low
17991,9206950100,2014-06-17,3,2509,343000.0,low
14782,8643000210,2015-03-04,5,9282,343000.0,low
1188,6149700350,2014-10-16,2,7560,343000.0,low
8228,3331500121,2015-02-10,2,5150,342888.0,low
2171,1320069271,2014-06-12,3,11375,342500.0,low
11671,9353301070,2015-05-08,5,10726,342500.0,low
15648,3755000020,2014-09-17,3,10500,342500.0,low
19949,7548301044,2014-07-10,2,826,342500.0,low
15605,3762900020,2014-06-24,2,7507,342500.0,low
469,4123840310,2015-01-06,3,5192,342500.0,low
7838,6450302175,2014-11-18,3,5525,342450.0,low
5869,5631500213,2014-05-15,3,9630,342400.0,low
8964,4302700559,2015-03-27,3,6450,342000.0,low
17120,731500170,2015-04-22,4,3541,342000.0,low
7855,3331500940,2014-06-17,2,6180,342000.0,low
1659,567000672,2014-09-30,3,1251,342000.0,low
16650,9267200345,2014-06-02,2,1366,342000.0,low
19457,7941130110,2014-12-01,3,2845,342000.0,low
15794,2460700430,2014-06-27,3,10409,342000.0,low
7993,6749700110,2014-10-29,3,1634,342000.0,low
8018,2596300035,2015-04-22,4,9023,342000.0,low
19313,7137950210,2014-11-20,4,7792,342000.0,low
20353,9347300010,2015-05-01,3,3540,342000.0,low
921,4046500320,2015-01-20,3,16275,342000.0,low
13450,1453602283,2015-05-07,2,1462,342000.0,low
2297,2331540070,2014-07-03,4,6448,342000.0,low
17954,859000018,2014-08-14,3,2226,342000.0,low
5437,6381500635,2014-05-16,3,6826,342000.0,low
20385,2781240040,2014-08-06,3,4802,342000.0,low
502,5467900070,2014-05-02,3,11947,342000.0,low
9979,586470350,2015-04-03,3,5715,342000.0,low
10514,7212650240,2015-02-23,3,7757,342000.0,low
2511,765000060,2014-08-27,4,11200,342000.0,low
16402,4299000130,2014-07-28,5,5252,341950.0,low
21565,5007500120,2015-02-26,4,4440,341780.0,low
3889,9264910100,2015-02-18,5,10400,341500.0,low
771,3343901234,2014-11-13,3,7223,341500.0,low
1789,7148700160,2014-05-12,3,7119,341000.0,low
11186,3735901040,2014-07-03,3,4814,341000.0,low
19120,3083000940,2015-04-12,2,4000,341000.0,low
2849,2473411080,2014-06-09,4,7665,341000.0,low
16271,6430500086,2015-01-16,3,4200,341000.0,low
20006,3277801417,2014-05-16,3,1663,341000.0,low
4183,2473510090,2014-07-29,3,8900,341000.0,low
1424,3500100226,2014-12-29,2,8612,340895.0,low
19581,5151900110,2014-12-19,3,11200,340768.0,low
2485,2473390710,2015-04-03,3,10463,340500.0,low
10360,1180000885,2014-10-30,3,5871,340500.0,low
7331,5101402472,2015-01-29,2,5413,340500.0,low
468,1723049270,2015-01-07,3,28025,340500.0,low
19047,4027700466,2014-12-19,3,12458,340500.0,low
2476,2620069195,2014-11-04,4,11651,340000.0,low
7065,1898900280,2014-09-19,4,20277,340000.0,low
17662,3626039229,2015-03-17,2,5829,340000.0,low
13308,3451000206,2014-10-16,3,13260,340000.0,low
19239,1657300450,2014-10-29,3,9916,340000.0,low
1885,795001600,2014-11-25,3,10190,340000.0,low
12629,1219000120,2015-04-02,4,13440,340000.0,low
15439,2917200675,2015-01-27,2,4158,340000.0,low
7351,6882510020,2014-07-15,4,5210,340000.0,low
7409,4166800080,2014-10-20,4,7316,340000.0,low
1698,3581000340,2015-02-27,4,8316,340000.0,low
1695,2822079012,2015-04-10,3,46580,340000.0,low
17529,7300410010,2014-12-04,4,6099,340000.0,low
6830,5702450250,2014-07-17,3,10015,340000.0,low
19668,8141300030,2015-02-10,3,5688,340000.0,low
5547,4307320280,2014-07-30,4,5455,340000.0,low
2784,3601200465,2015-01-23,4,7200,340000.0,low
6174,1873400020,2014-07-03,8,6695,340000.0,low
14645,3343901183,2014-07-09,3,7324,340000.0,low
10689,5412100240,2014-10-22,4,7555,340000.0,low
2202,8078100260,2014-09-12,4,7475,340000.0,low
19694,9542840060,2015-03-05,4,4142,340000.0,low
6452,2473390440,2014-12-02,3,8125,340000.0,low
2041,5469700260,2014-09-03,4,24700,340000.0,low
6614,2071700010,2014-11-19,3,7434,340000.0,low
6618,9542830440,2015-03-30,4,4200,340000.0,low
16425,7625700020,2014-09-29,1,4800,340000.0,low
6102,222029026,2014-09-17,2,48292,340000.0,low
2021,2641400160,2014-12-05,4,7850,340000.0,low
15374,7148700050,2015-01-26,3,7378,340000.0,low
2742,2822059350,2014-09-10,5,6858,340000.0,low
17293,1771000290,2014-12-03,3,16200,340000.0,low
19925,6056111370,2014-11-24,2,1916,340000.0,low
6631,3323059027,2015-02-25,3,28000,340000.0,low
5045,5647900670,2014-06-20,3,11249,340000.0,low
17482,7387500235,2014-05-15,3,8136,340000.0,low
5438,3980300020,2015-03-10,3,23522,340000.0,low
6008,1829700080,2014-12-12,3,9586,340000.0,low
12725,705700530,2014-07-30,3,9798,340000.0,low
2388,2395710070,2014-07-25,4,6791,340000.0,low
16570,2923039243,2014-11-13,4,11834,340000.0,low
2252,7893804845,2015-02-23,2,6718,340000.0,low
6827,3226049466,2014-12-19,2,7208,340000.0,low
4965,4273000095,2015-05-11,4,8374,340000.0,low
13307,3812400789,2014-07-31,3,5715,340000.0,low
11444,3580900260,2014-05-05,5,9022,340000.0,low
1646,5469501940,2014-06-04,3,12626,340000.0,low
610,3126049411,2014-12-09,2,1760,340000.0,low
9034,2228900191,2015-01-06,3,10800,340000.0,low
9216,1825079018,2014-11-20,3,46382,340000.0,low
18506,9536601295,2014-10-07,3,11986,340000.0,low
4176,2349300090,2014-05-16,3,4800,340000.0,low
7713,3575303970,2014-07-16,3,7500,340000.0,low
18497,2130400150,2014-09-25,3,9635,340000.0,low
4117,2475900855,2014-08-27,3,10400,340000.0,low
14009,6057700120,2014-09-17,3,8422,340000.0,low
20338,3644100086,2014-05-05,2,1438,340000.0,low
15128,8944460020,2015-03-05,4,5868,340000.0,low
9342,5018200155,2015-01-21,3,10403,340000.0,low
16071,3275910020,2015-02-13,4,5521,340000.0,low
17862,8570900038,2014-08-11,3,11620,340000.0,low
12435,1217000340,2015-02-19,3,8100,340000.0,low
15289,203900920,2014-07-15,3,9879,340000.0,low
9584,9320990110,2015-04-09,3,4120,340000.0,low
3334,7792000025,2015-02-11,3,27586,340000.0,low
13009,8944750730,2014-05-14,3,3716,340000.0,low
15184,4322200050,2014-12-17,3,3378,340000.0,low
9783,4046601420,2014-12-30,3,14992,340000.0,low
18218,6798100661,2014-06-16,3,1174,340000.0,low
10137,4046700140,2014-10-02,4,15084,340000.0,low
18162,2517010120,2015-04-13,4,6941,340000.0,low
13766,164000271,2014-09-05,3,7228,340000.0,low
15239,6154900130,2014-12-02,2,7102,340000.0,low
17983,8151600941,2014-08-28,3,10710,340000.0,low
18016,1332300110,2015-02-23,3,6255,340000.0,low
10612,3259400024,2015-04-27,3,700,340000.0,low
8973,8691500410,2014-06-19,3,6112,340000.0,low
2531,1232000810,2014-09-12,3,4800,340000.0,low
15290,2458400345,2014-10-28,3,6060,340000.0,low
12887,5126300770,2015-02-17,3,6000,340000.0,low
7729,3869900155,2015-03-26,2,1178,340000.0,low
7733,3810000455,2014-09-08,4,8400,340000.0,low
14329,8731980880,2014-12-22,4,8000,340000.0,low
12162,7300400320,2015-04-24,4,6481,340000.0,low
1496,9264960560,2014-10-01,3,8577,340000.0,low
16471,6382000080,2014-07-08,3,13090,340000.0,low
7952,7300000650,2014-07-02,4,4805,340000.0,low
17749,7934000090,2015-02-25,2,5200,340000.0,low
8296,7844200120,2015-04-13,4,8750,340000.0,low
15313,9264930980,2014-07-28,4,9362,340000.0,low
4487,4137000110,2014-07-25,3,7917,340000.0,low
15066,6880210020,2015-03-08,4,7201,340000.0,low
1267,4310701600,2014-11-13,3,1115,340000.0,low
15019,7696300080,2014-09-14,4,7313,340000.0,low
893,3298700946,2014-07-25,2,6771,340000.0,low
8453,9358001590,2015-03-03,5,3774,340000.0,low
8458,6821101827,2014-11-05,2,1461,340000.0,low
4300,2421069039,2015-02-09,3,196020,340000.0,low
8479,8078100120,2015-03-19,4,19785,340000.0,low
8612,3904100065,2014-10-28,2,9690,340000.0,low
18707,7100000110,2015-01-14,3,8308,340000.0,low
16722,798000630,2014-10-31,4,32710,340000.0,low
13585,5490700085,2014-09-11,5,8220,340000.0,low
15281,7137970130,2014-12-18,3,8093,339999.0,low
4139,396100025,2014-08-07,4,6369,339999.0,low
13721,705730180,2014-10-21,4,5367,339995.0,low
19934,3845100160,2014-06-20,3,4600,339990.0,low
20431,255450410,2014-08-04,3,4200,339989.0,low
21381,9521100301,2014-05-07,2,681,339950.0,low
7418,3881900321,2014-05-14,3,5402,339950.0,low
13131,4178500580,2015-05-05,4,7150,339950.0,low
2492,4027701182,2014-07-22,3,11457,339950.0,low
8193,797000256,2015-04-07,3,12092,339950.0,low
12847,9485940330,2014-07-02,3,34041,339950.0,low
11879,9320990140,2015-04-22,3,4286,339950.0,low
13622,9542830540,2015-03-03,4,4000,339950.0,low
13932,2459500210,2014-05-07,3,12295,339950.0,low
9609,4059400265,2014-11-14,5,6050,339950.0,low
1912,5306100240,2014-09-18,3,10200,339950.0,low
9341,7230900120,2014-10-27,3,7641,339950.0,low
8477,2569500210,2014-11-17,0,8319,339950.0,low
11054,1330290160,2015-04-13,4,6086,339950.0,low
15550,2023049372,2014-11-07,4,9040,339950.0,low
19251,8650100120,2014-08-29,5,7292,339950.0,low
4829,3330500920,2014-10-30,2,3090,339950.0,low
7637,3268000040,2014-06-28,3,9087,339900.0,low
2117,7749500070,2015-01-19,4,18042,339900.0,low
4831,8097000380,2014-08-18,3,7423,339900.0,low
17489,1862700290,2014-07-11,4,9748,339900.0,low
12343,1598600320,2015-04-16,4,9210,339900.0,low
18251,7849202296,2015-01-30,3,4675,339900.0,low
4051,1736100090,2014-12-14,3,7490,339888.0,low
6760,4302200415,2014-11-04,4,6144,339888.0,low
11081,9406550060,2014-10-02,4,7862,339500.0,low
15907,3575302880,2014-11-10,3,10000,339300.0,low
17824,2645500021,2014-10-09,3,7260,339275.0,low
13827,7137950720,2015-03-04,4,10655,339100.0,low
12553,3782100145,2014-05-12,3,8100,339000.0,low
11539,5347200070,2015-04-27,3,2496,339000.0,low
16984,7853210050,2014-07-07,3,3748,339000.0,low
17281,2473380920,2015-02-27,5,10202,339000.0,low
18553,2622059138,2015-04-16,3,21980,339000.0,low
1672,8645530060,2014-07-11,3,10120,339000.0,low
4311,5416100110,2014-11-18,4,8746,339000.0,low
11487,1953400570,2015-03-24,3,8470,339000.0,low
7621,9842300540,2014-06-24,3,4128,339000.0,low
12150,1708400370,2014-06-26,2,7954,339000.0,low
16641,3826500290,2015-04-24,3,7210,339000.0,low
5056,9264950660,2015-03-10,3,8459,339000.0,low
10159,9282800075,2015-03-17,4,6000,339000.0,low
5726,7972600670,2014-06-24,4,5080,339000.0,low
1856,5104510240,2014-05-19,4,8601,339000.0,low
18171,203900610,2014-07-24,3,13278,339000.0,low
5748,7967650010,2015-02-10,4,6918,339000.0,low
414,1678400105,2015-02-12,4,7480,339000.0,low
12039,1217000270,2014-09-16,3,9450,338995.0,low
13063,3222069151,2014-11-10,3,22496,338950.0,low
13733,603001020,2015-04-16,3,4000,338900.0,low
570,5104510270,2014-07-18,4,5612,338900.0,low
19640,2161400060,2014-11-14,3,9495,338900.0,low
20260,2895800380,2014-08-21,4,2752,338800.0,low
16619,1454100010,2015-02-02,2,6050,338500.0,low
16508,5419000050,2014-09-17,4,4513,338500.0,low
21015,8562780530,2015-03-28,2,711,338500.0,low
5818,7436050170,2015-01-12,4,6111,338500.0,low
3513,2617370090,2014-10-19,3,5489,338500.0,low
21539,8902000201,2015-02-19,3,1470,338500.0,low
10644,9432900070,2014-09-02,4,8580,338150.0,low
1715,6699930550,2015-02-03,3,4948,338000.0,low
15481,8956500020,2014-08-18,3,7819,338000.0,low
19223,9407001830,2014-07-17,5,9000,338000.0,low
12084,2816900030,2014-12-18,3,8215,338000.0,low
16549,7237300290,2015-03-26,5,4496,338000.0,low
19615,7250000065,2014-08-25,3,23512,338000.0,low
8494,7305300090,2014-11-06,4,8152,338000.0,low
7783,5550300205,2015-04-13,2,6400,338000.0,low
13674,6163900333,2014-11-10,3,7710,338000.0,low
10300,1529300135,2014-10-14,2,6439,338000.0,low
10135,2624049050,2015-02-13,2,5566,338000.0,low
369,3291800710,2014-11-20,4,7500,338000.0,low
10630,5589900400,2014-12-05,4,17925,338000.0,low
21347,8165500780,2014-12-09,3,1760,338000.0,low
9167,3260810110,2014-08-25,4,10631,338000.0,low
9919,767000159,2014-08-21,3,1471,337900.0,low
3660,8692800025,2014-05-14,5,7314,337500.0,low
2593,538000390,2014-10-28,5,4698,337500.0,low
7233,7399300780,2015-04-29,3,6600,337500.0,low
21463,1760650900,2014-07-21,4,4907,337500.0,low
6138,7883605915,2015-05-08,3,6000,337500.0,low
6207,5014000225,2014-12-22,2,6731,337500.0,low
13296,7893207510,2015-05-06,3,5850,337500.0,low
5048,9526500080,2014-07-29,4,8779,337000.0,low
17611,5095400760,2014-06-23,3,12750,337000.0,low
9799,3918400013,2014-07-01,3,941,337000.0,low
13018,6414100133,2014-05-22,3,6109,337000.0,low
18360,421069081,2015-01-27,3,43560,337000.0,low
16511,1568100290,2014-06-20,4,8504,337000.0,low
17440,9238440130,2014-06-30,4,5970,337000.0,low
14931,3013300895,2014-07-18,2,4000,337000.0,low
654,7849202231,2014-07-23,3,3976,337000.0,low
1731,7883603750,2014-12-09,3,6000,337000.0,low
17546,7885800290,2014-11-03,4,5772,337000.0,low
21563,9406530090,2014-10-20,4,5100,337000.0,low
16855,2881700231,2015-04-22,3,11364,337000.0,low
1522,2621750340,2014-10-15,3,9087,337000.0,low
14314,6699930360,2014-07-22,4,5240,337000.0,low
11199,6669020640,2015-04-24,3,7680,336950.0,low
20862,8165500790,2014-12-29,3,1200,336900.0,low
17543,4047200655,2014-05-09,3,120661,336900.0,low
2544,3971700510,2015-01-29,5,16650,336800.0,low
21536,8562780180,2014-06-12,2,1011,336750.0,low
15420,2414600255,2015-04-03,4,7803,336750.0,low
15210,9406521150,2015-03-05,3,8464,336600.0,low
9774,2645500013,2014-06-24,3,7284,336500.0,low
16314,8835210480,2014-07-10,3,3433,336500.0,low
8102,7461420230,2015-03-25,4,7268,336500.0,low
8499,1722059021,2014-12-17,3,12891,336500.0,low
12368,6679000960,2014-11-16,4,5264,336500.0,low
4707,7663700551,2015-04-07,3,11765,336000.0,low
6898,4327600010,2015-02-02,3,13350,336000.0,low
16733,7212650950,2014-07-08,4,8169,336000.0,low
13347,1310900610,2014-07-14,4,11700,336000.0,low
15806,7548300425,2015-04-03,1,5000,336000.0,low
5710,8944320280,2015-04-02,3,4549,336000.0,low
1607,4137010240,2014-07-16,3,11625,336000.0,low
16811,414100280,2015-04-14,2,7200,336000.0,low
3117,7891600590,2015-04-07,3,5000,336000.0,low
11895,8113101000,2014-07-22,4,4310,336000.0,low
5940,2473000470,2014-07-08,3,10160,336000.0,low
20941,9267200062,2014-09-11,3,1211,336000.0,low
6255,2895600680,2014-07-07,2,5192,335950.0,low
10908,7568700260,2014-08-14,2,7440,335900.0,low
21278,301401630,2014-10-31,4,4000,335900.0,low
14578,2976800360,2015-02-23,3,7260,335750.0,low
10301,4124000320,2015-03-16,3,15903,335620.0,low
19813,3845100140,2014-07-08,3,4600,335606.0,low
11893,1402100070,2014-08-01,5,19090,335500.0,low
12747,8821900155,2014-07-09,3,6780,335500.0,low
16547,526059259,2014-08-19,3,8487,335500.0,low
11562,5651010320,2014-07-22,2,5840,335000.0,low
9964,1771100030,2015-01-06,3,9075,335000.0,low
89,3869900162,2014-09-04,2,1066,335000.0,low
15486,1402900460,2015-02-23,4,9209,335000.0,low
3543,7968200090,2014-08-19,4,7214,335000.0,low
20440,6056111430,2015-01-13,2,1685,335000.0,low
7309,1829700050,2014-07-24,2,8842,335000.0,low
9339,4364200015,2015-01-09,2,5248,335000.0,low
5610,1839900080,2014-07-12,3,8000,335000.0,low
9897,123039346,2015-04-30,3,17000,335000.0,low
13309,8165501540,2015-03-06,2,1246,335000.0,low
8004,9558020610,2014-05-12,3,4927,335000.0,low
12734,2789000120,2015-04-24,2,8900,335000.0,low
10711,597000566,2015-04-28,3,1951,335000.0,low
12635,4166600610,2015-05-14,3,44866,335000.0,low
9307,1821069072,2014-05-08,3,87625,335000.0,low
11575,3830200140,2014-08-04,3,9417,335000.0,low
16935,2810600022,2014-10-07,2,1202,335000.0,low
8158,8594400110,2015-04-01,3,36769,335000.0,low
13180,258100040,2014-11-24,3,8847,335000.0,low
18977,9264901490,2015-04-28,4,7889,335000.0,low
8738,9264950600,2014-07-24,3,7702,335000.0,low
13914,4046500180,2014-07-24,3,15003,335000.0,low
10997,3764800510,2014-07-23,3,7920,335000.0,low
14701,3331001765,2014-09-23,3,3825,335000.0,low
17873,192450180,2015-03-10,3,15890,335000.0,low
17381,641900050,2014-08-19,4,8817,335000.0,low
1658,1898200030,2014-09-22,4,9701,335000.0,low
20095,8562780490,2015-02-23,3,683,335000.0,low
17869,2122059198,2014-08-25,4,6000,335000.0,low
2939,4310702787,2014-07-17,3,1249,335000.0,low
16501,6145600780,2014-09-11,2,3844,335000.0,low
3917,3949600090,2014-12-01,3,9903,335000.0,low
12809,5089700720,2015-01-27,4,8592,335000.0,low
15678,3824100020,2015-02-03,3,9720,335000.0,low
14386,7518503065,2014-06-23,1,5100,335000.0,low
15469,4202400078,2015-04-28,2,7000,335000.0,low
14389,7849201020,2014-08-21,4,13440,335000.0,low
2487,7525100520,2014-05-02,2,2560,335000.0,low
19750,9358001422,2014-11-14,3,1139,335000.0,low
16643,4189800050,2014-05-20,3,10050,335000.0,low
14936,1138020020,2015-02-17,3,6315,335000.0,low
2996,1463400047,2014-08-22,4,10200,335000.0,low
17193,4476400275,2015-01-14,3,8298,335000.0,low
15177,6669240130,2014-10-22,3,5701,335000.0,low
3658,726049202,2015-05-06,3,10200,335000.0,low
7851,748000145,2014-12-11,2,6678,335000.0,low
11825,5616000030,2014-10-23,4,4745,335000.0,low
2873,2619950490,2014-07-12,3,4580,335000.0,low
18344,4302200625,2014-09-24,3,5120,335000.0,low
3969,8035600590,2014-07-16,3,8039,335000.0,low
10696,3343901242,2014-08-07,3,7584,335000.0,low
19139,844000375,2015-03-03,4,19745,335000.0,low
3651,7237300090,2015-04-02,5,4548,335000.0,low
12678,4123800330,2015-05-01,3,5876,335000.0,low
12392,723049301,2014-08-13,2,11437,335000.0,low
18809,603000150,2014-06-16,3,6000,335000.0,low
1989,1180500070,2014-11-24,4,7050,335000.0,low
20903,7813500040,2014-10-15,4,3301,335000.0,low
15300,705730280,2015-04-21,3,5267,335000.0,low
12893,1431600180,2015-04-03,5,7700,335000.0,low
11310,4364700990,2014-10-03,3,7200,335000.0,low
4414,8108600464,2014-05-15,3,30476,335000.0,low
19606,2548100180,2014-05-07,3,7200,335000.0,low
6216,414100630,2014-07-29,3,7470,335000.0,low
2415,3904100106,2015-04-27,3,6750,335000.0,low
5683,2202500255,2015-03-05,3,9926,335000.0,low
10229,1471701170,2014-06-11,4,13500,335000.0,low
3648,7338402690,2015-04-01,6,7071,335000.0,low
4394,7549802600,2014-05-28,4,3132,335000.0,low
5215,1775930010,2014-12-22,3,19991,335000.0,low
5347,8097000170,2015-02-02,3,8040,335000.0,low
15813,5162100660,2014-08-26,4,7205,335000.0,low
301,3260800030,2014-08-11,3,7632,335000.0,low
18697,1623049241,2014-11-07,3,30409,335000.0,low
2396,4302700445,2014-09-23,4,9472,335000.0,low
4989,2482410130,2014-06-10,3,9133,335000.0,low
12669,619079061,2014-06-19,4,103672,335000.0,low
14921,3751606785,2014-07-22,3,47318,335000.0,low
8247,2780900220,2014-12-26,2,5185,335000.0,low
14641,5104520610,2014-07-14,4,4500,335000.0,low
18859,821049149,2014-10-09,4,10890,335000.0,low
4184,1329300300,2014-10-01,4,6050,335000.0,low
5294,3501600185,2014-09-15,3,4800,335000.0,low
17352,3336000170,2014-10-03,4,6500,335000.0,low
14636,1328340540,2014-05-23,4,8476,335000.0,low
16983,3624039150,2014-06-05,3,5360,335000.0,low
5362,2856101845,2014-07-24,2,5100,335000.0,low
12203,6385800030,2015-04-22,4,7305,335000.0,low
5766,7893202340,2014-07-21,4,7500,335000.0,low
18524,8807810090,2014-09-25,3,14212,335000.0,low
5921,7802900380,2014-09-08,2,69260,335000.0,low
965,1842000140,2014-07-30,3,7500,335000.0,low
8380,1864940180,2014-06-05,4,4781,335000.0,low
1936,1246700152,2014-07-21,3,9600,335000.0,low
2426,705700140,2014-09-19,3,6698,335000.0,low
14088,943100683,2014-05-02,3,16215,335000.0,low
10142,2460700030,2014-06-04,4,7210,335000.0,low
17140,8656300345,2014-08-05,3,13816,334999.0,low
9388,7857000716,2015-03-13,2,5182,334998.0,low
19878,7694200070,2014-05-21,4,4228,334990.0,low
1189,9558020890,2015-03-24,3,2930,334950.0,low
11368,7212650990,2014-07-21,4,7846,334950.0,low
21412,6031400092,2015-02-13,5,8642,334950.0,low
6330,5169700022,2014-09-15,3,16262,334950.0,low
9328,2621750110,2014-12-23,4,7000,334950.0,low
6847,1841500050,2014-10-20,4,40973,334950.0,low
19727,8562780160,2015-03-29,2,750,334950.0,low
15639,538000190,2015-02-13,4,5500,334950.0,low
20986,6021503708,2014-11-22,2,1013,334900.0,low
11343,8113101070,2015-04-23,4,4066,334900.0,low
20808,1402970070,2014-06-26,3,7324,334888.0,low
18194,6365900065,2014-07-18,2,5635,334850.0,low
3552,1326039039,2014-07-29,2,12000,334550.0,low
17814,8944320100,2014-10-27,3,3694,334500.0,low
13555,6672500040,2014-08-11,3,8160,334500.0,low
20160,5393600509,2014-07-02,2,1858,334500.0,low
17874,782700120,2015-03-23,3,45302,334200.0,low
12909,3755200220,2014-07-18,4,9305,334009.0,low
15318,8091411100,2015-02-04,3,7225,334000.0,low
1369,3374300070,2014-06-23,4,9360,334000.0,low
15462,3333000655,2015-05-11,2,6000,334000.0,low
3303,2391602350,2015-02-13,1,5750,334000.0,low
5571,2783100050,2015-01-21,3,7405,334000.0,low
19555,3379200100,2014-05-23,4,6080,334000.0,low
10357,7461400400,2014-11-03,5,6720,334000.0,low
6248,7300400170,2014-09-10,4,6200,334000.0,low
14631,3426049124,2015-03-18,2,8367,334000.0,low
13533,2968801085,2015-05-08,4,7620,334000.0,low
17377,6821102385,2015-03-26,2,1818,334000.0,low
2879,1326069191,2015-02-02,3,9781,334000.0,low
1932,9188200570,2014-09-02,5,3868,333800.0,low
10074,3585220070,2015-04-23,3,5880,333760.0,low
20702,3832050570,2015-05-01,3,5050,333700.0,low
451,3775300030,2014-12-31,3,9732,333500.0,low
16564,1591600527,2015-04-23,3,9120,333500.0,low
19874,7830800473,2015-01-14,3,7475,333500.0,low
10148,1357300240,2014-10-27,3,7200,333500.0,low
21107,1085622890,2014-07-08,4,3916,333490.0,low
19435,88000173,2014-10-15,4,9001,333000.0,low
12523,2799800180,2015-03-23,4,5505,333000.0,low
8034,2473411130,2015-04-16,4,7208,333000.0,low
20297,100300500,2014-11-21,3,3041,333000.0,low
14616,2473001210,2014-09-16,4,9880,333000.0,low
21331,7299601410,2014-08-08,4,7184,333000.0,low
9111,8151600663,2014-09-17,3,8450,333000.0,low
16407,4364700595,2014-08-18,3,7560,333000.0,low
20588,7502700060,2014-11-19,3,5758,333000.0,low
2184,7212660640,2015-03-26,4,7270,333000.0,low
16856,534000080,2014-06-11,2,6686,333000.0,low
6744,4006000509,2014-09-16,3,5040,333000.0,low
10577,2202500135,2014-11-18,5,8936,333000.0,low
10617,2739200160,2014-06-12,4,9244,333000.0,low
13701,2621760360,2014-09-26,4,7366,333000.0,low
8115,1498302783,2014-05-19,4,7800,333000.0,low
4706,4319200820,2015-01-22,3,5214,333000.0,low
4894,1771100130,2015-03-16,3,11996,332900.0,low
11668,6840701610,2014-07-01,2,1029,332888.0,low
6860,2475200290,2014-10-20,2,4187,332544.0,low
6829,538000250,2015-01-12,4,4720,332500.0,low
1130,4427100030,2015-01-14,3,6332,332500.0,low
9875,7129303240,2015-01-02,3,7995,332500.0,low
6249,9834201100,2014-12-22,4,4855,332500.0,low
18359,5006000035,2015-04-27,4,8102,332500.0,low
11872,8856960260,2014-05-21,3,10500,332500.0,low
13534,7771300155,2014-07-16,3,8164,332500.0,low
21343,2924079034,2014-09-25,3,47480,332220.0,low
16374,4136870020,2014-10-08,5,6978,332100.0,low
8486,1079350090,2014-06-17,3,9406,332000.0,low
10915,1920079062,2014-12-22,5,43560,332000.0,low
21239,1760650500,2015-01-29,4,4482,332000.0,low
10631,323089159,2014-10-03,3,13115,332000.0,low
2821,3679401110,2014-05-30,2,4776,332000.0,low
839,1402950550,2015-01-07,4,7780,332000.0,low
8564,8645510230,2014-05-29,3,8876,332000.0,low
2161,7351000160,2014-07-08,3,14915,332000.0,low
2467,6654700240,2015-04-08,4,6566,332000.0,low
8542,1899400365,2014-06-20,3,7884,332000.0,low
7949,5016000315,2014-06-16,1,2640,332000.0,low
1589,2004100075,2015-03-26,2,8138,332000.0,low
21535,2909310100,2014-10-15,4,5737,332000.0,low
9661,4137010530,2014-05-04,4,9933,331950.0,low
1661,5127001600,2014-11-06,4,14319,331500.0,low
559,8648100200,2014-10-27,4,10271,331500.0,low
10903,2205500030,2015-01-08,4,14756,331500.0,low
13379,2131200925,2014-07-29,3,10000,331292.0,low
19768,3751600784,2015-04-03,4,4800,331210.0,low
16045,9250900095,2014-08-19,2,6210,331000.0,low
274,4235400186,2014-11-24,3,1306,331000.0,low
665,2525500260,2014-11-24,3,9079,331000.0,low
21370,6431000748,2014-10-27,3,1153,331000.0,low
21307,8562780280,2015-02-20,2,720,331000.0,low
17395,9414700020,2015-04-22,4,5701,331000.0,low
18215,6064800730,2015-01-29,3,2844,330950.0,low
20734,255550070,2014-06-26,4,3031,330675.0,low
4146,461002551,2014-10-04,1,1799,330600.0,low
15298,1328340630,2015-04-03,3,7350,330490.0,low
18107,6675500112,2015-04-14,3,7218,330000.0,low
2561,7796450340,2014-12-05,4,5674,330000.0,low
11133,6064800060,2015-05-06,3,1985,330000.0,low
4303,7857001560,2014-09-17,3,5775,330000.0,low
16834,3222079120,2014-10-01,2,32251,330000.0,low
843,1443300140,2015-01-14,3,35287,330000.0,low
17830,1771000970,2014-10-10,3,9600,330000.0,low
284,5634500392,2015-04-10,3,13959,330000.0,low
18134,6163901283,2015-01-30,4,7540,330000.0,low
3584,7129304085,2014-07-08,3,4060,330000.0,low
12262,1926059094,2014-08-12,3,10276,330000.0,low
17945,6672920150,2015-04-06,3,11233,330000.0,low
10188,1126049105,2014-05-27,4,13372,330000.0,low
13475,2426049079,2015-05-06,3,20040,330000.0,low
13007,9264920620,2014-12-09,4,8098,330000.0,low
16472,7905380080,2015-02-26,5,12763,330000.0,low
585,192460060,2014-07-15,3,15744,330000.0,low
16054,8113101233,2015-01-30,3,5037,330000.0,low
18343,2944500330,2014-08-25,4,8580,330000.0,low
10419,9540100060,2014-09-26,3,9417,330000.0,low
18441,3797300110,2014-10-27,3,10697,330000.0,low
13671,7129800063,2015-04-20,5,6282,330000.0,low
9641,4391600065,2014-08-14,2,6862,330000.0,low
17388,952006728,2014-06-13,3,1155,330000.0,low
15879,8807300130,2014-12-17,3,10240,330000.0,low
10041,732000160,2015-04-29,2,9784,330000.0,low
12999,1402600040,2014-08-25,4,7490,330000.0,low
17807,2354300915,2014-09-03,2,7250,330000.0,low
16309,5381000352,2014-06-22,4,13550,330000.0,low
3900,6821102352,2014-10-08,2,1753,330000.0,low
12323,869700350,2015-04-29,2,2915,330000.0,low
21407,9578140360,2014-06-19,3,7209,330000.0,low
179,9158100075,2015-01-07,2,8220,330000.0,low
3412,3971700940,2014-09-30,3,8000,330000.0,low
18282,8029500360,2014-12-02,3,9102,330000.0,low
18484,6706000040,2015-04-23,4,10679,330000.0,low
19852,2517000260,2014-05-22,4,6202,330000.0,low
392,4047200695,2014-06-18,3,26977,330000.0,low
395,3649100320,2015-04-30,2,10000,330000.0,low
17896,7625701935,2014-10-13,2,4000,330000.0,low
10461,6056100295,2014-05-30,2,1546,330000.0,low
9986,1723049624,2014-05-12,5,7715,330000.0,low
11023,9485700136,2015-02-27,3,7316,330000.0,low
15832,2597670470,2014-08-13,4,7000,330000.0,low
21475,100300530,2014-09-25,3,3003,330000.0,low
16761,2111010080,2014-06-17,3,7232,330000.0,low
13879,9238450330,2014-11-10,3,10563,330000.0,low
18255,9834200925,2014-09-10,3,4080,330000.0,low
762,826079094,2015-03-24,3,218252,330000.0,low
14804,8856960540,2014-06-20,3,11227,330000.0,low
9860,1081300390,2014-10-30,3,11050,330000.0,low
464,7282300125,2014-11-12,3,7000,330000.0,low
1221,7016310030,2015-02-19,4,7210,330000.0,low
16405,3224069026,2014-05-20,3,43124,330000.0,low
7316,3764800250,2015-01-05,4,7275,330000.0,low
4884,6669020500,2014-06-27,4,7350,330000.0,low
19374,2215450100,2015-01-12,4,7589,330000.0,low
7022,4223400050,2015-03-23,2,11954,330000.0,low
17457,859000022,2014-08-19,3,1844,330000.0,low
3469,4058801240,2014-10-28,3,7150,330000.0,low
14560,9558010230,2014-05-09,4,3784,330000.0,low
6632,5502700005,2014-06-25,6,28535,330000.0,low
8107,1683900040,2014-12-15,3,5150,330000.0,low
14656,3083000365,2015-05-08,4,4000,330000.0,low
1804,2538410140,2014-08-08,5,3839,330000.0,low
1372,3521069051,2014-12-23,4,122038,330000.0,low
6564,3395040440,2015-03-27,3,2890,330000.0,low
8203,4197400043,2015-02-19,3,10250,330000.0,low
7519,2551500220,2014-08-15,3,11900,330000.0,low
11737,2481200140,2014-10-15,3,9675,330000.0,low
6529,7844200050,2014-05-22,5,7900,330000.0,low
17219,1284000010,2014-08-05,4,50094,330000.0,low
7862,1771110720,2014-05-21,3,9126,330000.0,low
19491,6381500110,2015-01-08,3,7912,330000.0,low
15572,587800130,2014-12-31,3,9995,330000.0,low
15596,5468780020,2015-03-26,4,5929,330000.0,low
6039,5680000545,2014-12-03,4,5202,330000.0,low
2808,5415000240,2015-02-24,4,14417,330000.0,low
11828,6061400160,2014-09-18,4,9920,330000.0,low
11986,3124049196,2014-11-07,4,9448,330000.0,low
5999,3820350050,2014-10-24,4,3905,330000.0,low
4855,6181430280,2014-09-15,5,4972,330000.0,low
4969,2473350470,2015-05-11,3,7875,330000.0,low
7484,1623049174,2015-04-02,4,12040,330000.0,low
15478,4397000500,2014-06-30,4,11784,330000.0,low
19393,6139100076,2015-04-27,4,9450,330000.0,low
1899,2548100140,2015-01-16,4,8400,330000.0,low
4742,3330501545,2014-12-01,2,3090,330000.0,low
1900,7225000140,2015-02-18,4,5000,330000.0,low
17550,4039400430,2014-05-16,3,4950,330000.0,low
15364,1075100050,2014-09-16,3,9136,330000.0,low
8279,3438500781,2014-08-12,6,6893,330000.0,low
4501,1922059396,2015-04-04,3,17424,330000.0,low
15034,3226049134,2014-09-02,2,4533,330000.0,low
8482,7399000360,2015-05-13,4,8300,330000.0,low
21570,3438501862,2014-05-13,3,5008,330000.0,low
18691,2473100450,2014-09-09,4,9100,330000.0,low
2251,4364700105,2014-08-04,3,7620,330000.0,low
8700,2468800040,2015-04-10,3,25046,330000.0,low
6086,9828200525,2014-08-15,1,4800,330000.0,low
2187,623049315,2014-07-01,3,11312,330000.0,low
19317,8860500300,2014-07-18,3,4657,330000.0,low
7105,3300700480,2014-08-20,2,4000,330000.0,low
8548,2991000220,2015-03-17,4,6320,330000.0,low
12550,7905200230,2014-07-24,3,3978,330000.0,low
20931,3679400503,2015-03-30,3,958,330000.0,low
12903,8029500180,2014-06-11,3,7557,330000.0,low
8492,2744600040,2014-06-14,3,8865,330000.0,low
1654,6181430800,2015-01-05,4,6000,330000.0,low
6429,847100078,2014-08-18,3,14986,330000.0,low
8389,723049274,2015-04-17,3,8100,330000.0,low
2129,7100000135,2014-05-20,2,8308,330000.0,low
4330,3343901340,2014-08-04,3,9261,330000.0,low
8463,1875500040,2015-01-27,3,14071,330000.0,low
18842,3624079067,2014-05-08,2,435600,330000.0,low
7345,1389310130,2014-12-12,3,18778,330000.0,low
18788,4027700930,2015-04-28,5,7347,330000.0,low
15383,163000010,2014-07-02,4,6093,330000.0,low
8350,2113700025,2015-04-09,2,3840,330000.0,low
750,3432500200,2015-04-09,3,6908,329999.0,low
4949,3421069120,2015-02-19,3,41250,329999.0,low
20833,9264450550,2014-05-20,4,3680,329995.0,low
16118,9432900250,2015-03-09,4,8438,329990.0,low
8645,3558000120,2014-07-02,4,4558,329950.0,low
113,6126500060,2014-11-24,3,5969,329950.0,low
15619,8078550190,2015-03-02,3,7995,329950.0,low
16166,723059073,2015-04-16,4,7590,329950.0,low
14335,5095600360,2015-03-12,3,13320,329950.0,low
20849,7137800310,2015-02-25,4,9690,329950.0,low
11304,8898700960,2014-06-20,3,8085,329950.0,low
18610,223039254,2014-06-24,2,5220,329950.0,low
20919,9578140180,2014-06-11,3,7566,329950.0,low
6074,3558000170,2014-07-11,4,4600,329950.0,low
5476,408100050,2014-08-27,4,5900,329950.0,low
20855,7660100238,2014-11-11,3,812,329950.0,low
21334,8562780290,2014-10-15,2,1032,329950.0,low
14156,6450304130,2014-05-05,2,5250,329950.0,low
16076,1328330780,2015-04-15,3,9170,329950.0,low
15539,1214000080,2014-06-26,3,7800,329950.0,low
9359,2473411240,2015-03-24,4,7208,329950.0,low
12949,4137000540,2015-01-22,4,8874,329950.0,low
12920,8910500150,2014-05-29,3,5040,329932.0,low
9421,6632900405,2014-10-29,3,6289,329922.0,low
20076,7299601460,2014-06-23,3,4995,329900.0,low
12788,7604400150,2015-04-23,3,5198,329900.0,low
13859,2589300065,2014-09-16,3,5209,329900.0,low
20109,6021503706,2014-10-14,2,1021,329900.0,low
19634,301401610,2014-09-30,4,4000,329900.0,low
17624,2310110230,2014-05-20,3,4905,329900.0,low
9046,4136870110,2015-02-05,4,7047,329800.0,low
20249,7694200380,2014-09-22,3,3600,329780.0,low
3461,3023039066,2015-03-23,3,13068,329500.0,low
2955,6450302900,2014-10-06,3,5250,329500.0,low
14910,3782400190,2014-08-12,3,9656,329500.0,low
362,8856950070,2014-12-10,4,7912,329500.0,low
4219,274100090,2015-01-08,5,8000,329500.0,low
3092,221049191,2015-04-28,3,22482,329500.0,low
20372,5393600507,2014-06-24,2,1119,329445.0,low
2022,534000075,2014-05-06,2,6687,329350.0,low
10308,6145600955,2014-12-24,4,3844,329000.0,low
5187,3450300020,2015-03-18,4,9126,329000.0,low
16158,4137070440,2014-09-30,5,7260,329000.0,low
12644,2608300035,2014-05-27,3,5952,329000.0,low
5382,8731980680,2015-01-12,3,7700,329000.0,low
11988,8911000445,2014-11-12,2,7700,329000.0,low
24,3814700200,2014-11-20,3,6500,329000.0,low
5677,3876810170,2015-05-05,3,9600,329000.0,low
21569,6021503705,2014-10-15,2,1020,329000.0,low
9276,722039087,2015-05-04,2,57499,329000.0,low
18940,1328300820,2014-08-06,3,7000,329000.0,low
15280,3878900525,2015-02-13,3,5650,329000.0,low
7908,9407100730,2015-01-29,3,10725,329000.0,low
18315,3438501452,2014-05-20,4,6765,329000.0,low
9752,7575620640,2014-12-19,3,6755,329000.0,low
8259,1152700090,2014-12-18,4,5880,329000.0,low
7772,254000735,2014-08-06,3,5258,329000.0,low
16290,6163901061,2014-12-11,4,7877,329000.0,low
3518,2817800100,2014-07-01,4,8976,328950.0,low
430,5468750060,2014-10-28,4,8250,328500.0,low
481,5466000030,2014-06-03,3,8130,328500.0,low
11501,1453600681,2015-02-23,3,1407,328500.0,low
20146,7694200430,2014-06-25,3,3600,328423.0,low
3605,7571200110,2014-07-28,2,4350,328000.0,low
8166,7300400580,2014-05-05,4,6500,328000.0,low
728,2525000510,2014-11-06,3,7650,328000.0,low
19861,7299600700,2015-05-12,3,4800,328000.0,low
4710,8165500110,2014-12-05,2,2079,328000.0,low
7840,7972600450,2014-12-22,4,3840,328000.0,low
19774,8091670070,2014-08-04,4,5388,328000.0,low
13300,7771300035,2014-09-25,4,8136,328000.0,low
9490,5054800110,2015-02-13,5,9652,328000.0,low
15384,1062100095,2014-08-22,3,5965,328000.0,low
2336,2333230270,2014-08-14,4,3980,328000.0,low
1178,7893800335,2015-04-30,4,7500,328000.0,low
224,705700390,2014-09-03,3,8379,328000.0,low
7049,1328330290,2014-07-29,4,7194,328000.0,low
19596,8961950410,2014-07-07,3,7904,328000.0,low
19192,782700150,2014-06-09,3,45302,328000.0,low
19720,5424100030,2015-02-11,3,5720,327555.0,low
9293,722059233,2014-12-15,3,12027,327500.0,low
5795,2473370050,2014-06-04,4,7800,327500.0,low
1776,2473480520,2014-09-08,3,8755,327500.0,low
21549,1220000371,2014-12-31,3,1866,327500.0,low
17704,3500100015,2014-08-12,2,8183,327500.0,low
1596,3333002440,2014-06-04,3,7140,327500.0,low
6419,1310910290,2015-05-07,4,9600,327500.0,low
6879,2474400250,2014-06-30,3,7200,327500.0,low
12934,7346600092,2014-07-30,2,8425,327200.0,low
6516,6163901271,2014-08-11,2,9750,327000.0,low
14029,1520069052,2014-07-21,3,344124,327000.0,low
4496,621069039,2015-02-20,4,106722,327000.0,low
2216,7231501610,2014-10-23,4,6000,327000.0,low
854,4136890260,2014-06-27,5,8050,327000.0,low
14857,1328320760,2014-12-18,3,7350,327000.0,low
14754,2423039122,2014-07-18,4,9000,327000.0,low
13643,1624049275,2014-08-12,4,5361,327000.0,low
10547,3342102220,2014-08-06,4,5100,327000.0,low
21547,3277800823,2014-08-20,2,1627,327000.0,low
20654,173000036,2014-10-07,3,1001,327000.0,low
16780,638100073,2014-06-02,3,13200,327000.0,low
21037,1760650880,2015-03-17,4,3825,327000.0,low
9429,6632300040,2015-04-25,2,7435,327000.0,low
18035,8856970530,2014-12-08,3,5321,326995.0,low
19812,255450400,2014-07-31,3,4200,326989.0,low
4292,3157600615,2014-07-08,3,7920,326500.0,low
2715,3876810140,2014-05-27,3,12375,326500.0,low
13991,395300650,2014-07-21,3,9663,326250.0,low
17052,203900380,2014-08-21,3,8800,326188.0,low
984,6380500135,2014-05-27,2,7683,326100.0,low
14372,9238450210,2014-06-23,3,9834,326000.0,low
16200,4058802335,2014-11-25,4,7380,326000.0,low
6630,3323059027,2014-05-28,3,28000,326000.0,low
1694,8902500118,2014-08-12,3,1577,326000.0,low
16589,4310702759,2015-03-12,2,798,326000.0,low
21448,255550100,2014-07-11,3,3462,326000.0,low
12912,3422059257,2014-08-28,5,6342,326000.0,low
10993,6888900060,2014-11-16,6,8064,326000.0,low
10017,823059185,2014-05-20,6,7200,326000.0,low
3541,1823049202,2015-01-07,6,8400,326000.0,low
15710,7568700525,2015-03-18,2,7440,326000.0,low
2777,9264930400,2014-10-29,3,9765,325900.0,low
5970,5468780250,2014-05-08,4,6270,325900.0,low
18901,9324800025,2014-11-25,3,8110,325500.0,low
6682,8899000430,2015-02-17,4,8142,325500.0,low
14544,7523850150,2014-10-27,4,9339,325250.0,low
3491,4410600100,2014-12-04,4,6739,325088.0,low
20853,1523300140,2014-09-04,1,1942,325000.0,low
19939,8562780090,2015-02-27,2,1058,325000.0,low
19692,832700240,2014-10-03,3,1067,325000.0,low
20907,8562780540,2014-12-22,2,711,325000.0,low
17573,3432500210,2015-03-26,2,6908,325000.0,low
17492,1615900020,2015-03-20,6,13950,325000.0,low
18898,984220330,2014-08-24,4,9161,325000.0,low
16873,4058000010,2014-05-09,4,70800,325000.0,low
20058,8562780110,2014-12-02,2,1078,325000.0,low
17675,1568100730,2015-02-18,2,5796,325000.0,low
19204,1133000694,2015-03-12,4,9500,325000.0,low
19180,323049176,2014-05-30,3,10230,325000.0,low
19134,3811300090,2014-07-24,3,8048,325000.0,low
17438,2695600005,2014-06-20,2,4239,325000.0,low
17176,3763300005,2014-05-20,4,9680,325000.0,low
16976,3797710020,2015-03-27,4,7799,325000.0,low
18394,1559900110,2014-12-23,3,6443,325000.0,low
17739,9266700845,2015-04-29,2,5100,325000.0,low
21402,1498301168,2014-05-28,2,1609,325000.0,low
21388,2424039029,2015-04-27,3,1198,325000.0,low
18448,4046700300,2014-10-30,3,17071,325000.0,low
21373,2309710150,2014-08-04,4,5291,325000.0,low
18500,6371500120,2014-12-24,2,4800,325000.0,low
18545,4475000180,2014-12-03,3,5600,325000.0,low
16086,1223049150,2015-04-14,2,10725,325000.0,low
17130,6170900190,2014-08-19,2,5534,325000.0,low
18578,2492201005,2014-07-08,2,4080,325000.0,low
18598,726049131,2015-03-20,3,9000,325000.0,low
18668,5490700035,2014-08-07,4,7220,325000.0,low
21299,8822900122,2015-05-12,3,969,325000.0,low
18735,7227800180,2015-04-03,5,10532,325000.0,low
18739,3308010040,2014-09-25,4,8499,325000.0,low
17760,1624049228,2014-11-24,4,6975,325000.0,low
16963,8035650500,2014-07-16,4,6825,325000.0,low
21612,1523300157,2014-10-15,2,1076,325000.0,low
11962,123039128,2014-09-04,4,9384,325000.0,low
3067,6145600900,2015-05-13,2,1638,325000.0,low
1636,6082400152,2015-03-04,3,9646,325000.0,low
15397,7195800009,2014-12-10,6,12870,325000.0,low
11041,7399200240,2015-03-17,4,7700,325000.0,low
11056,8835200160,2014-10-10,2,5000,325000.0,low
15338,1524800005,2014-08-12,2,10800,325000.0,low
11366,9485300560,2014-07-25,4,6838,325000.0,low
14586,1139000072,2015-04-03,2,834,325000.0,low
11389,3768000030,2014-07-14,3,7171,325000.0,low
11407,3432500310,2014-06-24,3,6906,325000.0,low
6325,5467910190,2014-05-27,3,13095,325000.0,low
10589,6413600192,2015-04-27,2,1222,325000.0,low
15299,705730280,2014-08-19,3,5267,325000.0,low
223,1922059282,2014-09-18,3,16020,325000.0,low
3088,7885801460,2015-01-06,4,5702,325000.0,low
1392,37000435,2015-02-14,2,5070,325000.0,low
11769,1120069036,2014-12-18,3,43350,325000.0,low
6137,1518000080,2015-02-23,3,3143,325000.0,low
6118,5379804393,2015-02-17,4,8937,325000.0,low
11967,3330500335,2015-04-22,2,6180,325000.0,low
1289,8944460030,2014-10-14,4,5797,325000.0,low
10820,1099900030,2015-04-15,5,7904,325000.0,low
10485,3294700320,2015-03-31,2,8750,325000.0,low
12088,5437600140,2015-01-10,4,5105,325000.0,low
2029,421079105,2015-03-09,3,97138,325000.0,low
7357,8937500020,2015-02-10,3,14862,325000.0,low
9138,6052400975,2014-08-26,3,8160,325000.0,low
2127,4345000510,2015-04-28,3,8518,325000.0,low
71,1049000060,2015-01-05,3,5612,325000.0,low
7244,3438500168,2015-05-07,3,7488,325000.0,low
9355,3172600031,2015-03-27,3,7936,325000.0,low
9366,526059103,2014-10-13,2,15120,325000.0,low
7238,2473381150,2014-06-18,3,7000,325000.0,low
9591,1402950450,2015-04-15,4,5472,325000.0,low
9792,7203000200,2014-12-12,3,7650,325000.0,low
2943,8732750100,2014-05-25,4,3435,325000.0,low
4033,7129302235,2015-01-22,3,6554,325000.0,low
6993,3260800190,2015-03-24,3,7205,325000.0,low
9921,7857000861,2014-09-22,4,5684,325000.0,low
10039,3256400060,2014-09-23,4,9240,325000.0,low
15536,8122101440,2014-07-08,2,7260,325000.0,low
10067,1079600270,2015-03-06,3,17286,325000.0,low
1909,3410600335,2014-06-03,3,26337,325000.0,low
10198,3755000310,2014-12-17,3,11799,325000.0,low
10274,2473250400,2014-09-24,4,10622,325000.0,low
12082,1771110070,2015-02-18,3,9300,325000.0,low
12250,2130200160,2014-06-09,3,11805,325000.0,low
7438,1223089016,2014-07-18,3,49658,325000.0,low
624,6411600069,2014-05-21,3,6750,325000.0,low
13730,1703900155,2014-11-13,2,6000,325000.0,low
13742,1895450230,2015-02-18,3,8120,325000.0,low
13771,5104450720,2014-11-19,4,9899,325000.0,low
705,7203600550,2014-08-04,2,5703,325000.0,low
13806,1771000540,2014-11-04,3,9525,325000.0,low
13812,2095500040,2014-06-13,3,8337,325000.0,low
5006,3876100080,2014-12-15,3,7500,325000.0,low
652,3226200105,2014-05-23,3,6862,325000.0,low
4899,5438000280,2015-04-15,3,10573,325000.0,low
4889,7972601235,2015-02-23,4,7620,325000.0,low
3314,3438500714,2014-05-06,4,6156,325000.0,low
4862,3216900080,2014-09-25,3,6818,325000.0,low
14124,254000175,2014-08-19,2,4800,325000.0,low
4560,3226049184,2015-03-27,2,6050,325000.0,low
14353,2009003136,2014-08-22,1,12426,325000.0,low
14487,8899210610,2014-07-23,3,8627,325000.0,low
14530,2946002914,2015-01-02,3,6200,325000.0,low
3516,798000337,2014-07-31,4,12500,325000.0,low
14533,5145100180,2014-09-17,3,7486,325000.0,low
467,2621760350,2014-10-15,4,7324,325000.0,low
820,3121059033,2014-10-29,3,57381,325000.0,low
13333,2026049124,2014-05-09,3,1694,325000.0,low
3144,114101500,2015-04-17,4,9993,325000.0,low
12722,2132200230,2015-02-11,3,7560,325000.0,low
12328,7212650510,2015-04-03,4,7762,325000.0,low
5930,5003600080,2015-04-14,4,7719,325000.0,low
3178,2517100490,2014-12-05,3,4240,325000.0,low
5807,7843500080,2015-02-25,3,12245,325000.0,low
1079,390100060,2015-04-21,3,7541,325000.0,low
12556,2473450870,2014-10-06,3,8755,325000.0,low
5737,2678100005,2015-02-12,2,6236,325000.0,low
5709,3529200190,2014-05-14,3,6049,325000.0,low
12649,6675500133,2014-08-22,2,8374,325000.0,low
12736,7663700531,2015-01-06,2,14823,325000.0,low
13190,7547300120,2014-08-01,2,5000,325000.0,low
4304,9540100025,2014-07-31,3,8250,325000.0,low
15016,1703400585,2014-12-15,3,4950,325000.0,low
1007,9264960340,2014-06-17,4,7091,325000.0,low
3243,7334501250,2014-09-09,3,9825,325000.0,low
5493,2025800080,2015-02-20,3,41325,325000.0,low
5473,5589300585,2014-12-03,3,9083,325000.0,low
4427,4047200265,2014-08-11,2,17817,325000.0,low
5444,538000440,2015-05-01,3,4698,325000.0,low
3556,6145602355,2015-02-25,4,3844,325000.0,low
7365,1518000290,2015-03-16,3,4007,325000.0,low
4616,4307340490,2014-08-12,4,3543,325000.0,low
15757,8165501700,2015-04-30,2,2285,325000.0,low
7788,2621660040,2014-06-29,5,6222,325000.0,low
8026,3438500880,2015-04-30,2,6827,325000.0,low
3750,2424410110,2014-06-11,3,27427,325000.0,low
15974,984000130,2014-12-23,4,11603,325000.0,low
7473,7708250010,2015-01-07,3,7585,325000.0,low
15950,7300700050,2015-02-19,3,8879,325000.0,low
2400,3336000791,2015-04-07,3,4500,325000.0,low
2338,2517000700,2015-04-21,3,4260,325000.0,low
8623,6303400395,2015-01-30,1,8636,325000.0,low
8778,7520000616,2015-03-09,4,7434,325000.0,low
15914,5370200170,2015-02-17,2,5080,325000.0,low
7797,9432900040,2014-07-29,4,8500,325000.0,low
8302,4307300930,2015-01-02,3,3480,325000.0,low
16000,2561340020,2014-08-04,3,11096,325000.0,low
8346,272000355,2014-11-08,3,2998,325000.0,low
3872,9406550100,2014-09-23,4,8458,325000.0,low
11814,4364700885,2014-09-12,3,7560,324950.0,low
20512,8946390150,2014-07-22,4,5723,324950.0,low
6394,8700500020,2014-11-26,3,9600,324950.0,low
20287,1760650280,2015-03-06,4,4178,324950.0,low
5028,1332200130,2014-08-22,4,8615,324950.0,low
11132,6002400030,2014-08-14,4,9240,324950.0,low
19062,3575303700,2014-07-25,3,7500,324950.0,low
13206,2026049183,2015-04-02,2,1516,324950.0,low
12987,6632300477,2014-10-06,3,7288,324950.0,low
19440,4058200915,2014-07-21,3,6720,324950.0,low
7735,795001930,2014-10-07,2,9186,324950.0,low
12358,5104520640,2015-02-20,4,5000,324950.0,low
16693,943100689,2015-01-27,3,9750,324950.0,low
13102,7841300230,2015-05-01,4,4800,324950.0,low
8465,7568700175,2014-06-04,3,7440,324950.0,low
3488,2523039278,2014-06-24,3,8710,324950.0,low
19185,8642600090,2015-02-18,2,14616,324950.0,low
16656,59500050,2014-12-16,4,7280,324900.0,low
16512,4137010010,2015-04-16,3,9740,324900.0,low
13442,1545800205,2014-06-13,4,7965,324900.0,low
4071,1221059112,2014-11-16,4,28750,324888.0,low
15292,2685600005,2015-04-07,2,5043,324800.0,low
20319,255450380,2014-08-04,3,4742,324747.0,low
20968,3336500180,2014-06-05,3,3990,324500.0,low
12227,4307310400,2015-04-09,3,4108,324500.0,low
20423,1760650610,2015-03-30,4,3825,324500.0,low
10101,2126049083,2015-05-08,2,6617,324500.0,low
835,4167300310,2015-03-17,3,11340,324500.0,low
16090,3541700170,2014-10-17,3,16000,324450.0,low
10247,2571910260,2014-11-07,3,9669,324360.0,low
8560,7326200110,2014-12-22,3,4411,324000.0,low
4666,2473410690,2014-06-23,4,7208,324000.0,low
10345,6705900070,2014-10-28,3,8347,324000.0,low
914,6623400135,2014-05-22,3,7208,324000.0,low
917,739980260,2014-12-10,3,5322,324000.0,low
11002,5702450260,2014-07-23,3,10931,324000.0,low
10933,162500030,2014-12-05,3,7202,324000.0,low
21538,1865400076,2014-05-09,3,904,324000.0,low
8721,924000040,2014-08-14,2,8370,324000.0,low
11619,2239000016,2014-09-11,2,6000,324000.0,low
9635,1895450090,2015-04-30,3,7658,323800.0,low
8876,7689600650,2014-09-17,3,11536,323500.0,low
16242,8097000250,2015-01-30,4,9138,323400.0,low
19565,4046700110,2015-02-24,3,15037,323000.0,low
18377,3438502731,2015-04-01,3,7110,323000.0,low
5392,6075000050,2014-07-16,4,9690,323000.0,low
7378,7849201100,2015-02-17,3,7759,323000.0,low
12828,2215900410,2015-05-08,4,9083,323000.0,low
7347,5416100020,2014-12-09,3,8329,323000.0,low
9320,3878900395,2014-07-28,3,12500,323000.0,low
5466,6061000010,2015-05-04,4,50094,323000.0,low
9,3793500160,2015-03-12,3,6560,323000.0,low
664,1775920350,2014-11-24,3,12231,323000.0,low
957,252000400,2014-09-08,3,14850,323000.0,low
16134,1328320280,2015-03-27,3,6925,323000.0,low
7841,1328300180,2014-05-09,4,7213,323000.0,low
4708,6821102350,2015-01-09,2,1712,323000.0,low
6675,2212500430,2014-08-14,5,13034,323000.0,low
8025,2225300149,2014-12-22,4,8114,323000.0,low
16414,3649100346,2015-01-09,5,9600,322968.0,low
34,7955080270,2014-12-03,4,6659,322500.0,low
5510,1771000440,2014-09-04,3,9750,322500.0,low
18773,2426069085,2014-05-13,3,14200,322500.0,low
3612,4137000590,2014-07-17,4,9377,322500.0,low
2402,8856970570,2014-10-27,4,7107,322500.0,low
2302,428000055,2015-04-06,3,13504,322500.0,low
404,8856950240,2014-06-18,4,6753,322500.0,low
13732,7304301085,2015-01-29,2,8184,322500.0,low
7554,423059207,2015-02-23,3,6445,322500.0,low
4996,7230400430,2014-09-30,3,15844,322400.0,low
5287,7754900280,2014-06-23,4,19000,322200.0,low
9625,240000031,2015-03-13,4,10200,322000.0,low
1993,8807600340,2015-03-25,3,9660,322000.0,low
2859,3222079162,2014-08-13,3,43575,322000.0,low
15704,7937600010,2014-12-12,4,68841,322000.0,low
17078,3126049217,2015-02-25,3,5864,322000.0,low
6438,8564500020,2015-01-27,3,10181,322000.0,low
2494,9407110710,2015-02-26,3,8400,322000.0,low
15849,3295450050,2015-01-09,4,4553,322000.0,low
14564,2215450150,2014-05-30,4,7200,322000.0,low
13288,6145601312,2014-10-29,3,1225,322000.0,low
17738,3449500035,2014-09-30,3,12231,322000.0,low
15815,2129700525,2014-10-28,3,18002,322000.0,low
21065,1498301048,2014-05-08,2,1277,321950.0,low
1019,2379300340,2015-03-31,4,6228,321500.0,low
14169,6699300210,2014-10-27,4,5457,321500.0,low
14345,1523300180,2014-07-09,1,1942,321500.0,low
5316,1790000080,2015-02-03,4,16770,321027.0,low
16305,5104510010,2014-07-01,4,9601,321000.0,low
20015,7663700973,2014-05-22,3,1292,321000.0,low
16416,823059145,2014-10-13,4,18836,321000.0,low
6044,1402950190,2014-09-16,4,5366,321000.0,low
19561,6799300150,2014-09-03,4,4500,321000.0,low
15089,3717000250,2015-04-22,3,4500,321000.0,low
18116,4326000220,2014-10-20,3,9526,321000.0,low
1257,3832711040,2015-04-24,5,7000,321000.0,low
7801,9542830690,2014-11-20,3,4183,321000.0,low
8249,844001485,2015-04-29,5,8500,320900.0,low
15577,3374500290,2014-07-14,3,7251,320900.0,low
8118,2968801075,2014-09-22,3,7620,320600.0,low
16553,6147650430,2015-04-07,4,5200,320000.0,low
8422,7950304045,2015-03-31,4,3000,320000.0,low
12095,1432900310,2015-04-24,4,8474,320000.0,low
20111,1220000367,2014-07-16,3,1855,320000.0,low
4857,6669010290,2014-11-07,4,7125,320000.0,low
18956,4024101421,2014-12-02,4,7200,320000.0,low
7913,5003600120,2015-04-15,4,6295,320000.0,low
5021,9285800345,2014-06-26,2,5316,320000.0,low
1274,7276100282,2014-07-29,3,12000,320000.0,low
1288,1402600570,2015-01-13,3,6561,320000.0,low
6083,2473480780,2015-03-11,3,7350,320000.0,low
6104,4136890280,2015-03-27,4,7040,320000.0,low
4167,2474400300,2015-05-06,4,7277,320000.0,low
11670,2203500140,2014-08-01,4,11824,320000.0,low
4525,1839500115,2014-07-12,4,6811,320000.0,low
7691,6669020490,2014-08-12,4,9020,320000.0,low
3746,7230300100,2014-08-26,3,17600,320000.0,low
13840,705700210,2015-03-16,3,7047,320000.0,low
7842,7866000158,2014-10-22,4,3120,320000.0,low
11839,7258200060,2014-12-29,3,7800,320000.0,low
21386,774101755,2015-04-17,3,66250,320000.0,low
20606,9406530160,2014-10-17,4,4558,320000.0,low
14566,7635800180,2015-04-28,2,8400,320000.0,low
17613,3275300040,2014-06-06,3,9900,320000.0,low
686,1321710030,2014-05-19,3,7757,320000.0,low
1375,7305300045,2014-07-07,3,7552,320000.0,low
19665,1865400075,2014-05-22,3,844,320000.0,low
13801,4307330120,2014-09-17,3,4584,320000.0,low
8214,1432900150,2015-04-06,4,7381,320000.0,low
725,2473400340,2014-06-04,3,9380,320000.0,low
12800,8562890910,2014-06-19,4,5000,320000.0,low
5357,3332000091,2015-02-24,3,4120,320000.0,low
12739,9264911210,2015-02-26,5,7000,320000.0,low
19938,2722059322,2014-10-20,4,5780,320000.0,low
14658,5104220120,2015-01-07,4,10480,320000.0,low
841,6450303785,2014-11-18,3,5175,320000.0,low
5627,3101500010,2015-04-20,2,4000,320000.0,low
12801,7701700040,2014-09-25,3,30185,320000.0,low
1223,4401150070,2014-06-23,3,7417,320000.0,low
4433,5104450690,2014-07-16,4,9077,320000.0,low
13147,5592900230,2014-12-24,3,7400,320000.0,low
19873,3449000060,2014-10-01,3,9000,320000.0,low
6286,5416500840,2014-06-27,4,4865,320000.0,low
13030,2787700180,2015-01-12,3,8636,320000.0,low
14218,1077100035,2015-01-22,3,9087,320000.0,low
21271,1773100924,2014-07-08,3,1387,320000.0,low
12653,7849202299,2015-02-18,0,7111,320000.0,low
14476,7857001225,2015-04-03,3,5000,320000.0,low
1075,6099400030,2015-01-14,3,41900,320000.0,low
8256,952004570,2014-12-06,2,3834,320000.0,low
2599,7972601710,2015-04-15,2,7620,320000.0,low
15082,7857003318,2014-08-16,3,5850,320000.0,low
12448,3432500765,2014-06-12,2,8281,320000.0,low
13451,8081650330,2014-06-25,4,10051,320000.0,low
347,4048400070,2014-12-05,2,32633,320000.0,low
19966,1760650750,2014-10-06,4,3825,320000.0,low
782,1139000069,2014-11-18,3,1221,320000.0,low
16896,6752600050,2014-08-12,4,7007,320000.0,low
14504,921059161,2014-06-23,4,43560,320000.0,low
5141,3793500780,2014-05-10,3,6969,320000.0,low
5950,2571910420,2014-08-19,4,8424,320000.0,low
15123,1121000095,2014-11-05,2,5329,320000.0,low
8343,8165501510,2014-11-25,2,1827,320000.0,low
11387,323059208,2014-06-03,3,10758,320000.0,low
157,8731900200,2014-08-07,4,7500,320000.0,low
1883,4307350990,2015-03-09,3,3480,320000.0,low
19588,1568100087,2015-04-13,3,1716,320000.0,low
6470,723099028,2014-06-26,3,34175,320000.0,low
6978,2473420170,2014-09-24,4,13260,320000.0,low
6816,1328330190,2014-07-14,3,9760,320000.0,low
15559,1156000250,2014-06-02,5,21441,320000.0,low
20900,3626039424,2014-06-16,3,1400,320000.0,low
18063,9537200037,2015-04-28,4,137214,320000.0,low
7571,9407001340,2014-05-22,3,10500,320000.0,low
21113,1773100920,2014-12-11,3,1192,320000.0,low
6751,993000950,2014-09-06,2,1200,320000.0,low
19261,9407100300,2015-04-01,3,9600,320000.0,low
7573,192000120,2014-05-20,3,7225,320000.0,low
7142,5116000250,2014-07-07,3,11646,320000.0,low
7480,2113700780,2015-01-13,3,5000,320000.0,low
17994,6414100026,2015-01-08,2,11225,320000.0,low
15784,6669150280,2015-04-14,4,9653,320000.0,low
18672,1105000360,2015-04-28,3,11931,320000.0,low
2039,3395040550,2015-04-29,3,2890,320000.0,low
17966,2556500040,2015-01-06,3,7492,320000.0,low
11000,1310700390,2014-10-10,5,8625,320000.0,low
15429,5104200420,2015-03-16,3,10132,320000.0,low
9471,1862400057,2015-03-04,2,5400,320000.0,low
10956,6300000400,2014-06-17,3,5060,320000.0,low
2992,6381501636,2014-08-20,3,6840,320000.0,low
2056,8122101146,2014-09-29,2,5200,320000.0,low
1934,5141000685,2014-10-21,4,6200,320000.0,low
159,1081200350,2014-10-03,4,11180,320000.0,low
15493,7147600225,2014-11-13,6,10763,320000.0,low
6367,5127000430,2014-12-01,4,9520,320000.0,low
7555,7205000180,2015-04-17,4,10374,320000.0,low
15490,1096100010,2014-10-28,2,7040,320000.0,low
2720,1771110550,2014-12-04,3,9540,320000.0,low
11430,2555900030,2014-11-07,3,8870,320000.0,low
19423,5089700750,2014-05-09,4,7490,320000.0,low
9093,880000208,2014-12-13,3,1356,320000.0,low
8524,7212651210,2014-11-06,4,9163,320000.0,low
8526,3330501120,2015-03-25,3,6180,320000.0,low
6840,4443800130,2014-10-24,2,5820,320000.0,low
210,2310030510,2015-04-22,4,7579,320000.0,low
20629,1773100926,2014-06-03,3,1602,320000.0,low
8998,1771100360,2014-07-07,3,10576,320000.0,low
9141,1523059100,2014-09-02,5,27350,320000.0,low
2057,7789900030,2014-07-25,4,10707,319990.0,low
6948,5727000010,2014-12-15,4,5293,319990.0,low
3832,5561710110,2014-10-14,3,7326,319990.0,low
8069,3336002215,2015-02-25,2,5500,319950.0,low
13122,8078490330,2014-09-16,3,9907,319950.0,low
17929,6149700194,2014-10-15,3,1245,319950.0,low
16485,6329000380,2014-06-19,2,8341,319950.0,low
20516,2919700107,2014-08-11,2,819,319950.0,low
5323,7999950020,2014-07-22,4,7643,319950.0,low
11822,4137000070,2015-04-10,3,7500,319950.0,low
12864,4058801325,2014-05-22,2,5824,319950.0,low
6299,7849201061,2015-04-08,4,7200,319950.0,low
11716,705710640,2015-03-02,3,7000,319950.0,low
11983,2473380400,2014-05-19,4,8045,319950.0,low
8421,8151600142,2015-05-12,5,11900,319950.0,low
19703,301401370,2014-07-31,4,4276,319900.0,low
9963,192450200,2014-08-21,3,20383,319900.0,low
20504,301401390,2014-08-05,4,4000,319900.0,low
11640,5634500891,2015-03-12,2,9251,319900.0,low
5381,4136900190,2015-03-20,3,7580,319900.0,low
9151,2322069175,2015-02-24,3,38707,319502.0,low
14351,3211101010,2015-02-11,3,8450,319500.0,low
15633,13001795,2014-10-14,4,5100,319500.0,low
19651,7338220160,2015-02-25,4,4962,319500.0,low
7063,3747600050,2014-11-05,5,5472,319450.0,low
18385,1771000760,2014-05-13,3,12823,319000.0,low
21285,832700170,2015-04-21,2,847,319000.0,low
15428,9378700190,2015-03-16,4,8344,319000.0,low
6767,1321710460,2014-12-06,4,7350,319000.0,low
6731,323049148,2014-12-19,3,9234,319000.0,low
10118,5561700340,2014-11-21,3,7434,319000.0,low
11171,7941130140,2015-02-17,3,2980,319000.0,low
20456,3834000594,2014-07-11,3,1722,319000.0,low
4749,5101407305,2014-12-18,2,6380,319000.0,low
14347,822059101,2014-09-25,4,36356,319000.0,low
19691,2909310060,2015-01-09,4,5100,319000.0,low
11183,1422029117,2014-07-11,3,53400,319000.0,low
8348,6669010120,2014-06-24,4,7992,319000.0,low
15363,1441300130,2014-12-24,3,8544,319000.0,low
18518,2896610210,2014-09-25,3,8556,319000.0,low
11834,5201810060,2014-08-07,4,8336,319000.0,low
7469,6648500440,2014-11-21,4,7400,319000.0,low
15846,1566100130,2014-08-20,2,8271,319000.0,low
19207,8125200481,2014-09-26,3,9597,319000.0,low
11502,3365900041,2015-01-21,3,10100,319000.0,low
4574,3336001911,2014-07-28,2,4400,319000.0,low
18278,8732020720,2014-05-21,4,9000,318989.0,low
542,1310900260,2014-10-13,4,12000,318888.0,low
3996,5151800015,2014-11-12,4,19116,318700.0,low
9106,3438500790,2014-09-20,5,6986,318500.0,low
3327,2473250850,2014-07-16,4,7350,318500.0,low
6552,8856960050,2014-07-24,4,6916,318400.0,low
7085,255370420,2015-04-02,3,3644,318200.0,low
1068,8699800060,2014-09-03,3,8909,318000.0,low
16373,7955030010,2014-10-10,3,20040,318000.0,low
8660,5151600360,2015-01-30,3,12506,318000.0,low
4364,4468400214,2014-10-10,3,1017,318000.0,low
10818,3348401382,2015-02-10,3,12662,318000.0,low
5611,4024101434,2014-08-08,3,7200,318000.0,low
4827,7366100080,2014-07-31,5,9956,318000.0,low
19853,832700270,2015-02-13,3,983,318000.0,low
13866,7399000580,2014-11-17,4,7000,318000.0,low
18141,9478501020,2014-09-16,3,4500,317950.0,low
21400,9478500180,2014-08-28,3,4500,317750.0,low
65,3253500160,2014-11-20,3,3809,317625.0,low
11384,3211100570,2014-08-11,4,9000,317500.0,low
20699,629650030,2015-03-12,4,6025,317500.0,low
6358,3450300430,2015-01-05,4,7700,317500.0,low
14318,7305300760,2014-12-22,2,8409,317500.0,low
9345,1328300040,2015-03-12,6,8400,317500.0,low
9913,2258500045,2014-09-23,2,5120,317500.0,low
3953,8029500100,2015-02-26,3,7587,317000.0,low
11365,2143700935,2014-09-03,6,5840,317000.0,low
12930,8645540040,2014-07-25,3,8228,317000.0,low
4958,3158500250,2014-05-14,3,5011,317000.0,low
15969,6414600321,2014-06-11,3,8813,317000.0,low
10734,1328300990,2014-08-05,3,7650,317000.0,low
17303,9284801100,2015-01-05,3,5750,317000.0,low
12422,2172000570,2014-06-24,5,11375,317000.0,low
12796,7788400065,2015-03-15,3,8925,317000.0,low
12056,1282300105,2014-06-04,3,5400,317000.0,low
7546,2131701020,2015-03-11,3,8300,317000.0,low
10151,2291400350,2014-08-26,3,1204,317000.0,low
8308,6649250410,2015-02-04,4,8049,317000.0,low
3694,8100900015,2014-10-22,3,7260,317000.0,low
1250,2473400570,2014-05-16,3,11410,317000.0,low
4637,6798100652,2014-07-15,3,1154,316750.0,low
14990,6806100250,2015-03-05,3,3873,316500.0,low
755,5149300200,2014-09-02,3,14250,316500.0,low
5987,5591700290,2014-05-15,4,6807,316500.0,low
1927,2113700335,2015-04-08,3,6360,316500.0,low
20291,9478550430,2015-04-29,4,4642,316475.0,low
19287,1604600790,2015-02-11,2,3000,316000.0,low
16978,869700050,2015-01-20,3,4078,316000.0,low
13239,8122100650,2014-07-31,2,5040,316000.0,low
6967,4136880460,2014-05-14,4,7226,316000.0,low
19314,2720069019,2014-11-03,3,98445,316000.0,low
15168,8835800480,2015-02-23,1,188465,316000.0,low
8574,6666860210,2014-06-02,3,8721,316000.0,low
17567,2025701390,2014-08-12,3,7479,316000.0,low
3166,9264921030,2015-04-06,3,8170,316000.0,low
10790,2538410260,2014-08-01,5,4641,316000.0,low
18894,7302000610,2015-05-08,4,46173,316000.0,low
4307,173000025,2014-08-25,3,7200,316000.0,low
3031,1771110090,2014-08-20,3,10092,316000.0,low
12778,5162100650,2014-09-22,4,7379,316000.0,low
1307,2130702075,2014-09-26,3,7838,316000.0,low
2684,1775800710,2015-01-26,3,12600,315500.0,low
19510,2473400110,2014-08-26,3,8400,315500.0,low
8264,1402810150,2015-03-10,3,10079,315500.0,low
10057,3755000060,2014-09-30,3,10500,315500.0,low
16051,7883605900,2014-10-15,3,7500,315450.0,low
13158,4375700065,2014-05-12,3,8040,315275.0,low
4479,984200590,2015-03-10,3,10230,315001.0,low
8552,3972900195,2014-09-16,3,8333,315000.0,low
548,2473420140,2014-09-23,4,18360,315000.0,low
12111,2310100240,2014-12-18,3,6097,315000.0,low
5973,1545800290,2015-04-08,4,6675,315000.0,low
5965,9406540190,2014-11-10,4,6000,315000.0,low
14180,7262200150,2015-01-21,2,18557,315000.0,low
7241,2571900430,2014-09-23,4,8400,315000.0,low
11698,4154300505,2014-10-24,2,7200,315000.0,low
18576,4154301371,2015-01-06,3,5200,315000.0,low
19019,7437100210,2014-06-18,3,6368,315000.0,low
11075,2113700510,2014-10-27,3,4000,315000.0,low
11021,2144800311,2014-11-13,2,14659,315000.0,low
8330,5589900761,2015-05-01,2,6731,315000.0,low
1159,6064800710,2014-10-02,3,2865,315000.0,low
11567,4046500140,2015-02-09,3,15134,315000.0,low
20660,1773100416,2014-11-20,3,1325,315000.0,low
18959,6430500191,2014-11-06,1,3876,315000.0,low
14024,1862900360,2014-09-22,3,9618,315000.0,low
3193,7399301050,2015-01-27,3,7500,315000.0,low
8936,4142450490,2015-04-03,3,6452,315000.0,low
478,66000070,2015-04-06,2,6550,315000.0,low
11086,2473101070,2015-02-27,3,7828,315000.0,low
9263,1518000230,2014-12-31,4,3770,315000.0,low
18771,3216900100,2014-06-12,3,7000,315000.0,low
7920,345700040,2014-07-29,2,7338,315000.0,low
17620,1593000690,2015-04-08,3,62290,315000.0,low
7355,807800020,2015-03-04,5,10766,315000.0,low
11414,869700060,2014-07-29,3,2767,315000.0,low
19135,538000450,2014-06-03,5,4698,315000.0,low
8452,1109000040,2014-05-28,3,3731,315000.0,low
21452,3624039183,2014-06-09,3,1590,315000.0,low
11821,3426059050,2014-05-20,2,6969,315000.0,low
9166,2923049399,2015-03-23,3,8480,315000.0,low
6410,561500290,2014-07-11,3,37642,315000.0,low
8455,4343800100,2014-10-21,3,7250,315000.0,low
7874,9459200110,2014-06-10,2,3622,315000.0,low
17810,1323059098,2015-04-02,3,14645,315000.0,low
11958,8809200070,2015-04-08,4,5190,315000.0,low
9213,1864900230,2014-06-26,4,10200,315000.0,low
8404,1473200150,2014-12-16,3,1533,315000.0,low
11996,3123800125,2014-11-21,2,8556,315000.0,low
21109,8562780190,2014-10-07,2,705,315000.0,low
4764,7399301100,2014-12-04,3,6800,315000.0,low
1913,9334800140,2014-10-23,3,8160,315000.0,low
13933,1219000043,2014-05-09,5,8100,315000.0,low
8291,2521039066,2014-12-29,3,9513,315000.0,low
941,3332000135,2014-06-12,2,5665,315000.0,low
17131,8581400345,2015-04-09,4,4191,315000.0,low
18236,8074400035,2014-10-30,3,8289,315000.0,low
8633,7100000035,2014-12-12,2,8308,315000.0,low
1855,6699000810,2014-08-13,5,5751,315000.0,low
3285,4364700805,2014-10-15,1,7200,315000.0,low
10248,8731900640,2015-03-24,3,10450,315000.0,low
1906,2741100800,2014-07-08,2,2674,315000.0,low
13060,8019200925,2015-04-29,5,14800,315000.0,low
7839,1180000625,2014-10-29,4,3225,315000.0,low
18214,2423400040,2014-08-04,3,8200,315000.0,low
18159,4399200085,2015-03-05,4,9736,315000.0,low
13353,8951900065,2014-09-29,3,9497,315000.0,low
8091,3972900215,2015-01-26,2,7350,315000.0,low
13105,7708300150,2014-11-18,3,11135,315000.0,low
6936,1328340380,2014-10-27,3,12800,315000.0,low
10065,5116060030,2014-10-28,2,2436,315000.0,low
5369,6450304600,2014-10-23,1,2550,315000.0,low
2935,2412100025,2014-06-06,3,12500,315000.0,low
6923,1115100169,2014-12-03,3,7076,315000.0,low
8101,8068000730,2014-06-25,4,5336,315000.0,low
13583,1328340120,2015-02-09,3,7906,315000.0,low
12907,2113700360,2014-06-27,6,4240,315000.0,low
12899,9284801165,2014-05-30,3,5750,315000.0,low
16832,2739200050,2015-04-03,3,9629,315000.0,low
18398,3438501081,2014-12-15,3,6828,315000.0,low
19921,1773100922,2014-12-08,3,983,315000.0,low
12570,3095000040,2014-10-16,1,4600,315000.0,low
19303,7237300610,2015-03-03,3,5954,315000.0,low
1027,2224700136,2015-01-22,4,8400,315000.0,low
2332,2944500340,2014-07-21,4,8580,315000.0,low
5663,1310000130,2014-09-24,4,7767,315000.0,low
9676,7390400026,2014-11-24,4,8580,315000.0,low
9696,8594400350,2014-05-20,3,31626,315000.0,low
9747,3157600340,2014-09-17,3,3700,315000.0,low
16895,7129300500,2014-08-12,4,5650,315000.0,low
9772,705700960,2014-07-24,3,10763,315000.0,low
2238,1704900135,2014-11-11,2,5087,315000.0,low
1025,1862900350,2014-06-10,4,9643,315000.0,low
18020,6648760150,2014-07-28,3,7982,315000.0,low
17224,8700100010,2014-07-10,3,6837,315000.0,low
10428,626059155,2014-12-10,3,12000,315000.0,low
12853,2591800530,2014-10-27,4,9163,315000.0,low
731,2723089104,2014-09-17,3,17424,315000.0,low
18094,2517000600,2015-01-28,4,3969,315000.0,low
17664,7153400100,2015-02-19,3,15114,315000.0,low
1923,1545807990,2015-02-17,3,10661,315000.0,low
352,616000140,2015-01-26,3,14400,315000.0,low
3936,7227800110,2015-04-09,6,17685,315000.0,low
15901,8022900005,2014-11-19,3,8067,315000.0,low
4305,2473410740,2014-10-27,3,7884,315000.0,low
304,4330600350,2015-01-15,3,8750,315000.0,low
16216,4331000130,2014-10-17,3,9685,315000.0,low
15795,6147650280,2015-03-25,4,5999,315000.0,low
15761,8638500020,2014-09-11,3,8505,315000.0,low
15755,1541700010,2014-10-01,4,6300,315000.0,low
16264,7889600285,2014-12-18,3,3000,315000.0,low
16444,3575304017,2014-08-22,3,7500,315000.0,low
4543,1568100215,2014-10-07,2,8576,315000.0,low
232,9264902050,2014-11-21,6,7350,315000.0,low
257,5127001620,2015-02-11,3,11455,315000.0,low
16316,1771000430,2014-05-02,3,9180,315000.0,low
14705,7883603965,2015-02-12,4,4250,315000.0,low
371,2231500030,2014-10-01,4,10754,315000.0,low
84,1133000671,2014-06-02,3,6634,315000.0,low
12058,9232900075,2014-10-21,2,6350,314963.0,low
14587,7229900975,2014-05-07,3,16986,314950.0,low
4011,2473101140,2015-04-28,3,8470,314950.0,low
11324,6679000560,2014-07-29,2,6359,314950.0,low
12625,3797310230,2015-05-07,3,9732,314950.0,low
8631,5127001320,2015-02-23,3,9600,314950.0,low
906,9406520830,2015-03-26,3,8479,314950.0,low
8317,5104510210,2015-03-09,3,4533,314950.0,low
12472,2730500140,2015-04-23,4,9623,314950.0,low
3391,2190601055,2014-06-24,4,27072,314900.0,low
638,7212652180,2014-07-01,3,13303,314500.0,low
7125,5151600285,2014-05-07,3,12381,314500.0,low
16489,1545807280,2014-06-28,3,17355,314500.0,low
11064,5636010560,2014-09-29,4,9600,314500.0,low
5887,7818700480,2015-04-09,1,6000,314200.0,low
16164,1853500290,2014-08-11,4,8449,314000.0,low
18049,9269200650,2014-10-27,2,4920,314000.0,low
98,722079104,2014-07-11,3,41800,314000.0,low
6204,5127000670,2015-03-18,3,9600,314000.0,low
15301,5379805910,2014-11-13,5,13500,314000.0,low
14348,3421069020,2014-10-20,3,217852,314000.0,low
9097,5419801120,2015-01-13,3,8200,314000.0,low
17054,9406570290,2014-05-16,4,8990,314000.0,low
12597,9542840410,2014-11-08,4,4198,313999.0,low
10257,1995200200,2014-05-06,3,6083,313950.0,low
12943,1623089025,2015-04-03,5,94960,313500.0,low
18947,2473371570,2014-11-19,3,7350,313500.0,low
2991,8835220090,2014-08-07,3,3488,313500.0,low
16638,1773100430,2015-04-24,2,1282,313500.0,low
6461,148000440,2014-08-18,2,4800,313300.0,low
20274,1760650290,2015-02-05,3,4197,313200.0,low
13391,3343901848,2015-04-08,3,11875,313100.0,low
12717,2595650220,2015-04-21,3,12821,313100.0,low
6210,8899000050,2015-03-25,4,9030,313100.0,low
2949,7128300855,2014-10-14,4,3000,313000.0,low
6306,5279100675,2014-10-28,2,4900,313000.0,low
172,1999700045,2014-05-02,3,7912,313000.0,low
2552,4137060270,2015-01-05,4,10320,313000.0,low
11327,1900000060,2014-11-17,3,7260,313000.0,low
6637,3126049439,2015-01-09,2,747,313000.0,low
12554,8731951490,2014-05-07,3,8000,313000.0,low
15908,6671900095,2014-05-27,3,6205,313000.0,low
10517,7229900885,2014-11-03,3,10369,313000.0,low
17572,5104510490,2014-05-27,4,4473,312900.0,low
21479,6181500120,2014-06-23,5,8214,312891.0,low
10893,9407100310,2014-11-13,3,11877,312620.0,low
10102,3298400350,2015-01-05,3,7350,312500.0,low
10309,2472950350,2015-04-11,4,11983,312500.0,low
13589,7831800395,2014-05-15,2,6345,312500.0,low
3743,2473372250,2015-01-21,3,9493,312500.0,low
20541,1773100921,2014-12-15,3,983,312500.0,low
4946,1823059028,2015-02-24,4,7840,312500.0,low
19585,4340610040,2014-06-12,2,1200,312500.0,low
12685,6415100331,2014-09-21,2,7227,312500.0,low
12041,2991000160,2014-12-12,4,5570,312500.0,low
3545,3340401570,2014-07-03,3,7969,312500.0,low
7434,2221800080,2015-04-16,4,8755,312500.0,low
14753,5409800120,2014-09-19,4,8596,312200.0,low
20899,1773100972,2014-05-15,3,974,312000.0,low
21232,7697000170,2014-10-25,3,4076,312000.0,low
12896,8658303080,2014-12-23,2,7500,312000.0,low
2685,7694600253,2014-05-06,4,7054,312000.0,low
15614,1433100010,2015-01-28,4,8706,312000.0,low
6869,5104510130,2014-06-03,4,5175,312000.0,low
6051,8024200010,2014-10-28,2,6000,312000.0,low
18219,8732800100,2014-09-16,4,8362,312000.0,low
11543,1354600160,2014-05-09,4,7452,312000.0,low
8641,923049440,2014-07-17,5,9779,312000.0,low
12552,9284802825,2014-07-24,2,8625,312000.0,low
11800,2597150270,2015-04-06,4,10584,312000.0,low
8522,3331001910,2014-08-18,2,5150,312000.0,low
15855,192700080,2015-02-13,3,25710,312000.0,low
12278,9578200030,2014-07-28,3,13250,312000.0,low
13297,8899200720,2015-03-31,3,7857,312000.0,low
4512,7140700300,2014-11-19,3,6386,312000.0,low
663,6798100662,2014-05-27,3,1374,312000.0,low
10436,7972602080,2014-12-08,4,7620,312000.0,low
11287,5101402435,2014-06-03,3,5338,312000.0,low
20814,9347300160,2015-01-25,3,4077,312000.0,low
20910,53500450,2015-03-09,4,4158,311850.0,low
2197,5149300400,2015-02-06,4,12000,311750.0,low
12408,2291400341,2015-02-03,3,1196,311600.0,low
16257,9485300010,2015-02-13,4,10133,311500.0,low
10819,164000267,2014-10-16,2,7228,311300.0,low
13248,8558600085,2014-05-09,4,8078,311100.0,low
11270,829000160,2014-10-09,5,5917,311000.0,low
9874,2333230060,2014-11-05,4,5822,311000.0,low
13557,7549801565,2014-12-19,3,7840,311000.0,low
17977,3598600088,2015-01-09,4,11645,311000.0,low
2901,1023059223,2014-07-25,3,12060,311000.0,low
6768,8731981680,2014-09-08,4,8000,311000.0,low
7401,3336001470,2014-06-19,3,3000,311000.0,low
15414,1160000255,2014-08-18,3,8631,311000.0,low
3938,621069146,2014-08-18,2,55321,311000.0,low
5082,3832061060,2014-08-07,4,6124,311000.0,low
11614,9406520260,2015-01-28,4,8734,311000.0,low
3078,3332500265,2014-08-07,2,3300,311000.0,low
2670,3580900160,2014-10-10,3,8370,311000.0,low
12504,3276180210,2014-11-17,3,7880,311000.0,low
821,6799300270,2014-08-06,4,4997,310950.0,low
6310,8114000020,2015-01-28,3,12408,310650.0,low
3981,1221039058,2015-02-13,4,25700,310597.0,low
17988,3395040580,2014-10-23,3,3056,310000.0,low
816,4057300200,2014-12-22,3,3323,310000.0,low
11195,1139600270,2015-03-24,3,9620,310000.0,low
2962,5490700100,2014-12-08,3,7649,310000.0,low
10791,9269200520,2014-10-16,1,4920,310000.0,low
13614,2331550120,2014-09-04,4,7093,310000.0,low
13536,623049047,2014-10-23,3,12180,310000.0,low
17907,726059047,2014-12-16,1,8282,310000.0,low
13538,8114000040,2014-07-25,4,11200,310000.0,low
3036,8143000600,2014-09-18,3,7050,310000.0,low
17758,8101900100,2015-03-28,3,6000,310000.0,low
21139,8658301060,2014-08-20,2,2500,310000.0,low
11852,2241700075,2014-10-22,3,8474,310000.0,low
2798,818100030,2014-12-04,4,7014,310000.0,low
6115,291300280,2015-02-18,2,923,310000.0,low
19293,6450300673,2014-12-31,3,1361,310000.0,low
9462,9353300820,2015-05-11,3,10723,310000.0,low
11096,2881700046,2014-06-10,4,11075,310000.0,low
18450,6713700205,2014-07-15,3,9730,310000.0,low
15159,6064800470,2014-08-05,3,2345,310000.0,low
4047,4167300300,2014-08-13,4,12150,310000.0,low
17971,4174600386,2015-04-14,5,5001,310000.0,low
13553,4057300180,2014-08-07,3,3104,310000.0,low
11228,4229900140,2014-10-06,2,5750,310000.0,low
11705,9284800844,2014-09-16,4,5750,310000.0,low
10865,3422049276,2014-12-11,3,30346,310000.0,low
18093,5589300495,2015-03-04,3,6576,310000.0,low
7037,2522029136,2014-07-29,3,82328,310000.0,low
19447,3343902281,2015-05-05,2,8102,310000.0,low
13618,3185600040,2014-12-24,2,4500,310000.0,low
6789,8651510380,2014-08-21,3,9195,310000.0,low
6811,3997500130,2015-02-24,2,8149,310000.0,low
6779,7588700177,2015-04-20,1,2885,310000.0,low
1984,1138000830,2014-09-09,3,7173,310000.0,low
11338,9264911550,2014-10-22,3,9302,310000.0,low
10236,4057300030,2014-11-14,3,3292,310000.0,low
16169,7211350130,2014-06-19,4,9600,310000.0,low
4897,5648600190,2015-04-29,3,5791,310000.0,low
16765,3211000190,2014-10-01,3,9120,310000.0,low
2104,4142450510,2014-07-23,3,3600,310000.0,low
15584,7129303180,2014-10-02,3,6150,310000.0,low
5109,8562890280,2014-06-26,4,5499,310000.0,low
11566,9567800140,2015-03-25,3,7194,310000.0,low
20324,3023000050,2015-01-29,3,10137,310000.0,low
20671,3395071580,2015-03-11,3,3612,310000.0,low
708,5231000060,2014-08-05,3,7150,310000.0,low
5119,3630070010,2015-03-11,2,2699,310000.0,low
10523,7893200486,2015-03-02,3,6500,310000.0,low
10154,3438500796,2015-04-30,3,6954,310000.0,low
12941,1091500120,2015-02-13,4,9720,310000.0,low
2105,3291800510,2014-06-10,3,7650,310000.0,low
18834,8001400300,2015-03-16,4,9013,310000.0,low
18762,3332000615,2014-10-20,3,3740,310000.0,low
8600,2461900845,2014-09-03,1,6000,310000.0,low
7553,1310700330,2015-05-07,4,8820,310000.0,low
1076,9368700223,2015-02-02,4,7426,310000.0,low
4763,3816300095,2014-05-14,3,9876,310000.0,low
15801,2044500213,2014-06-17,4,6000,310000.0,low
3533,2221000100,2014-05-07,3,10723,310000.0,low
5774,1775800280,2015-02-26,5,11970,310000.0,low
5788,4167800130,2015-05-01,5,9600,310000.0,low
4780,411100020,2014-11-17,3,8263,310000.0,low
8867,7452500365,2014-06-25,2,5400,310000.0,low
8875,522039103,2014-11-13,2,83199,310000.0,low
4798,6679000170,2015-04-14,3,4220,310000.0,low
20107,3832051140,2014-06-23,3,4775,310000.0,low
14225,345700150,2014-11-06,2,10005,310000.0,low
3587,1787600164,2014-07-23,2,4920,310000.0,low
4815,7932000078,2014-05-07,3,37904,310000.0,low
15891,9474700020,2014-05-03,3,9945,310000.0,low
7746,1922069089,2015-03-24,3,55756,310000.0,low
20365,7299601630,2014-11-08,3,5744,310000.0,low
15025,8822901024,2015-04-23,3,886,310000.0,low
19885,424049284,2014-10-16,1,912,310000.0,low
7915,3820350120,2014-08-22,3,3359,310000.0,low
20159,321030010,2014-10-15,4,7384,310000.0,low
12913,3438502083,2014-06-12,5,5000,310000.0,low
426,936000060,2014-11-14,5,27260,310000.0,low
14617,9485700175,2014-09-30,2,12160,310000.0,low
16560,1431700280,2015-04-09,5,7344,310000.0,low
14620,104560540,2014-09-17,4,7320,310000.0,low
14561,9407102245,2014-06-04,3,11150,310000.0,low
19032,1221039066,2014-10-17,4,22100,310000.0,low
12875,7417100133,2014-11-13,4,7200,310000.0,low
12,114101516,2014-05-28,3,19901,310000.0,low
12852,9536601852,2015-03-17,4,8100,310000.0,low
12815,3298700156,2014-06-10,3,6771,310000.0,low
17116,8643000190,2015-03-23,3,10379,310000.0,low
12980,1443500120,2015-04-07,2,5379,310000.0,low
15018,9264911150,2015-04-23,3,7140,310000.0,low
3537,2026049125,2015-05-01,2,2271,310000.0,low
2240,6123000070,2014-07-09,3,9908,310000.0,low
9431,6163900411,2014-10-03,2,8220,310000.0,low
9217,5151600120,2014-06-18,4,12672,310000.0,low
14888,3755100005,2014-07-30,3,12950,310000.0,low
12226,1858600012,2014-06-05,4,12128,310000.0,low
17380,3793500050,2015-03-03,3,6300,310000.0,low
12163,7212660560,2014-08-26,3,6752,310000.0,low
9132,1471700410,2015-05-06,7,15111,310000.0,low
1155,3797001920,2014-07-02,2,3000,310000.0,low
13162,1072100085,2014-05-14,3,7830,310000.0,low
5692,1423800380,2015-03-12,4,10074,309950.0,low
15569,2560801222,2014-11-13,3,6350,309950.0,low
6127,8165501640,2014-08-19,2,1607,309950.0,low
13025,6402710120,2014-05-05,3,7838,309950.0,low
3401,192450300,2014-09-19,3,15606,309950.0,low
10573,5416510710,2014-05-05,4,5000,309950.0,low
8770,1840300100,2014-09-18,2,9843,309950.0,low
10386,6620400400,2014-08-13,1,11800,309950.0,low
9746,5422430320,2014-07-21,4,6666,309950.0,low
8154,7861000021,2015-04-29,3,78408,309933.0,low
10289,5709200030,2014-12-04,5,17825,309900.0,low
9447,3275330120,2014-08-14,3,26670,309900.0,low
20333,7299600130,2014-07-02,3,4500,309780.0,low
20329,9429400170,2014-06-25,3,3730,309620.0,low
343,7004200060,2014-10-17,4,20000,309600.0,low
12576,2787700580,2014-10-28,3,7320,309500.0,low
11884,5631501323,2014-08-05,3,13560,309500.0,low
6502,9407102360,2014-06-16,3,9600,309212.0,low
5517,123039420,2015-04-28,3,7200,309000.0,low
20145,9264450460,2014-06-03,5,4045,309000.0,low
11938,2112700240,2014-05-20,3,7500,309000.0,low
20139,1773100980,2014-06-18,3,1294,309000.0,low
14610,3832500790,2015-04-20,4,9240,309000.0,low
7093,8656800020,2015-02-12,3,11480,309000.0,low
18729,5416500040,2014-10-17,3,3614,309000.0,low
10131,1446800710,2015-02-27,3,6400,309000.0,low
18952,1753500100,2014-07-09,3,8755,309000.0,low
44,1432701230,2014-07-29,3,9656,309000.0,low
21215,1760650950,2015-04-23,3,3825,309000.0,low
9316,4123800180,2014-08-27,3,7859,309000.0,low
8885,2788500090,2014-12-19,3,8142,309000.0,low
9949,9407150350,2015-04-10,3,6250,308950.0,low
7258,3797300190,2014-07-08,4,8562,308950.0,low
18967,4137070090,2014-06-11,3,7294,308900.0,low
20614,6149700197,2014-11-06,2,1408,308625.0,low
3655,7334401450,2014-07-29,3,13200,308550.0,low
14733,3438501020,2014-11-05,2,14564,308500.0,low
15127,4408100095,2014-05-02,2,6174,308500.0,low
5118,7893804790,2014-10-10,4,7500,308130.0,low
21187,9268850480,2015-04-10,3,1237,308000.0,low
3248,798000535,2014-06-25,3,18144,308000.0,low
9495,9144300110,2015-04-24,2,9250,308000.0,low
806,7843500070,2014-11-18,4,12243,308000.0,low
20277,1773100561,2015-03-05,3,1150,308000.0,low
8075,827000110,2014-07-14,4,4606,308000.0,low
17262,7334501300,2015-03-06,3,11475,308000.0,low
11012,1314300046,2014-06-30,3,8800,308000.0,low
5173,5205000250,2015-04-10,3,7140,308000.0,low
3893,6385100100,2014-10-02,3,8629,308000.0,low
3054,7130300690,2014-10-28,2,6250,308000.0,low
516,1922059046,2014-10-29,3,39150,308000.0,low
4485,1565950090,2015-03-05,4,7277,308000.0,low
14969,8078520280,2015-03-23,4,5642,308000.0,low
8429,9432900180,2014-07-14,4,8438,307999.0,low
19094,379000051,2014-08-26,5,13132,307700.0,low
21117,255450250,2014-08-04,3,4200,307635.0,low
7056,1541700170,2014-06-09,4,5909,307550.0,low
13707,1138000410,2014-09-15,3,6530,307500.0,low
1556,9406520550,2014-10-27,3,7364,307500.0,low
3000,8732040090,2015-05-06,4,8874,307450.0,low
14140,6149700191,2014-08-19,2,1020,307300.0,low
9219,2854800090,2014-07-10,3,6752,307150.0,low
14158,1773101020,2014-10-20,5,4800,307000.0,low
14468,7304300720,2014-06-10,4,8184,307000.0,low
5363,8078550250,2014-12-29,4,6964,307000.0,low
3576,7846700850,2014-07-01,3,6000,307000.0,low
1995,1022059082,2014-05-08,3,13860,307000.0,low
17468,7417700185,2015-03-14,3,8484,307000.0,low
14004,8658303065,2014-05-19,3,7500,307000.0,low
15340,5559200170,2015-04-30,4,23972,307000.0,low
2331,7454001090,2015-03-09,3,6552,307000.0,low
1219,4046500510,2014-09-05,3,16105,307000.0,low
20100,6817750110,2014-07-10,4,3080,307000.0,low
5274,2131200766,2014-05-22,3,7500,307000.0,low
2109,8645540320,2014-11-18,3,7259,307000.0,low
8800,2117700065,2014-10-09,1,5005,306950.0,low
12128,2832100270,2015-05-07,4,8970,306888.0,low
10680,345700340,2014-06-10,2,7719,306888.0,low
13963,5559200065,2015-05-07,2,16400,306500.0,low
20400,3869900146,2014-10-30,2,892,306500.0,low
6351,8648100130,2015-04-29,3,6291,306500.0,low
9761,2921049121,2014-05-16,3,38377,306500.0,low
8301,3450400330,2015-02-20,3,8140,306500.0,low
4488,7849200945,2015-04-01,2,10200,306500.0,low
11583,2011400662,2014-10-27,2,19988,306500.0,low
9757,6675500105,2014-07-29,3,7217,306000.0,low
13876,6669240230,2015-03-17,3,5702,306000.0,low
2453,2111010340,2014-06-12,4,8124,306000.0,low
19237,8822900115,2014-12-09,2,2622,306000.0,low
2431,1726069051,2014-05-23,2,13500,306000.0,low
9825,4178500640,2015-05-07,4,9426,306000.0,low
2848,7236500025,2014-08-29,3,7500,306000.0,low
11091,2517000140,2014-05-16,3,5874,306000.0,low
2287,4024101715,2014-09-05,3,8658,306000.0,low
8464,7955000210,2014-07-09,3,7200,306000.0,low
17880,2324039077,2015-04-27,2,5650,306000.0,low
2167,7297700055,2015-03-05,3,10350,306000.0,low
20300,6749700006,2014-07-15,2,1183,306000.0,low
666,6145600041,2014-05-14,3,1086,306000.0,low
18712,2473480210,2014-05-28,3,11193,306000.0,low
11724,9183702220,2014-09-15,3,9800,306000.0,low
18397,1723049419,2014-12-04,3,8700,306000.0,low
5977,2822059181,2015-04-13,5,169448,306000.0,low
20663,1085621740,2014-08-14,4,3577,306000.0,low
14843,1310820150,2014-08-12,4,4968,305950.0,low
16470,8078570460,2014-09-24,4,7199,305500.0,low
2430,4024101052,2014-12-17,3,6090,305500.0,low
11840,5127000810,2014-05-14,3,10200,305495.0,low
20978,7227801581,2014-05-07,3,3573,305450.0,low
12928,7655900062,2014-07-28,3,9000,305240.0,low
8739,4010800110,2014-06-09,3,35988,305100.0,low
15412,9510900630,2014-06-17,3,7665,305000.0,low
4216,2323059184,2014-12-30,4,13551,305000.0,low
16403,1233100351,2014-12-11,3,9048,305000.0,low
12954,3331001165,2014-09-26,3,5150,305000.0,low
13098,2571910210,2014-10-01,3,8487,305000.0,low
10924,1310900140,2014-06-24,4,9371,305000.0,low
11101,9542840570,2015-04-01,4,4000,305000.0,low
13074,7129304225,2015-01-08,4,5250,305000.0,low
11615,9510900140,2015-04-06,4,7000,305000.0,low
12453,4022900951,2015-04-02,2,22725,305000.0,low
20636,6817750340,2014-09-19,4,3150,305000.0,low
4498,1898900100,2014-07-22,4,14773,305000.0,low
1158,1541700240,2014-07-29,4,5000,305000.0,low
17091,4343800080,2014-08-18,2,7250,305000.0,low
11331,3438500677,2014-06-13,3,5240,305000.0,low
13024,9211500620,2015-04-28,3,6650,305000.0,low
13330,4073200124,2015-04-17,2,7200,305000.0,low
5720,2781280290,2015-04-27,3,3516,305000.0,low
17273,2460500020,2015-03-30,4,10140,305000.0,low
21324,5422950080,2014-08-25,4,3800,305000.0,low
19960,3821700038,2014-10-01,3,1112,305000.0,low
12147,9407001600,2015-04-23,3,11500,305000.0,low
17198,1079350020,2014-08-21,3,7697,305000.0,low
12836,1154100205,2014-10-13,1,7500,305000.0,low
12842,8802400644,2015-05-05,3,8000,305000.0,low
12355,5151600390,2014-11-13,4,12731,305000.0,low
190,9477200200,2014-08-18,3,9480,305000.0,low
20573,8943600870,2014-11-13,4,3717,305000.0,low
6509,9412710440,2015-04-22,4,8600,305000.0,low
4359,2610100015,2014-08-13,4,7200,305000.0,low
315,1328320800,2014-11-05,4,7700,305000.0,low
4603,1221000490,2014-11-13,4,1831,305000.0,low
9533,6699000610,2014-08-11,3,5027,305000.0,low
9720,2568300045,2014-06-25,6,8240,305000.0,low
9218,4024101050,2014-06-02,3,13475,305000.0,low
9283,5562100325,2014-11-25,2,8212,305000.0,low
18459,1402950100,2014-11-21,4,5959,305000.0,low
9407,5104510120,2015-03-27,3,5175,305000.0,low
9546,7349400610,2014-08-12,4,12581,305000.0,low
7164,4057300170,2014-06-02,2,2980,305000.0,low
86,2599001200,2014-11-03,5,8400,305000.0,low
7134,320069049,2014-05-14,4,131551,305000.0,low
2011,7203102080,2014-12-17,2,3140,305000.0,low
9702,1926049326,2015-02-10,2,7140,305000.0,low
9803,5145100310,2015-03-07,3,8008,305000.0,low
7318,4358700188,2015-03-31,3,895,305000.0,low
641,3329500060,2014-07-28,4,9091,305000.0,low
20708,6817750510,2015-03-03,4,3250,305000.0,low
21397,6021503698,2014-05-29,2,905,305000.0,low
20706,8562780800,2014-10-16,2,758,305000.0,low
2902,9320700090,2014-09-11,4,9600,305000.0,low
18220,2025701080,2015-03-18,3,6600,305000.0,low
6877,9406520290,2014-12-29,3,12414,305000.0,low
10218,730000139,2014-10-16,2,2142,305000.0,low
10259,2473480350,2014-05-19,3,12247,305000.0,low
16816,8029500380,2014-07-31,3,10873,305000.0,low
15689,3826500470,2015-04-15,3,10962,305000.0,low
9183,1565950230,2014-11-20,3,6825,305000.0,low
20313,3395070440,2015-02-09,3,2480,305000.0,low
7544,9406520580,2014-08-19,3,9519,305000.0,low
7922,1771000690,2014-05-28,3,11776,305000.0,low
7960,109000040,2015-03-16,3,7862,305000.0,low
7994,3832060940,2014-07-29,4,4683,305000.0,low
15943,8074200080,2015-02-13,3,12430,305000.0,low
2357,243000335,2014-09-29,4,8450,305000.0,low
7786,3826000665,2014-05-22,4,8100,305000.0,low
8307,8656300385,2015-03-17,3,19115,305000.0,low
7742,2582500110,2014-10-07,4,6487,305000.0,low
2643,2023049350,2015-04-10,3,9086,305000.0,low
14408,8687800065,2014-07-02,2,12960,305000.0,low
20506,7203101590,2015-01-08,2,3383,305000.0,low
16502,1332700010,2014-12-16,2,1968,305000.0,low
16647,1423910670,2014-05-27,4,9288,305000.0,low
8755,2724069010,2015-04-30,2,8276,305000.0,low
16103,7418000020,2014-07-24,3,10350,305000.0,low
7465,2658000373,2015-01-22,4,6250,305000.0,low
8923,621049103,2014-07-09,3,12196,305000.0,low
2711,7300000550,2015-04-24,3,3240,305000.0,low
14207,6300500183,2014-12-12,4,5043,305000.0,low
16678,7950300440,2014-10-15,2,6000,305000.0,low
16686,1088400190,2015-04-22,3,10125,305000.0,low
9140,8731900880,2015-04-20,4,8820,305000.0,low
10331,3353404510,2015-01-07,2,186872,305000.0,low
21559,3438501329,2014-05-20,2,2656,305000.0,low
10869,5152000030,2015-02-04,5,12220,305000.0,low
780,7230200340,2015-02-25,3,23680,305000.0,low
18006,7224500375,2014-07-15,3,5350,305000.0,low
6724,1473200170,2014-07-29,3,1622,305000.0,low
743,1771000890,2014-09-17,3,9750,305000.0,low
15440,8732030440,2014-08-13,4,12000,305000.0,low
19470,1431700210,2014-07-02,3,7424,305000.0,low
1773,2944500710,2015-02-20,4,9103,305000.0,low
3804,5149300100,2014-08-18,4,9600,304999.0,low
10448,7454000990,2014-09-24,2,6720,304950.0,low
18042,9407001770,2015-05-12,3,9000,304950.0,low
280,1722059235,2014-07-03,4,11325,304900.0,low
7114,6150700169,2014-06-09,2,5995,304700.0,low
19762,9268850350,2015-03-19,4,942,304500.0,low
17467,5466380050,2014-12-19,4,5202,304500.0,low
10656,7205510370,2014-11-24,3,6930,304500.0,low
13578,104560120,2014-07-18,4,8100,304400.0,low
3358,7212650850,2015-04-27,3,6773,304000.0,low
9846,6300500105,2014-10-02,2,1034,304000.0,low
5491,984000780,2014-06-16,4,8750,304000.0,low
7213,3319500299,2014-08-06,2,676,304000.0,low
9178,6163900821,2014-06-24,4,8454,304000.0,low
16517,3211200290,2014-05-27,3,7500,304000.0,low
7353,5437600010,2015-04-06,3,5298,304000.0,low
9136,372000040,2014-10-03,3,6000,304000.0,low
3947,7304300906,2014-06-13,3,8184,304000.0,low
1367,3295950240,2014-09-05,3,5700,303700.0,low
17590,1453601502,2015-02-26,4,7334,303697.0,low
21186,7896300592,2015-01-14,6,7200,303500.0,low
6699,2121000250,2014-05-09,3,10464,303500.0,low
5338,2215901310,2014-11-14,4,7345,303500.0,low
20983,7299600180,2014-06-10,4,5000,303210.0,low
6989,3878900185,2014-10-22,3,5650,303100.0,low
20915,1085621960,2014-12-12,3,3564,303000.0,low
7151,1473200130,2015-03-20,3,873,303000.0,low
17032,2475900170,2015-04-29,4,9583,303000.0,low
1134,2475201180,2015-02-06,3,4100,303000.0,low
9687,8159620260,2014-07-11,4,8927,303000.0,low
4506,9407111220,2015-05-04,2,9200,303000.0,low
11736,3797300140,2014-07-21,3,8820,303000.0,low
1574,7300410060,2015-04-25,3,4957,303000.0,low
5289,3123039063,2014-09-08,2,27007,303000.0,low
6574,5468770250,2014-08-19,4,6783,303000.0,low
8100,123039424,2014-07-10,2,9750,303000.0,low
6391,9834201470,2014-12-18,2,1075,303000.0,low
19036,1453602310,2014-12-16,2,1650,303000.0,low
20293,7625702901,2015-03-11,2,3279,302860.0,low
11752,3790700070,2014-11-21,4,5511,302500.0,low
4582,9478500590,2015-04-08,3,4476,302500.0,low
13789,1683800120,2014-11-17,3,11985,302500.0,low
1268,2215450060,2014-12-23,3,7201,302495.0,low
16390,8731960050,2014-12-29,5,9450,302300.0,low
5567,7942601155,2014-07-22,2,5120,302282.0,low
12900,7229100180,2015-03-23,4,10396,302200.0,low
8434,1721801010,2015-04-24,3,6120,302100.0,low
21047,9268850360,2015-02-23,4,745,302059.0,low
1125,3450300240,2014-05-15,4,7865,302000.0,low
2306,3145600045,2015-02-25,6,4621,302000.0,low
14401,9183701085,2015-04-15,4,10200,302000.0,low
17422,3861440010,2014-07-15,4,9120,302000.0,low
19266,2341800195,2014-11-06,2,5000,302000.0,low
7307,255580190,2014-09-15,4,7895,302000.0,low
6097,5666300010,2014-07-22,3,7000,302000.0,low
12423,1471701200,2014-10-22,4,13500,302000.0,low
16993,1657310170,2014-07-23,3,9492,302000.0,low
12810,3705900124,2015-02-20,5,8642,302000.0,low
4659,2572400100,2014-11-05,3,1950,302000.0,low
6599,537000255,2015-04-29,2,8200,302000.0,low
1959,2473251170,2014-06-26,4,17664,302000.0,low
2871,1820069019,2014-05-29,2,423838,302000.0,low
1451,2228900270,2015-02-12,2,6000,302000.0,low
13923,2739200040,2014-09-24,5,9629,302000.0,low
10563,1545804510,2014-05-12,5,7813,302000.0,low
16027,6928000440,2014-07-18,3,9288,301950.0,low
19742,2349300069,2014-05-12,2,1333,301500.0,low
18014,2064800880,2015-02-01,3,7419,301500.0,low
10486,2976800700,2014-05-22,3,7440,301350.0,low
6720,5417600130,2015-05-12,2,9000,301000.0,low
8712,3791400100,2014-07-28,4,6146,301000.0,low
6570,8899000190,2014-12-12,3,7200,301000.0,low
1767,6152900273,2014-09-09,3,8414,301000.0,low
18496,415100015,2014-07-25,3,9241,301000.0,low
57,2799800710,2015-04-07,3,4750,301000.0,low
14835,3613600150,2015-01-05,3,6840,300523.0,low
20190,7899800851,2015-04-23,2,801,300500.0,low
15884,4137040250,2014-10-21,4,7944,300499.0,low
20393,3021059304,2014-09-17,6,9926,300000.0,low
4286,9264921140,2015-03-12,3,15508,300000.0,low
8686,6837820330,2015-04-29,4,8932,300000.0,low
16022,1560870470,2014-07-31,4,2999,300000.0,low
18679,9264920870,2014-10-23,3,10030,300000.0,low
12474,8718500560,2014-06-27,3,8911,300000.0,low
6576,1721800190,2015-04-09,2,6120,300000.0,low
21080,2690100170,2014-10-13,3,1477,300000.0,low
2497,1000102,2015-04-22,6,9373,300000.0,low
20652,7883603648,2014-05-22,5,6000,300000.0,low
7899,7660100336,2014-12-10,3,1570,300000.0,low
1585,8019200030,2014-09-26,3,14750,300000.0,low
17185,1523069022,2015-05-06,3,82764,300000.0,low
7551,1237500120,2014-05-20,3,9900,300000.0,low
2392,798000342,2014-08-15,3,12750,300000.0,low
17241,3211200420,2014-06-18,3,7700,300000.0,low
19840,2517101200,2014-07-07,4,5195,300000.0,low
8376,2025700180,2014-11-20,3,5421,300000.0,low
15434,3732800525,2014-07-09,4,5015,300000.0,low
3836,4302200336,2014-07-07,3,5160,300000.0,low
17227,8835210130,2014-08-08,2,3927,300000.0,low
15899,3395040920,2014-06-18,3,3575,300000.0,low
11003,3243200310,2014-05-20,3,7735,300000.0,low
20876,8669180150,2015-03-26,4,4419,300000.0,low
16394,2968800825,2015-03-23,3,7620,300000.0,low
21286,6817750440,2014-10-14,4,3272,300000.0,low
12598,6648500580,2015-04-21,3,7225,300000.0,low
18865,123039364,2014-05-21,2,13700,300000.0,low
7595,252000300,2015-01-20,3,16500,300000.0,low
16047,7212680080,2014-10-15,3,8481,300000.0,low
7576,4180400090,2014-06-13,4,10814,300000.0,low
16243,9542830430,2014-08-06,3,4200,300000.0,low
7572,2799800750,2015-04-16,4,4750,300000.0,low
8201,2517000150,2014-07-13,3,3439,300000.0,low
2605,9476700135,2015-03-19,3,8352,300000.0,low
1811,4327100045,2014-07-21,5,8875,300000.0,low
10705,9430000070,2015-04-30,3,5707,300000.0,low
17987,2227900040,2015-01-14,4,9205,300000.0,low
6159,2473000130,2014-06-26,3,10395,300000.0,low
21058,7549800543,2014-06-12,3,1235,300000.0,low
20985,2517000650,2014-07-16,3,4590,300000.0,low
6182,8645511350,2014-12-01,3,21138,300000.0,low
1749,3500100189,2014-06-30,2,8153,300000.0,low
7118,7227800660,2014-05-22,6,10812,300000.0,low
15223,7304301300,2014-07-02,2,11919,300000.0,low
9744,5416500520,2014-08-25,3,4200,300000.0,low
6237,7203102140,2015-04-29,2,2482,300000.0,low
15267,3022039069,2015-03-26,3,12415,300000.0,low
11246,9478500570,2014-06-23,4,4469,300000.0,low
11669,2212200270,2015-02-20,3,6900,300000.0,low
1406,869700320,2014-08-06,3,3855,300000.0,low
6267,112900020,2014-07-01,3,5128,300000.0,low
1775,7211340030,2015-04-28,3,10168,300000.0,low
11456,7399000350,2014-11-04,3,8300,300000.0,low
10018,4364200075,2014-06-24,2,5120,300000.0,low
4068,3580900090,2014-09-02,3,9855,300000.0,low
1502,3276900030,2014-10-06,5,9276,300000.0,low
11400,1402950240,2014-06-02,4,7476,300000.0,low
1892,9265700045,2014-06-24,3,7007,300000.0,low
16276,7635800313,2014-07-18,4,8760,300000.0,low
19595,2143700406,2014-12-11,3,7560,300000.0,low
17762,7750500120,2014-11-18,3,4760,300000.0,low
11329,9835800320,2014-08-28,4,8750,300000.0,low
16221,1509700050,2014-05-23,4,9898,300000.0,low
19453,3755100220,2014-08-19,3,9761,300000.0,low
6150,6145600285,2014-05-29,2,3844,300000.0,low
15608,3904100089,2015-03-18,3,7370,300000.0,low
4191,6713700025,2014-05-15,3,13000,300000.0,low
18510,6064800410,2014-07-30,3,1585,300000.0,low
7395,3343901188,2015-03-23,3,7200,300000.0,low
10677,2111010890,2014-11-05,3,3691,300000.0,low
11102,2473381070,2014-11-05,3,7000,300000.0,low
15732,2944500420,2014-12-11,4,7215,300000.0,low
9119,8856890330,2014-09-15,4,9613,300000.0,low
18001,4036400110,2015-01-29,3,12282,300000.0,low
10662,2008000550,2014-08-15,4,9600,300000.0,low
4262,3500100025,2014-06-28,4,8499,300000.0,low
15697,3438501150,2014-07-28,3,7598,300000.0,low
17429,7222000244,2015-02-23,3,9375,300000.0,low
12171,3820350140,2014-08-27,3,3381,300000.0,low
6005,8947800080,2014-11-05,3,12300,300000.0,low
6031,6381502155,2015-01-16,3,7200,300000.0,low
11194,1139600270,2014-07-01,3,9620,300000.0,low
20269,8096800500,2015-03-17,3,5701,300000.0,low
18467,1775900220,2014-09-22,3,15053,300000.0,low
9353,2113701080,2014-11-12,2,4010,300000.0,low
20616,5137800030,2014-07-01,4,3826,300000.0,low
17504,1822059073,2015-04-14,3,12000,300000.0,low
7234,984100010,2014-09-30,4,7700,300000.0,low
1713,522059299,2015-02-04,3,12776,300000.0,low
19284,7694600201,2015-03-22,3,7200,300000.0,low
9450,7518501140,2015-01-13,3,2550,300000.0,low
10926,1402810140,2014-05-05,3,10072,300000.0,low
1723,7230000350,2014-09-09,3,51836,300000.0,low
9568,3298500690,2014-07-08,3,7314,300000.0,low
21067,6300500081,2014-08-06,3,1200,300000.0,low
21124,1459920010,2015-03-23,3,7159,300000.0,low
16509,5151200290,2014-05-12,2,8100,300000.0,low
16892,4058801680,2014-05-23,2,7788,300000.0,low
13678,7229100040,2014-07-29,5,10350,300000.0,low
13695,1898900040,2014-06-06,4,15508,300000.0,low
5165,6673050020,2015-04-01,6,11250,300000.0,low
14299,1446800995,2014-08-05,3,6628,300000.0,low
930,3395070640,2014-09-02,3,2614,300000.0,low
5130,3327020290,2015-02-20,4,7600,300000.0,low
356,5416510830,2014-08-06,4,4862,300000.0,low
904,2460700260,2015-02-18,3,6698,300000.0,low
13118,4058802300,2014-08-20,4,7440,300000.0,low
5080,9485300190,2014-10-09,4,8058,300000.0,low
13808,9542830210,2015-02-11,4,3200,300000.0,low
5447,9232900050,2014-08-06,2,6350,300000.0,low
14897,6799300130,2014-06-23,4,5550,300000.0,low
21390,3832050580,2014-05-02,3,5050,300000.0,low
13848,1598600209,2014-10-20,6,8163,300000.0,low
16671,9250900104,2014-11-10,5,8500,300000.0,low
16803,7116500920,2014-05-20,6,5682,300000.0,low
13044,7548300441,2014-05-07,2,3001,300000.0,low
14066,8001600150,2015-03-10,3,8232,300000.0,low
13035,8658303265,2014-11-06,3,5000,300000.0,low
13019,164000174,2014-09-08,3,6300,300000.0,low
575,222069082,2014-12-17,2,75794,300000.0,low
4931,9572000080,2014-06-16,5,6355,300000.0,low
4542,3124089086,2014-10-02,4,177657,300000.0,low
12989,8029500450,2014-05-29,3,9827,300000.0,low
13645,1329500120,2015-01-09,4,8572,300000.0,low
16864,1566100595,2014-05-14,3,8280,300000.0,low
4715,3021049140,2015-03-25,4,17349,300000.0,low
16901,3438501700,2014-08-27,3,20812,300000.0,low
14131,984000650,2014-09-08,4,8750,300000.0,low
515,4402700070,2015-03-11,2,7680,300000.0,low
5358,3395041236,2014-10-23,3,3253,300000.0,low
4507,1332200110,2014-07-08,4,8065,300000.0,low
3555,7229000025,2014-07-07,4,10800,300000.0,low
11553,4031700030,2015-04-10,3,9719,299999.0,low
11635,4338800685,2014-08-19,4,7200,299999.0,low
14493,1041440360,2015-01-05,4,4828,299999.0,low
20913,1773100967,2015-02-23,3,1234,299999.0,low
937,3432500486,2014-06-23,2,7200,299995.0,low
7879,4137030040,2014-06-12,3,7500,299995.0,low
10988,1321700390,2014-09-08,3,8541,299990.0,low
8624,2320069189,2014-10-27,2,125452,299990.0,low
15445,4060000020,2014-09-18,4,10230,299980.0,low
11691,2426039247,2015-03-25,2,1756,299950.0,low
8112,255550230,2014-11-18,3,2577,299950.0,low
3246,4171200025,2015-03-27,3,8951,299950.0,low
4058,1839910300,2015-01-06,3,9916,299950.0,low
16812,321059091,2014-06-05,4,31299,299950.0,low
18356,8562891240,2015-02-11,4,4054,299950.0,low
18203,5414100040,2014-09-15,2,3000,299950.0,low
4417,3223069019,2014-10-29,3,81021,299950.0,low
19815,3395071610,2014-11-26,3,3150,299950.0,low
13354,226039186,2014-05-20,3,8000,299950.0,low
7955,9269750690,2015-01-05,4,7601,299950.0,low
9762,7229210060,2014-12-11,3,11274,299950.0,low
5452,422000010,2014-11-06,3,5250,299950.0,low
15896,2131701410,2015-04-27,3,5000,299950.0,low
10891,8731990700,2014-06-25,3,7650,299950.0,low
11745,1565930070,2014-09-11,3,4650,299950.0,low
2979,2744000100,2014-06-25,3,7942,299950.0,low
6213,3624039073,2015-03-19,2,5200,299950.0,low
3515,6648760100,2014-07-11,3,9830,299950.0,low
6616,2787460430,2014-10-28,2,10506,299950.0,low
6739,7972601900,2014-05-30,3,9525,299950.0,low
21420,9478550110,2015-03-03,3,4497,299950.0,low
7836,419000015,2014-09-17,4,5400,299950.0,low
6354,6149700380,2015-02-06,2,6150,299900.0,low
11426,3329510200,2014-11-24,3,8163,299900.0,low
17228,8731990440,2015-03-10,4,7200,299900.0,low
18713,4024100120,2014-06-25,3,8593,299900.0,low
7678,3211580210,2015-04-11,3,9893,299900.0,low
11085,7885800160,2014-09-05,4,5730,299900.0,low
7694,8643200035,2014-08-21,3,27000,299900.0,low
8563,2111000580,2014-05-21,3,6014,299900.0,low
19669,7899800863,2014-10-01,3,2046,299900.0,low
2546,9542830160,2014-12-18,4,3632,299900.0,low
933,8594400370,2015-02-05,3,35026,299900.0,low
11396,3395040200,2014-07-09,3,3044,299880.0,low
5395,8658300480,2014-07-21,4,9000,299800.0,low
4703,1787270090,2015-02-25,4,4708,299800.0,low
7732,5347200175,2015-03-19,2,2814,299800.0,low
8508,7400062,2014-05-21,2,5240,299800.0,low
2274,4263200030,2014-12-05,3,6726,299500.0,low
5673,7334501410,2014-11-21,4,15312,299500.0,low
7803,7454000315,2015-04-24,2,6300,299500.0,low
19486,2722049077,2014-08-28,3,34500,299500.0,low
15029,7212680020,2014-12-19,3,8813,299500.0,low
6807,5703500130,2014-12-17,3,9600,299500.0,low
18611,7843500090,2014-08-22,4,12085,299500.0,low
12127,7334500800,2015-01-23,3,10875,299500.0,low
19089,5031300011,2014-11-04,3,11700,299500.0,low
2394,5205000400,2014-10-22,3,7163,299500.0,low
15919,8029510010,2014-10-30,3,8669,299250.0,low
1991,5103900045,2014-07-25,3,14270,299000.0,low
10096,109200140,2015-05-06,4,8100,299000.0,low
17877,2420069003,2015-03-31,3,79993,299000.0,low
350,7325600160,2014-06-04,1,12120,299000.0,low
3566,8731800300,2014-07-23,3,9100,299000.0,low
13564,3331001115,2014-07-28,3,3121,299000.0,low
1644,5515600075,2014-12-05,3,142803,299000.0,low
18572,318390180,2014-10-29,3,6007,299000.0,low
15114,1150700170,2014-09-26,4,6693,299000.0,low
2606,1926069035,2014-07-22,2,189486,299000.0,low
8176,3333002710,2014-09-17,3,8778,299000.0,low
12144,8142000060,2015-03-13,5,9389,299000.0,low
12876,3782100035,2014-08-13,3,8100,299000.0,low
19367,3793700210,2014-06-13,3,13927,299000.0,low
3226,1310980110,2014-07-17,3,7840,299000.0,low
17134,6143000020,2015-04-06,3,17003,299000.0,low
14735,7459810210,2014-10-02,4,26000,299000.0,low
5126,5412101150,2015-02-03,4,6078,299000.0,low
14186,7461400360,2015-04-21,1,7521,299000.0,low
19051,5230300210,2014-12-10,3,9514,299000.0,low
7582,3883100220,2015-01-20,3,8065,299000.0,low
12578,7866500035,2014-08-05,1,5000,299000.0,low
1769,1180002378,2014-09-26,4,3000,299000.0,low
3567,3751600457,2014-08-13,3,15480,299000.0,low
7396,1328330430,2015-04-08,2,7800,299000.0,low
10829,3158500340,2014-07-11,3,4725,299000.0,low
16320,7418700050,2014-05-28,3,9624,299000.0,low
21238,7299601870,2015-04-27,3,4000,299000.0,low
17843,1005000062,2014-08-01,2,4600,299000.0,low
8456,3343900781,2014-10-27,3,9135,299000.0,low
5225,1074100020,2014-10-07,3,8320,299000.0,low
11069,7454000875,2015-04-06,2,6732,299000.0,low
17229,5540000050,2014-06-12,3,10119,299000.0,low
6837,6806100420,2014-11-19,3,4600,299000.0,low
12092,8835220200,2015-02-02,2,3838,299000.0,low
19037,984200690,2014-06-18,5,9360,299000.0,low
19485,5267000180,2014-08-21,3,9961,299000.0,low
497,7806300030,2014-09-17,3,19635,299000.0,low
20867,8943600360,2015-02-19,3,3582,299000.0,low
13241,1023089096,2014-08-08,3,15843,299000.0,low
6968,7885100005,2014-08-20,4,12000,299000.0,low
3337,104550740,2014-12-01,3,7062,299000.0,low
9173,2921049079,2014-05-14,2,34395,299000.0,low
19648,2114700368,2014-11-18,2,1262,299000.0,low
14777,7300400150,2014-10-27,4,6958,299000.0,low
1553,984220240,2014-11-25,4,7575,299000.0,low
7826,1601600195,2015-03-19,3,6200,299000.0,low
19738,9828201361,2014-11-14,2,1276,299000.0,low
17201,1552800280,2014-09-18,5,11505,298950.0,low
20752,301401620,2014-10-15,3,4000,298900.0,low
1153,7137960030,2015-03-09,3,6162,298900.0,low
9344,3738900035,2014-08-25,2,8189,298800.0,low
4911,9264910920,2014-09-03,3,7350,298700.0,low
16498,236500050,2014-07-28,3,8800,298500.0,low
2725,4250200140,2015-02-19,4,5954,298500.0,low
20552,7683800205,2014-05-19,5,9752,298450.0,low
21185,9542840630,2014-06-02,3,3600,298000.0,low
8839,7569450090,2014-11-21,4,3825,298000.0,low
11066,1823059159,2015-05-06,2,5000,298000.0,low
17006,5152200020,2015-05-04,3,12825,298000.0,low
17986,2798600120,2015-04-22,4,11798,298000.0,low
20294,301401410,2014-07-22,3,4000,298000.0,low
15307,3826000460,2015-03-13,3,8100,297975.0,low
17145,2473100635,2014-05-08,3,10800,297950.0,low
14883,9485760050,2014-08-26,3,5127,297950.0,low
7471,8732020440,2015-04-28,4,8100,297500.0,low
3428,5416510110,2014-06-05,4,5000,297500.0,low
9630,4137020910,2015-05-07,3,9220,297300.0,low
10895,7212680860,2015-02-09,3,8076,297262.0,low
374,8155830060,2014-08-11,3,7562,297000.0,low
201,2222059065,2014-11-12,3,14952,297000.0,low
17384,1453602313,2014-10-29,2,1650,297000.0,low
20605,7338220370,2014-10-06,4,4952,297000.0,low
12480,7212660960,2014-08-14,3,8234,297000.0,low
4536,3421069118,2014-11-20,2,37373,297000.0,low
8189,7138200150,2014-05-18,5,8605,297000.0,low
9445,3523029077,2014-10-07,3,18000,297000.0,low
2054,5104510370,2014-10-14,3,4988,297000.0,low
17215,2966800010,2014-11-20,4,5341,297000.0,low
17790,2329800110,2015-01-28,3,6033,296500.0,low
7481,1310970380,2014-05-19,3,7900,296500.0,low
18852,1781500385,2014-08-06,3,5100,296500.0,low
16990,3276200280,2014-12-19,3,10100,296500.0,low
19392,4142450330,2014-07-07,3,4170,296475.0,low
7612,6679000720,2014-09-24,3,5845,296000.0,low
3312,6638900115,2015-03-31,2,4680,296000.0,low
593,9542830350,2014-09-02,4,3600,296000.0,low
4653,2023049245,2014-08-20,4,9750,296000.0,low
9686,984100340,2014-09-03,3,10742,296000.0,low
2950,7655900038,2015-04-14,2,8400,296000.0,low
8283,1453602284,2014-11-03,2,2040,296000.0,low
14738,2807100156,2014-07-03,2,6200,295950.0,low
10652,7893205525,2014-05-27,5,6400,295832.0,low
1259,2798600240,2014-11-14,4,5805,295700.0,low
20965,3679400484,2014-09-18,3,1332,295500.0,low
13487,7340601063,2014-09-03,3,41550,295500.0,low
16289,8898700680,2014-07-30,3,10523,295500.0,low
4503,9264910900,2014-11-17,4,7350,295500.0,low
2237,2599200160,2014-08-18,3,17120,295450.0,low
13681,7503800210,2015-03-26,4,7209,295000.0,low
5401,2423069120,2014-05-08,2,89298,295000.0,low
14649,9407001320,2014-05-22,4,10640,295000.0,low
5975,7282300095,2014-07-09,2,6500,295000.0,low
18110,1545806960,2015-04-22,3,8100,295000.0,low
6758,6163901381,2014-12-04,3,8320,295000.0,low
17857,8731980040,2014-05-06,3,8000,295000.0,low
6050,8937600080,2015-01-26,3,13350,295000.0,low
6534,8645530010,2015-03-25,3,7384,295000.0,low
19282,984100450,2014-06-24,3,7560,295000.0,low
18839,739980360,2014-11-17,4,4871,295000.0,low
18429,764000180,2015-01-09,3,10800,295000.0,low
14708,3654800040,2015-04-24,3,6932,295000.0,low
7314,8965450190,2015-02-18,3,3060,295000.0,low
12093,2023039045,2014-11-03,2,39639,295000.0,low
14680,5476800201,2014-10-20,3,17321,295000.0,low
6689,3123039136,2014-08-25,3,15246,295000.0,low
16355,2214800170,2015-04-15,3,10350,295000.0,low
21092,7697000020,2014-10-07,3,4898,295000.0,low
18486,7891600165,2014-06-27,1,2500,295000.0,low
14137,8850000180,2015-04-20,4,3000,295000.0,low
7277,6145602125,2014-07-24,3,3386,295000.0,low
332,8078490390,2014-07-29,3,10530,295000.0,low
19991,3057000300,2014-09-30,3,3286,295000.0,low
18719,6381500090,2015-02-20,4,7800,295000.0,low
14257,2551500180,2014-09-05,3,9486,295000.0,low
20559,3438501320,2014-05-02,2,1368,295000.0,low
12335,1324079082,2014-11-17,4,42981,295000.0,low
7498,13002495,2014-07-07,3,7222,295000.0,low
15716,3294700101,2014-09-09,2,6500,295000.0,low
485,8732131090,2015-04-28,4,7725,295000.0,low
15546,123039626,2014-10-22,3,7200,295000.0,low
18965,1761300650,2014-10-06,4,8814,295000.0,low
2930,3702900165,2014-11-04,1,5600,295000.0,low
14736,4032500035,2014-09-13,2,43748,295000.0,low
13000,2720000120,2014-11-04,3,7575,295000.0,low
20637,3448001412,2015-04-30,2,1080,295000.0,low
7061,2546500020,2014-06-18,3,8682,295000.0,low
9160,3295750610,2014-09-04,3,6092,295000.0,low
9350,7212650650,2014-05-08,3,7229,295000.0,low
7369,7823700005,2014-07-07,3,7500,295000.0,low
14952,322059049,2014-10-03,2,288367,295000.0,low
7692,5104510540,2014-11-26,3,4102,295000.0,low
2086,9407150240,2014-10-01,3,7936,295000.0,low
11733,3298700012,2015-03-20,2,4125,295000.0,low
15527,2025701190,2015-05-07,3,6559,295000.0,low
13015,7819000040,2015-03-09,4,7200,295000.0,low
4006,6121000090,2014-06-16,3,8235,295000.0,low
11231,1562100340,2014-08-28,4,7650,295000.0,low
11240,6679000370,2014-05-25,3,4200,295000.0,low
5894,9378500050,2014-10-06,4,8906,295000.0,low
4642,3579700015,2015-02-27,4,11934,295000.0,low
7376,9275200080,2014-11-07,3,7450,295000.0,low
15275,1862910050,2014-07-22,4,8198,295000.0,low
7327,7454001060,2015-04-08,2,7952,295000.0,low
13544,6163901383,2014-09-23,2,10465,295000.0,low
21360,741500010,2015-04-24,3,3405,295000.0,low
6320,8067000020,2014-06-11,5,5107,295000.0,low
15464,8570900328,2014-06-03,2,10621,295000.0,low
14831,1843130360,2015-05-07,3,4867,295000.0,low
5862,1211000280,2015-05-04,2,4500,295000.0,low
17693,2215900900,2015-05-05,3,8564,295000.0,low
14509,1024000109,2014-07-10,2,4459,295000.0,low
14950,7547300050,2014-05-15,3,2500,295000.0,low
10255,6600350140,2015-04-08,4,5754,295000.0,low
19028,9828701295,2014-06-24,2,5400,295000.0,low
17088,5126900321,2014-05-29,4,4539,295000.0,low
7107,9558200080,2014-09-12,3,8125,295000.0,low
3290,8700100100,2014-08-19,4,6663,295000.0,low
15326,5469700020,2015-02-06,4,28650,295000.0,low
16988,8731983340,2015-03-20,3,7800,295000.0,low
14018,8898700880,2015-03-17,2,8000,295000.0,low
15742,2112700280,2014-08-11,3,4000,295000.0,low
13854,1776420150,2014-07-23,4,5720,295000.0,low
17132,4345300050,2014-06-17,4,9760,294999.0,low
3823,3923400123,2014-10-17,4,14321,294950.0,low
14684,5253300173,2014-10-22,3,8950,294950.0,low
15956,2076400050,2014-10-22,4,9600,294950.0,low
10434,7979900806,2015-03-11,2,7868,294950.0,low
5292,6855700080,2014-07-14,3,8840,294950.0,low
10911,7399300510,2015-02-04,3,8100,294900.0,low
21018,3023000120,2014-09-02,3,5025,294900.0,low
5408,4322300010,2014-06-06,3,9600,294700.0,low
21079,3449000010,2015-03-12,3,8400,294570.0,low
20943,1657530180,2014-12-04,3,2688,294500.0,low
15812,2250000010,2014-12-05,4,7341,294450.0,low
11896,1388600070,2014-11-24,4,10183,294400.0,low
13594,7899800120,2014-08-20,3,5120,294350.0,low
5693,2113701100,2014-08-26,3,4057,294010.0,low
6020,2123049142,2014-08-14,4,7800,294000.0,low
4478,2126059048,2015-04-02,3,9427,294000.0,low
2484,7887200390,2014-09-26,3,9520,294000.0,low
3315,726049184,2014-07-21,2,6366,294000.0,low
15575,4137050130,2014-06-12,4,8465,294000.0,low
10945,6450304260,2014-07-22,2,5250,294000.0,low
5256,3574300250,2014-10-29,5,5000,294000.0,low
13432,6187100360,2015-04-27,3,9600,294000.0,low
6839,8857640420,2014-10-01,4,3746,294000.0,low
21156,3278612570,2014-07-24,2,889,294000.0,low
14076,8687800150,2014-11-20,3,11256,294000.0,low
20449,3679400474,2014-11-04,3,1361,294000.0,low
14081,4166600230,2014-11-19,3,15050,294000.0,low
11703,1352300520,2015-01-13,3,4120,294000.0,low
14528,9510900610,2014-10-30,5,7600,294000.0,low
1567,1545804460,2015-04-01,3,9362,294000.0,low
7413,2599200460,2014-08-05,4,12840,294000.0,low
13780,9315300230,2014-08-20,4,8840,293550.0,low
8554,257000038,2014-10-06,4,9706,293550.0,low
13246,4142450040,2015-03-27,3,5024,293500.0,low
19860,9268850160,2015-02-06,4,942,293467.0,low
18802,3621059043,2014-05-27,4,235063,293000.0,low
17477,5006000170,2015-02-11,4,8308,293000.0,low
7957,3793501390,2014-09-15,3,17383,293000.0,low
9191,748000205,2014-07-16,1,5421,293000.0,low
1671,1785500132,2014-11-18,3,7650,293000.0,low
20678,1332700030,2015-03-12,2,1968,293000.0,low
19834,6817750140,2014-07-08,3,3481,293000.0,low
17615,6664900330,2015-02-23,3,7577,293000.0,low
16543,9406590250,2015-02-24,4,5371,293000.0,low
16083,1471701470,2014-07-31,3,13187,293000.0,low
2872,9406450090,2015-04-08,4,6260,293000.0,low
4609,8141300300,2015-02-07,4,4435,293000.0,low
5239,2854800095,2014-07-08,3,7123,292600.0,low
19943,3438502437,2015-02-03,3,1068,292500.0,low
17623,822059059,2015-03-25,2,17743,292500.0,low
13446,3300790540,2015-01-09,3,7320,292500.0,low
11372,8122100392,2014-10-28,2,5026,292500.0,low
56,9478500640,2014-08-19,4,4495,292500.0,low
10220,8947250060,2015-03-26,4,4568,292500.0,low
7535,2310030490,2015-03-23,3,6004,292500.0,low
7217,7137960440,2014-12-23,4,8709,292500.0,low
2143,9510900070,2014-09-23,4,8162,292500.0,low
7389,8669160010,2015-03-25,3,3438,292500.0,low
10016,5476800069,2014-05-27,5,7199,292050.0,low
8271,1703401110,2014-08-07,2,5500,292000.0,low
15818,8699100321,2014-06-11,4,7693,292000.0,low
1400,5003600240,2014-12-04,4,5950,292000.0,low
4134,7129302615,2015-03-04,3,4500,292000.0,low
6225,5127000470,2015-03-05,3,9720,292000.0,low
17913,7460000040,2014-12-15,3,7156,292000.0,low
10849,1446401555,2014-12-08,3,6600,292000.0,low
20490,1453601038,2014-10-02,3,1283,292000.0,low
18125,7812500180,2015-04-13,3,3580,292000.0,low
15629,9335400005,2014-10-10,4,11097,292000.0,low
7453,7809200005,2014-12-16,3,14633,292000.0,low
20517,2781280230,2015-01-28,3,3848,292000.0,low
6780,3303950080,2014-11-03,3,7421,292000.0,low
10477,869700140,2014-08-11,3,2740,292000.0,low
14049,1622059095,2014-06-04,3,11325,292000.0,low
19760,8669150700,2014-12-08,4,4460,292000.0,low
7019,8078570380,2014-06-05,5,7666,292000.0,low
9736,798000421,2015-03-27,3,21183,292000.0,low
12753,7349650120,2014-11-20,4,7712,292000.0,low
12824,739000035,2015-01-16,1,21727,291970.0,low
7,2008000270,2015-01-15,3,9711,291850.0,low
17914,2927600155,2014-07-22,3,12825,291750.0,low
4618,2114700115,2015-04-07,3,4120,291700.0,low
10019,2473420070,2015-04-30,3,7480,291600.0,low
899,8648220270,2015-04-14,3,9600,291500.0,low
4215,6163901751,2014-06-23,3,9238,291500.0,low
9468,5104520620,2014-07-24,4,5000,291500.0,low
12968,9475710040,2014-08-20,4,6233,291375.0,low
18937,1823059223,2014-05-20,3,9788,291000.0,low
7814,985001321,2014-12-17,4,24330,291000.0,low
19705,6749700004,2015-03-30,2,863,291000.0,low
8852,1099760230,2015-01-07,3,7200,291000.0,low
14388,1922059197,2014-09-18,3,13939,291000.0,low
10873,2329800140,2014-12-03,4,6633,291000.0,low
10944,2413300810,2014-09-23,4,7616,291000.0,low
12608,3812400455,2014-11-04,7,8636,291000.0,low
8773,2422059111,2014-06-20,3,60960,291000.0,low
3998,2475901105,2014-07-15,3,10500,291000.0,low
995,7437100570,2014-08-21,4,6325,291000.0,low
470,2172000075,2014-06-23,2,17600,290900.0,low
19697,3904100041,2015-04-24,3,865,290750.0,low
14448,2025700790,2014-08-11,3,6666,290700.0,low
10568,179000240,2015-03-25,4,3000,290500.0,low
20439,2143701015,2014-12-10,4,7686,290500.0,low
2619,1723059050,2014-06-11,2,3874,290300.0,low
5174,9264920250,2014-07-10,3,7885,290256.0,low
513,2827100070,2014-11-05,4,8184,290000.0,low
11072,9432900560,2015-02-12,3,8764,290000.0,low
265,8078560140,2014-05-19,4,7280,290000.0,low
17740,2493200455,2014-10-21,2,4800,290000.0,low
8938,7524200330,2015-03-16,4,7618,290000.0,low
17010,8680300010,2015-03-24,3,6685,290000.0,low
13269,7809200035,2015-01-23,2,12507,290000.0,low
13101,7129302185,2014-12-15,2,5650,290000.0,low
12694,6326000205,2014-08-12,4,7200,290000.0,low
1364,7222000393,2014-07-03,3,11250,290000.0,low
8598,4396000530,2014-06-11,3,15090,290000.0,low
19785,1673000240,2014-11-12,4,7292,290000.0,low
11549,9407600070,2015-03-19,3,6265,290000.0,low
10128,5067400162,2015-02-18,3,18958,290000.0,low
11169,4123800400,2014-09-09,3,6498,290000.0,low
14229,1447600410,2014-10-09,3,32700,290000.0,low
19363,9485920120,2014-08-29,4,52272,290000.0,low
104,6197800045,2014-09-24,3,33919,290000.0,low
19660,306000565,2014-08-25,2,1275,290000.0,low
12927,7968000120,2014-05-09,4,13300,290000.0,low
9970,7840800135,2014-11-19,1,4800,290000.0,low
4557,3546000490,2014-10-07,3,7251,290000.0,low
9973,1310980070,2015-02-24,3,7488,290000.0,low
16117,5101404555,2014-10-06,2,6380,290000.0,low
9868,6892510200,2014-06-02,3,4828,290000.0,low
668,5151600340,2014-07-09,3,15954,290000.0,low
9634,1773101050,2015-02-20,3,4560,290000.0,low
2304,3034200885,2014-12-08,2,9840,290000.0,low
3222,7334602070,2014-08-04,3,10950,290000.0,low
14802,7436200040,2014-11-05,5,9652,290000.0,low
14420,7575610760,2015-05-07,3,7772,290000.0,low
12658,3819500065,2014-10-28,3,7980,290000.0,low
14651,7225000155,2014-06-09,4,4500,290000.0,low
14150,272000620,2014-12-02,2,2728,290000.0,low
14142,9407100720,2014-11-07,3,13200,290000.0,low
16192,7972601680,2015-03-23,3,7620,290000.0,low
12359,8078550320,2015-03-26,3,7346,290000.0,low
15351,8898700440,2014-11-24,2,9375,290000.0,low
4145,7399300850,2014-10-03,3,7482,290000.0,low
4332,1626079066,2014-08-06,2,217800,290000.0,low
15494,4021100095,2015-01-21,4,22043,290000.0,low
18108,8898701340,2014-10-29,3,8175,290000.0,low
9904,2215900800,2014-07-31,3,7414,290000.0,low
11386,985000955,2015-03-12,4,8800,290000.0,low
1435,133000135,2014-11-20,4,18900,290000.0,low
6601,5127100190,2014-05-20,3,10716,290000.0,low
17418,2922703235,2014-11-19,1,5700,290000.0,low
5448,7305300500,2014-12-15,2,8750,290000.0,low
20799,7772850060,2014-11-10,3,3542,290000.0,low
15446,5468730280,2014-10-13,4,5674,290000.0,low
11462,2525310320,2014-10-28,3,13500,290000.0,low
8431,6145600410,2014-07-11,2,3844,290000.0,low
5429,3764800630,2014-08-25,3,8100,290000.0,low
12870,6150200180,2014-07-21,2,6800,290000.0,low
12164,3343902650,2014-12-17,2,18000,290000.0,low
2469,7548300326,2015-02-20,4,4788,290000.0,low
5414,8058500005,2015-02-03,2,5400,290000.0,low
17947,3500100208,2014-11-19,3,8200,290000.0,low
592,2781280390,2015-03-24,3,2937,290000.0,low
12774,984200540,2015-01-14,4,9015,290000.0,low
1447,7399300860,2014-08-25,3,7308,290000.0,low
919,1431700370,2014-05-19,5,7700,290000.0,low
7528,9558200210,2015-02-17,3,9300,290000.0,low
12109,4024101670,2014-12-04,3,9997,290000.0,low
7509,3432501295,2014-06-23,3,8145,290000.0,low
9321,9183701345,2014-11-03,2,7575,290000.0,low
14484,3523069060,2014-11-07,3,63597,290000.0,low
20118,3448000542,2014-08-11,2,1060,290000.0,low
21526,1760650820,2015-04-28,3,3764,290000.0,low
16139,751000020,2014-06-26,2,7740,290000.0,low
17136,5306100255,2014-11-05,3,10336,290000.0,low
20017,1025039168,2014-09-23,1,1284,290000.0,low
20479,7904700146,2014-07-24,2,850,290000.0,low
16735,5648600010,2015-04-26,3,6860,290000.0,low
1168,3523029041,2014-10-09,2,8313,290000.0,low
19044,3541600450,2014-11-04,4,12750,290000.0,low
11868,1231000640,2014-09-11,2,4000,290000.0,low
12320,2206500105,2014-08-18,3,9000,290000.0,low
4026,7334500090,2015-01-20,3,11456,290000.0,low
13560,7237301010,2015-02-18,3,4240,290000.0,low
17548,6885900415,2015-01-07,4,8162,290000.0,low
10474,6806100340,2015-03-04,3,4861,290000.0,low
8914,822059038,2014-07-31,6,11214,290000.0,low
6148,2610100020,2015-04-08,4,7200,290000.0,low
18374,2895550330,2015-05-06,3,6848,290000.0,low
1615,3295750550,2014-11-24,3,6600,290000.0,low
8918,9407001790,2014-08-26,3,10800,290000.0,low
10462,9392200030,2014-09-23,4,10950,290000.0,low
869,3327020400,2015-04-23,5,8240,289999.0,low
19060,7137970210,2015-03-27,3,9285,289999.0,low
13567,4307350450,2014-05-31,3,3480,289950.0,low
3432,9325800110,2014-10-30,2,6000,289950.0,low
16283,2115720130,2014-08-21,3,5013,289950.0,low
11780,6163901352,2014-10-21,3,8280,289950.0,low
5721,1448800010,2014-09-01,3,9370,289950.0,low
20298,8669160460,2015-03-05,3,4275,289950.0,low
19437,5379803386,2014-08-01,4,8400,289950.0,low
14211,4388000120,2015-04-23,4,6906,289950.0,low
4646,2023049206,2014-06-30,3,8584,289950.0,low
15203,8001600130,2015-05-01,3,9450,289950.0,low
11103,7137950350,2015-01-22,4,5050,289950.0,low
720,3793500550,2014-08-08,3,6186,289950.0,low
16595,806800420,2014-10-23,3,6145,289950.0,low
6181,2787310130,2014-12-12,4,7416,289950.0,low
6226,1330250010,2014-06-04,3,7757,289950.0,low
13497,1657530450,2014-12-22,3,1436,289950.0,low
8653,7657600025,2015-02-19,3,7068,289900.0,low
11877,2473101360,2014-07-11,3,7004,289900.0,low
8879,1622049154,2014-12-15,3,11325,289900.0,low
10113,2287400030,2014-06-26,4,7200,289659.0,low
10753,7230200310,2015-04-09,3,25160,289571.0,low
625,7812800565,2014-08-14,3,6400,289500.0,low
4326,2111010940,2015-02-20,3,3400,289500.0,low
12021,3226049267,2015-04-25,3,5525,289500.0,low
9777,4047200135,2014-08-11,3,24046,289275.0,low
6119,1559900080,2014-11-21,3,7023,289200.0,low
5521,9406550050,2015-03-30,3,8628,289000.0,low
14845,3421049044,2015-04-09,2,52333,289000.0,low
19332,4178500150,2014-09-22,3,6600,289000.0,low
13772,2113200065,2014-10-27,2,7740,289000.0,low
14027,3874010220,2014-06-24,3,9607,289000.0,low
15142,3546000630,2014-08-26,3,8304,289000.0,low
12176,6699000710,2014-05-20,3,4700,289000.0,low
20580,3057000070,2014-10-27,2,2158,289000.0,low
14717,6121800065,2014-11-04,3,9750,289000.0,low
17950,2475200930,2014-07-22,3,3449,289000.0,low
3302,8805400090,2014-05-13,3,7315,289000.0,low
6322,5112800233,2014-09-09,3,22486,289000.0,low
11846,2473370890,2014-09-15,4,8925,289000.0,low
9222,2140900100,2015-02-03,4,3207,289000.0,low
7086,2571910380,2014-06-05,3,8424,289000.0,low
61,9558200045,2014-08-28,3,8400,289000.0,low
999,8001400340,2014-09-24,3,9550,289000.0,low
15000,7454000585,2015-04-27,2,6300,289000.0,low
11353,7950302121,2014-07-16,2,1309,289000.0,low
14056,9238901020,2014-09-16,2,4132,289000.0,low
19900,9268850140,2014-11-17,4,745,288790.0,low
21411,9268850180,2014-07-18,3,1237,288790.0,low
21236,9268850130,2014-06-27,4,942,288790.0,low
3154,8944750850,2014-05-21,3,3230,288400.0,low
926,5412200270,2014-05-20,4,6687,288400.0,low
2276,8125200483,2014-06-09,3,7963,288350.0,low
932,6151800624,2015-04-08,3,18616,288349.0,low
7617,1823059106,2015-04-28,3,15400,288250.0,low
3467,1453602309,2014-08-05,0,1650,288000.0,low
16307,4142450480,2014-07-03,3,3593,288000.0,low
21429,1139000062,2014-06-25,3,887,288000.0,low
15079,2100200020,2014-12-09,5,4807,288000.0,low
5525,9407000840,2014-07-31,3,10440,288000.0,low
8382,4399200100,2015-04-28,3,9706,288000.0,low
520,1432400335,2015-03-25,3,7560,288000.0,low
12601,2377000040,2014-12-18,3,40500,288000.0,low
5275,7760400480,2015-05-13,3,9253,288000.0,low
16970,5466700290,2015-01-08,3,7500,288000.0,low
21056,9542840730,2014-09-11,4,3560,288000.0,low
10657,8899000310,2015-03-17,3,7313,288000.0,low
851,2322069114,2014-10-10,3,16050,287653.0,low
17452,2744000010,2014-05-13,3,8251,287600.0,low
2270,7471900045,2015-04-21,3,7147,287500.0,low
16208,2557000380,2014-06-18,4,9000,287500.0,low
823,726049190,2014-10-02,3,7200,287500.0,low
18522,2722049218,2014-10-27,4,12000,287500.0,low
17799,2214800730,2014-09-05,4,6944,287500.0,low
19052,7907600100,2015-04-21,4,9147,287500.0,low
8065,2115510330,2015-02-02,3,8690,287500.0,low
12461,182000350,2015-03-25,5,67953,287500.0,low
20720,7211400576,2015-02-11,3,2500,287450.0,low
13108,2025700730,2014-05-02,3,19966,287200.0,low
7177,9542800050,2014-12-11,2,7500,287000.0,low
8572,6082400191,2014-06-19,3,11374,287000.0,low
4739,8091410930,2015-03-23,3,10341,287000.0,low
19997,7299601790,2014-11-07,3,6315,287000.0,low
17937,5018200110,2014-09-22,4,11997,287000.0,low
8786,3298700302,2014-12-12,2,4346,287000.0,low
8129,2420069278,2015-03-19,3,8722,287000.0,low
12732,3241600150,2014-05-05,3,6000,287000.0,low
15359,2413300980,2014-12-17,3,7200,287000.0,low
6205,6341000221,2015-04-23,4,8190,287000.0,low
20928,53500760,2014-12-08,4,4082,287000.0,low
10746,7972602435,2015-03-18,2,6350,287000.0,low
6166,2130410050,2014-05-13,3,9600,287000.0,low
12738,7149400450,2015-01-12,4,7081,287000.0,low
8883,9117000230,2015-04-09,3,9000,287000.0,low
9486,7436600090,2015-01-02,4,10050,287000.0,low
18537,322059161,2014-10-01,3,26862,287000.0,low
67,3717000160,2014-10-09,4,4648,287000.0,low
6185,4058801310,2014-10-09,2,6900,287000.0,low
6339,6843000080,2014-07-09,5,9230,287000.0,low
1021,2025700860,2015-04-14,3,6000,287000.0,low
5840,7334501440,2014-10-21,3,11475,287000.0,low
14455,1061500360,2014-10-16,5,11772,287000.0,low
20932,1760650210,2014-12-01,4,4052,286950.0,low
3783,3329510850,2015-03-06,4,9846,286950.0,low
5711,3222069153,2014-10-24,3,17235,286900.0,low
20539,8943600720,2014-06-17,3,3600,286800.0,low
2416,7849201600,2014-07-24,3,6600,286700.0,low
6844,6181400920,2015-04-30,3,4997,286651.0,low
11580,3260701160,2015-04-07,3,8140,286500.0,low
20749,2827100075,2014-07-27,2,1036,286308.0,low
3621,1151100165,2014-07-16,2,31838,286300.0,low
11960,393000311,2015-02-25,3,6405,286300.0,low
6445,7349400420,2014-11-05,4,9714,286285.0,low
6448,3356404198,2015-01-29,4,16000,286000.0,low
17368,9542801410,2015-01-14,4,8400,286000.0,low
7317,6607000095,2015-02-18,4,5750,286000.0,low
6713,1545802850,2014-09-11,4,7930,286000.0,low
15861,7789000235,2015-04-09,3,8400,286000.0,low
14019,4318200360,2014-07-30,2,6543,286000.0,low
14173,2517010230,2015-02-26,3,3980,286000.0,low
6750,8572900275,2014-06-25,2,3475,286000.0,low
17186,7569450480,2015-03-17,3,4226,286000.0,low
5682,2115720500,2014-10-23,3,5000,286000.0,low
3706,1773100121,2014-06-23,3,750,286000.0,low
5994,7625703637,2014-08-28,2,4000,286000.0,low
21023,3448001411,2015-02-20,2,825,286000.0,low
8657,798000062,2014-08-01,3,9000,286000.0,low
12894,7454001120,2014-12-12,2,7120,285950.0,low
8171,795000405,2015-04-13,2,6000,285950.0,low
5201,8857600680,2015-03-13,5,7725,285900.0,low
2692,7616800350,2015-04-12,3,17126,285750.0,low
8089,3500100209,2014-08-04,3,8199,285650.0,low
18028,8731901910,2014-06-16,4,7950,285500.0,low
1110,4137010260,2014-08-25,3,8375,285167.0,low
1673,7697920060,2014-06-30,4,8734,285000.0,low
22,7137970340,2014-07-03,5,6300,285000.0,low
8267,8687800100,2014-07-13,3,13104,285000.0,low
7097,9141100005,2014-10-28,4,10505,285000.0,low
16234,3395041206,2014-09-25,3,2516,285000.0,low
7864,3630060040,2014-09-11,2,3088,285000.0,low
12077,5417600200,2014-07-28,3,7200,285000.0,low
7974,3797310150,2015-02-18,4,9229,285000.0,low
14683,9353300220,2015-04-08,3,10723,285000.0,low
11177,7338401230,2014-08-28,3,5000,285000.0,low
14383,7211401485,2014-06-06,2,5000,285000.0,low
4881,2115510470,2014-12-23,4,10400,285000.0,low
4854,5702380500,2014-09-08,3,7006,285000.0,low
4614,9407150100,2014-06-25,3,6377,285000.0,low
8587,2517000790,2014-06-11,3,4060,285000.0,low
17542,1180002745,2014-05-21,3,6000,285000.0,low
17870,7340600735,2014-06-03,3,18296,285000.0,low
3037,2144800215,2014-05-19,4,13629,285000.0,low
2505,1005000036,2014-06-13,3,8601,285000.0,low
1608,9368700341,2014-08-22,3,6900,285000.0,low
5519,1787600094,2014-11-06,3,7875,285000.0,low
8300,7575600100,2014-05-02,3,10834,285000.0,low
5372,3058600050,2014-09-19,2,5850,285000.0,low
18336,6648700150,2015-02-25,4,8151,285000.0,low
3096,7452500315,2014-12-20,2,4895,285000.0,low
7299,225039145,2014-06-19,3,4731,285000.0,low
4515,723049333,2015-04-05,3,10367,285000.0,low
1302,2329800240,2015-02-18,4,7194,285000.0,low
4217,7349650490,2015-05-07,3,7500,285000.0,low
4832,2591010290,2014-05-19,1,3211,285000.0,low
20717,9352900200,2015-04-07,3,955,285000.0,low
18275,2781600195,2014-11-17,1,54846,285000.0,low
19836,8669180390,2014-06-04,3,5136,285000.0,low
8935,5652601035,2015-01-15,3,6423,285000.0,low
3181,2329810590,2014-08-06,3,9874,285000.0,low
9999,8594400060,2014-06-09,3,35127,285000.0,low
19038,5468770180,2014-06-23,3,6263,285000.0,low
15065,2112700920,2014-10-14,3,4000,285000.0,low
838,6777800160,2014-07-28,4,7440,285000.0,low
17299,1453600182,2014-05-28,2,6240,285000.0,low
8119,1923039089,2014-06-10,2,18200,285000.0,low
266,3438500192,2014-09-29,3,10701,285000.0,low
5019,5151600170,2014-10-16,3,12231,285000.0,low
7615,1773100123,2014-10-02,3,1307,285000.0,low
5330,114100314,2015-03-18,3,7117,285000.0,low
9395,821049191,2014-09-16,3,12196,285000.0,low
13839,4202400395,2015-03-16,3,6533,285000.0,low
1098,9158100116,2015-04-06,2,1380,285000.0,low
4425,2222059064,2015-03-18,4,22072,285000.0,low
1102,3278604400,2014-06-02,2,1073,285000.0,low
7665,854000165,2015-01-07,3,7582,285000.0,low
13384,2787000040,2014-10-03,3,42070,285000.0,low
8105,730000085,2014-08-01,2,2446,285000.0,low
18466,3995700245,2014-06-27,2,8155,285000.0,low
4814,1571100130,2014-09-04,3,4268,285000.0,low
18584,2112701165,2015-04-08,4,3600,285000.0,low
10130,5416500260,2014-09-08,3,3629,285000.0,low
8436,326049111,2014-06-26,2,7200,285000.0,low
9055,1105000229,2014-09-19,5,5260,285000.0,low
3168,7129304105,2014-07-29,4,5500,285000.0,low
19040,2968801605,2014-09-02,4,6720,285000.0,low
13013,5550300175,2014-12-06,2,6400,285000.0,low
15925,9460000010,2014-12-03,3,6500,285000.0,low
1785,8732130140,2014-12-22,4,8250,285000.0,low
14760,5412200180,2015-02-28,3,6214,285000.0,low
5955,2473400290,2015-01-26,4,8190,285000.0,low
16122,2968800660,2014-05-13,3,8640,285000.0,low
8805,1687000220,2014-10-16,4,4400,285000.0,low
14881,1311600020,2014-08-21,4,7350,285000.0,low
10398,2616700520,2015-03-18,3,9736,285000.0,low
8493,3832070040,2015-04-16,4,4547,285000.0,low
10473,1682500240,2015-02-25,4,7200,285000.0,low
11317,1560100135,2015-02-24,2,7250,285000.0,low
18018,7520000330,2014-08-13,3,7460,285000.0,low
10653,9320700400,2014-10-31,3,9514,285000.0,low
10305,9264900350,2015-04-24,3,9040,285000.0,low
15143,7888400500,2015-05-08,5,8050,285000.0,low
12362,8862000075,2015-02-20,2,6555,285000.0,low
6814,507100005,2015-03-10,4,6865,285000.0,low
5956,3328500250,2014-05-02,4,9397,285000.0,low
1571,934300140,2015-03-23,4,6778,284950.0,low
1650,9353300140,2014-06-18,3,10723,284950.0,low
6586,1445200190,2015-04-24,2,982,284900.0,low
9134,4222300040,2014-12-16,3,8256,284850.0,low
3786,723049156,2014-11-12,3,8645,284700.0,low
9805,1123049129,2015-02-24,3,6632,284200.0,low
1943,8159620160,2015-04-24,3,9292,284200.0,low
21014,7697000150,2014-10-02,3,4083,284000.0,low
20617,3832080070,2014-06-16,3,6008,284000.0,low
13874,3705000120,2014-07-29,3,2050,284000.0,low
170,4330600435,2015-03-16,3,21000,284000.0,low
1299,8648220260,2015-03-24,3,9600,284000.0,low
7106,5379800446,2015-02-26,3,9375,284000.0,low
17480,1525079056,2014-05-02,3,23103,284000.0,low
8074,7968460230,2015-03-05,3,35100,284000.0,low
2243,6620400631,2014-07-09,4,8800,284000.0,low
14061,2822100175,2014-08-27,3,4850,284000.0,low
4465,7137960110,2015-03-06,4,7145,284000.0,low
8933,2508800220,2015-03-25,4,6360,284000.0,low
6921,6437400101,2014-11-13,2,7204,284000.0,low
6490,1843130980,2014-05-06,4,5390,284000.0,low
16953,2223059099,2014-07-09,3,10018,284000.0,low
12878,9310300211,2014-11-14,3,8214,284000.0,low
6433,2310000430,2015-05-07,3,7034,284000.0,low
15083,9211520020,2014-08-22,3,9560,283748.0,low
17868,2131700900,2014-08-13,1,10900,283700.0,low
1408,5089700260,2014-08-12,4,8050,283500.0,low
19115,2560805440,2015-01-29,3,5375,283500.0,low
15238,7457400250,2015-01-06,4,5577,283500.0,low
18602,1386800054,2014-12-01,5,6116,283450.0,low
9599,7970800100,2014-05-27,4,6406,283200.0,low
3104,5151600195,2015-05-04,4,12540,283200.0,low
1018,1623049214,2014-09-26,4,47045,283000.0,low
986,2571910160,2014-10-01,4,8560,283000.0,low
16651,3826500170,2014-11-11,3,8800,283000.0,low
11529,3342100685,2014-06-25,3,8400,283000.0,low
10965,3626039250,2015-04-28,2,6350,283000.0,low
2328,2320069083,2014-11-25,3,15068,283000.0,low
2731,795000885,2014-10-01,3,5247,283000.0,low
16592,2113700005,2015-04-17,3,7600,283000.0,low
14630,123039207,2014-12-09,4,8160,283000.0,low
152,537000445,2015-03-31,3,8200,282950.0,low
20680,301400240,2014-09-22,4,3500,282900.0,low
9526,396100110,2014-05-16,2,6017,282613.0,low
6040,1922059027,2015-01-23,4,32234,282510.0,low
12789,3024089057,2015-01-06,4,34925,282500.0,low
14087,3841600220,2014-07-15,2,11210,282500.0,low
15877,268500020,2014-11-06,4,9750,282500.0,low
4004,4178500100,2014-07-23,3,7150,282500.0,low
17926,6150700180,2014-09-22,2,5940,282150.0,low
19797,3832050890,2014-07-15,3,5399,282000.0,low
3296,104550690,2014-07-25,4,7330,282000.0,low
11431,8662500350,2014-06-20,4,6302,282000.0,low
4122,1787600252,2015-05-05,2,6098,282000.0,low
2844,8651443480,2015-01-28,3,5200,282000.0,low
19603,3124089060,2015-04-24,3,13503,282000.0,low
12524,2025701530,2014-08-26,3,6000,282000.0,low
2381,8946750140,2015-04-30,3,3600,282000.0,low
19730,2424039036,2014-08-22,3,915,282000.0,low
840,2843200070,2014-12-15,4,10725,282000.0,low
19754,731500320,2014-11-10,4,2552,282000.0,low
1358,5589300370,2015-04-01,4,11111,282000.0,low
14694,4324210120,2014-05-27,3,15711,282000.0,low
10967,8731901610,2014-09-17,3,7548,282000.0,low
17424,3388000080,2015-04-22,3,8316,281700.0,low
7089,7889601870,2015-04-07,3,7500,281500.0,low
8864,7212660900,2014-07-23,3,7601,281000.0,low
1693,8835200800,2015-04-08,2,2600,281000.0,low
3674,8732800090,2015-04-24,3,8737,281000.0,low
12723,2988800065,2014-12-02,2,12500,281000.0,low
11429,9324320030,2015-03-17,3,9826,281000.0,low
8596,8822901301,2014-09-08,3,974,281000.0,low
4333,6200017,2014-11-12,3,21336,281000.0,low
10803,7849200861,2014-07-14,3,5782,281000.0,low
15398,8946750170,2015-04-21,4,3600,281000.0,low
2149,3294700030,2014-05-09,3,8700,280950.0,low
9525,1310960220,2014-06-26,4,7350,280927.0,low
6956,1402900380,2014-07-03,4,6962,280500.0,low
5558,9264910280,2015-04-22,4,7754,280500.0,low
15741,5129000006,2015-04-19,3,4541,280500.0,low
11903,4438000075,2015-03-18,3,6988,280500.0,low
16820,2008000420,2014-10-27,3,10179,280500.0,low
10693,2310010270,2015-02-18,3,7566,280500.0,low
8081,7205500120,2015-04-23,4,7210,280400.0,low
1009,4310700570,2014-12-10,2,5000,280300.0,low
7170,9432900380,2014-10-23,3,8770,280017.0,low
2249,2976800550,2015-04-14,3,7200,280005.0,low
17628,8000200090,2015-04-27,3,10022,280000.0,low
6241,952004725,2014-11-06,2,5750,280000.0,low
2001,8700120520,2015-01-27,3,6000,280000.0,low
8746,3831200210,2014-09-10,3,7200,280000.0,low
504,8906200070,2015-02-10,3,11610,280000.0,low
18654,2114700384,2015-04-27,3,2217,280000.0,low
13680,8092700220,2015-04-11,5,20750,280000.0,low
13962,5111400081,2014-06-03,3,27200,280000.0,low
7189,8648210050,2015-04-03,3,8165,280000.0,low
370,6838700060,2014-12-04,3,7222,280000.0,low
541,2270000070,2014-10-30,4,4350,280000.0,low
16858,7212651440,2015-04-28,3,8426,280000.0,low
18284,3235100110,2014-12-02,3,7913,280000.0,low
6257,7931000066,2014-12-24,2,30144,280000.0,low
9828,2550820060,2015-04-28,3,10001,280000.0,low
16342,2895550280,2014-05-07,3,4271,280000.0,low
2839,5153200356,2015-05-12,4,16000,280000.0,low
17261,5300200050,2014-07-29,4,10160,280000.0,low
10575,1223089050,2014-05-06,3,11800,280000.0,low
1402,3298700125,2014-09-05,2,4662,280000.0,low
16065,8018600655,2015-03-26,4,9606,280000.0,low
18871,3221069057,2014-11-05,3,22652,280000.0,low
15826,3277801448,2015-03-12,3,889,280000.0,low
3087,7334501240,2014-05-19,3,9675,280000.0,low
5832,5702500050,2014-11-04,1,24501,280000.0,low
14202,8016200530,2014-07-18,3,7000,280000.0,low
2162,5422420140,2014-06-11,3,6607,280000.0,low
13838,8732130730,2014-11-20,3,8240,280000.0,low
18804,3331000220,2014-08-14,4,6386,280000.0,low
12442,2291400342,2014-10-22,3,1141,280000.0,low
6945,1151100010,2014-05-15,3,20562,280000.0,low
6857,9407110680,2014-10-08,3,11400,280000.0,low
6932,7452500285,2014-08-11,2,5000,280000.0,low
18164,5075400035,2014-06-27,1,1950,280000.0,low
5474,3293700221,2014-10-21,3,7660,280000.0,low
676,7846700310,2014-06-23,2,3000,280000.0,low
3570,9460000110,2014-09-24,3,6500,280000.0,low
4550,7165700110,2015-05-07,3,1080,280000.0,low
20507,7299600530,2015-03-17,3,4818,280000.0,low
2397,2413300240,2014-11-10,4,7350,280000.0,low
4645,7236100025,2015-05-04,3,8400,280000.0,low
215,257000138,2015-01-15,2,16400,280000.0,low
10119,1657530350,2014-05-19,3,1916,280000.0,low
6379,9169600275,2014-07-23,2,37500,280000.0,low
19279,1432700880,2015-04-09,2,12861,280000.0,low
9883,8887001600,2015-04-12,2,45528,280000.0,low
12324,7387500335,2014-12-19,3,7480,280000.0,low
3616,4310702775,2015-02-03,2,1196,280000.0,low
7812,8732130580,2015-04-30,3,8625,280000.0,low
2791,5347200060,2014-09-09,2,4800,280000.0,low
12304,8651443420,2014-10-17,4,5440,280000.0,low
2418,2221000070,2015-03-27,3,7280,280000.0,low
3414,9183702251,2014-12-11,3,9322,280000.0,low
16725,795002375,2014-05-27,3,6250,280000.0,low
8878,3750607974,2014-05-09,4,14439,280000.0,low
8882,8856960720,2014-08-08,3,9210,280000.0,low
4079,1214700090,2014-08-19,3,11342,280000.0,low
14315,1423900580,2014-06-25,3,8250,280000.0,low
12623,7192200040,2014-10-01,4,6288,280000.0,low
9968,2923049468,2014-09-12,3,10454,280000.0,low
15860,9407150250,2014-09-24,3,7936,280000.0,low
14939,293600080,2014-06-17,4,7207,280000.0,low
1474,2413301070,2015-03-24,4,8075,280000.0,low
17157,1446400715,2015-04-22,2,6600,280000.0,low
13341,2457200040,2015-05-06,3,7630,280000.0,low
5036,3300790670,2014-06-20,3,8089,280000.0,low
17126,5379806590,2015-04-30,3,8861,280000.0,low
18710,7205510230,2015-03-06,3,7210,280000.0,low
2496,1000102,2014-09-16,6,9373,280000.0,low
14371,1326049170,2014-09-24,3,9605,280000.0,low
18513,7657000210,2014-08-18,3,7410,280000.0,low
9506,8103000110,2014-06-03,2,15641,280000.0,low
6491,9262800255,2014-08-19,2,52769,280000.0,low
31,2426039314,2014-12-01,2,1265,280000.0,low
2106,7893203450,2015-03-23,3,13975,280000.0,low
14466,7549801385,2014-06-12,1,6720,280000.0,low
3038,9268200658,2014-06-04,2,4920,280000.0,low
4097,1898310110,2014-12-02,3,8697,280000.0,low
19675,2309710070,2015-01-14,3,5639,280000.0,low
9650,8835200790,2015-04-06,2,4025,280000.0,low
18987,7896300150,2014-09-29,3,6034,280000.0,low
12866,8647800040,2015-03-25,3,6700,280000.0,low
11178,7212660520,2015-03-26,4,6861,280000.0,low
864,4137050060,2014-11-04,4,7416,280000.0,low
13568,2460700650,2014-10-10,3,6603,280000.0,low
11001,6402710070,2015-04-21,3,7918,280000.0,low
7332,4310700020,2014-10-10,3,5132,280000.0,low
7943,1061400360,2014-07-01,3,10710,280000.0,low
17232,3024089049,2014-06-09,2,158558,280000.0,low
14079,5702380770,2015-04-28,4,7916,280000.0,low
5490,1443500725,2015-04-23,3,7553,280000.0,low
11044,9407001620,2014-08-12,3,22326,280000.0,low
6492,8656800190,2014-10-02,3,87991,280000.0,low
16313,2887950020,2014-06-25,7,5458,280000.0,low
13328,3832060120,2015-03-16,4,5893,280000.0,low
3862,7968460110,2014-06-19,3,42399,280000.0,low
13261,3438500981,2015-03-28,2,13170,280000.0,low
6536,9407101900,2014-07-17,3,11050,280000.0,low
16306,2895550050,2015-05-07,3,4486,280000.0,low
6567,5113260430,2015-03-04,3,7633,280000.0,low
20243,6792200066,2014-07-25,4,7460,280000.0,low
4750,6817801030,2015-04-22,3,10881,280000.0,low
12060,7334600030,2014-10-14,3,9600,280000.0,low
9689,1995200320,2015-02-10,3,5739,280000.0,low
980,8899200570,2015-03-11,3,7800,280000.0,low
10964,1460900030,2014-09-26,4,4596,280000.0,low
20946,6601200040,2014-09-19,4,5677,280000.0,low
12981,3920000040,2014-10-10,5,7919,280000.0,low
14317,4364700730,2014-05-30,2,7560,280000.0,low
18345,2722049246,2014-11-14,3,13249,280000.0,low
15968,2310000440,2014-10-27,3,7202,279950.0,low
21182,7299600950,2015-04-08,3,4800,279950.0,low
19460,2473420100,2015-03-04,3,7480,279950.0,low
1322,7772400160,2014-10-24,3,11234,279950.0,low
7926,984210850,2015-02-17,3,8303,279950.0,low
6432,492000532,2015-02-22,4,8700,279950.0,low
9196,1761300100,2014-06-18,5,7171,279950.0,low
221,7138000260,2014-06-05,3,9750,279950.0,low
5175,2473101190,2015-04-27,3,8800,279950.0,low
19228,3600600065,2014-08-20,3,7200,279950.0,low
18096,7349400100,2014-10-09,3,7267,279950.0,low
15157,6669020290,2015-03-04,3,9775,279950.0,low
19605,7893802670,2015-04-24,3,5000,279900.0,low
7293,4178500440,2015-01-28,3,6600,279900.0,low
14003,3210200395,2014-08-22,3,12928,279900.0,low
2616,3210400340,2014-05-06,3,8151,279900.0,low
7354,1395500020,2014-11-07,3,10800,279900.0,low
10953,2130701535,2015-02-04,2,10000,279900.0,low
12113,3861500340,2014-06-26,3,6620,279900.0,low
11464,1796700160,2015-03-24,4,4338,279900.0,low
21129,2895800780,2015-04-01,3,2052,279800.0,low
21295,4051150080,2014-11-17,4,4338,279500.0,low
13188,723049448,2014-07-22,3,8040,279500.0,low
19092,2624089040,2015-02-17,2,10600,279475.0,low
1378,9232400055,2014-09-17,1,6350,279200.0,low
14162,1843130530,2014-11-25,3,5650,279000.0,low
5007,7454000605,2014-07-10,2,6300,279000.0,low
2102,3279000370,2015-02-02,3,7350,279000.0,low
6406,7272000980,2015-02-26,3,9623,279000.0,low
8871,8645500900,2014-06-20,4,7700,279000.0,low
20359,7299600920,2014-12-09,4,4800,279000.0,low
331,2946001550,2015-04-16,6,11180,279000.0,low
1790,984220370,2015-03-26,4,8941,279000.0,low
3435,6399600115,2014-10-15,3,16738,279000.0,low
14562,1430800191,2015-02-13,3,6060,279000.0,low
5288,9282801950,2014-08-18,4,6000,279000.0,low
8099,2592300450,2014-06-27,3,7950,279000.0,low
6676,2473100010,2014-07-22,4,7569,279000.0,low
5332,2946002140,2014-08-12,3,16000,279000.0,low
7931,1839500065,2014-08-05,3,9450,279000.0,low
3976,9542830600,2014-11-21,3,4106,279000.0,low
11312,3235100075,2015-05-03,3,7903,279000.0,low
19318,6142100090,2014-07-18,4,13000,279000.0,low
8603,7950700120,2014-12-17,4,10051,279000.0,low
10242,4426600125,2014-11-18,3,8055,279000.0,low
3022,3751604169,2015-02-24,2,10534,279000.0,low
9470,3260700360,2014-09-19,3,7280,279000.0,low
15423,6679001060,2014-12-18,3,7388,279000.0,low
16727,6802200280,2014-11-10,3,11618,279000.0,low
13232,8078570410,2015-03-26,3,7779,279000.0,low
16559,2124089028,2014-07-14,3,39160,279000.0,low
5350,7883603190,2014-07-22,3,5750,279000.0,low
15937,4222700130,2015-03-04,3,7800,279000.0,low
19995,1123049232,2014-06-06,5,5557,279000.0,low
19182,8078550610,2015-01-20,4,8475,279000.0,low
17268,8025700460,2015-05-08,4,7275,279000.0,low
18934,7760400900,2014-09-16,4,8076,279000.0,low
13575,2762600035,2014-09-09,3,15975,279000.0,low
9995,322059264,2014-09-26,2,47044,279000.0,low
7884,8856500120,2015-02-10,4,7797,278800.0,low
11802,6145601819,2014-09-12,2,5765,278750.0,low
5217,9321010130,2015-03-12,3,8980,278500.0,low
2733,4406000560,2015-02-20,4,8400,278500.0,low
6442,104560010,2014-06-10,4,6206,278500.0,low
407,8078520310,2015-04-17,3,5250,278500.0,low
15438,5104530680,2015-01-16,4,4639,278226.0,low
8019,9542801120,2015-03-27,4,8520,278100.0,low
4913,2123049420,2015-04-22,3,9994,278000.0,low
4953,7228500094,2014-12-12,4,6324,278000.0,low
12664,6600490220,2014-10-14,4,3777,278000.0,low
2675,8700120270,2014-12-10,4,6037,278000.0,low
11286,8598200070,2014-12-08,2,2229,278000.0,low
16063,6664900470,2014-11-07,4,6887,278000.0,low
10676,7334401000,2015-04-14,3,9440,278000.0,low
8046,6928600330,2014-08-20,5,9752,278000.0,low
5837,7760400470,2015-04-14,3,7789,278000.0,low
17871,2923049393,2014-08-13,4,7738,278000.0,low
19477,110000040,2015-03-17,5,8712,278000.0,low
20254,1332700020,2015-01-16,2,1968,278000.0,low
10598,2459500070,2014-12-22,3,9425,278000.0,low
2362,1218000030,2014-08-27,3,7632,278000.0,low
19456,2108500110,2015-04-15,3,9804,278000.0,low
16796,5530000050,2014-10-27,3,9088,278000.0,low
21095,1389600080,2014-07-10,4,6000,277950.0,low
3571,7888780090,2014-11-21,3,6021,277950.0,low
11425,8857100060,2014-11-10,2,1055,277700.0,low
16223,2171400199,2014-09-04,5,13000,277554.0,low
3525,2426039313,2015-02-18,2,1236,277500.0,low
16753,7796450190,2015-02-02,3,5171,277500.0,low
4124,2180001080,2014-08-19,3,22100,277500.0,low
19476,2122059014,2015-04-09,4,12048,277500.0,low
15797,8731981640,2014-12-04,4,7500,277500.0,low
3554,6385900090,2014-11-03,4,7184,277500.0,low
13965,8141310180,2014-11-18,3,4558,277500.0,low
6117,321049127,2014-10-28,3,19602,277500.0,low
3736,9297301015,2015-04-08,3,4800,277284.0,low
21101,7242800020,2014-08-15,3,785,277140.0,low
6292,1941400080,2014-10-20,3,11920,277000.0,low
7204,3432501315,2014-08-27,3,8144,277000.0,low
6756,7300400670,2014-07-29,4,5880,277000.0,low
1198,3996900160,2014-07-08,2,8149,277000.0,low
9576,223049087,2014-06-16,3,8536,277000.0,low
14629,7211400760,2014-05-28,4,6250,277000.0,low
6206,7231501665,2015-04-03,4,5750,277000.0,low
16872,3797310010,2014-08-27,3,9612,277000.0,low
7446,4303200130,2015-02-10,4,5160,277000.0,low
15705,1545801410,2015-01-28,3,7320,276900.0,low
2005,7795400046,2014-06-11,2,10096,276900.0,low
1251,3449500135,2014-06-25,3,7566,276900.0,low
14433,4178501020,2015-01-05,3,12482,276750.0,low
16272,4025300285,2014-10-29,4,8875,276693.0,low
5704,1446800660,2015-03-16,4,6650,276500.0,low
18305,422069067,2015-05-12,4,128937,276500.0,low
10375,104510340,2014-09-25,3,7210,276200.0,low
10201,3530440140,2015-05-05,2,4495,276200.0,low
6878,2112700895,2015-03-26,2,4000,276000.0,low
15381,2856101479,2014-07-01,1,1801,276000.0,low
2933,3750603732,2015-01-28,3,9200,276000.0,low
15946,7696630170,2014-06-05,4,7242,276000.0,low
4031,2946000590,2014-12-23,3,8750,276000.0,low
3973,4399200245,2014-06-25,4,11250,276000.0,low
13409,3861500330,2015-04-30,3,8137,276000.0,low
15336,7414200010,2014-12-18,3,8040,276000.0,low
3443,7849200315,2015-02-05,2,7200,276000.0,low
2211,3438500339,2014-05-26,3,5000,276000.0,low
19138,9834201215,2014-10-09,2,2676,276000.0,low
7771,3904100220,2014-12-09,2,6075,276000.0,low
11190,8648100030,2014-11-13,3,8928,276000.0,low
2549,1687000240,2014-12-10,3,4400,276000.0,low
11378,1502400140,2015-04-29,3,8400,275900.0,low
19590,7211400535,2015-03-23,4,5000,275500.0,low
7420,626049091,2014-06-27,2,11400,275500.0,low
7186,8805400010,2015-02-26,3,7246,275500.0,low
2942,3512100110,2014-09-02,4,9658,275436.0,low
19126,3500100047,2014-10-08,2,8180,275400.0,low
17694,2025700740,2014-07-02,3,7199,275250.0,low
5588,411100005,2014-09-22,2,6504,275053.0,low
2019,1823049171,2014-12-18,5,9000,275000.0,low
17172,9238450430,2014-06-24,3,9798,275000.0,low
1064,7283900012,2014-10-21,3,9000,275000.0,low
1942,3826500570,2014-08-29,3,8000,275000.0,low
9549,2919201385,2014-11-13,2,4190,275000.0,low
15603,104550660,2014-07-28,3,6821,275000.0,low
9930,2473100510,2014-09-23,3,9125,275000.0,low
10090,2621420060,2014-07-28,4,5742,275000.0,low
9926,1026049036,2014-09-10,2,10404,275000.0,low
14951,7985400089,2014-05-15,4,1562,275000.0,low
12939,5379800040,2014-08-13,2,11317,275000.0,low
9257,3995700325,2014-06-04,2,8149,275000.0,low
9589,886000015,2014-12-10,2,9041,275000.0,low
20735,7165700200,2014-06-05,3,1080,275000.0,low
20689,9542840340,2015-02-11,3,4040,275000.0,low
15601,1231000500,2014-09-05,3,3500,275000.0,low
12922,1938400410,2015-03-10,3,7700,275000.0,low
8017,3223039089,2014-09-29,3,171190,275000.0,low
20714,7338220200,2015-04-08,4,3721,275000.0,low
9163,7893207490,2015-02-12,3,10744,275000.0,low
7326,100100050,2014-11-12,3,11090,275000.0,low
14168,7349600230,2014-07-29,3,6044,275000.0,low
20045,8856004786,2014-07-29,3,8019,275000.0,low
9427,3211000930,2015-03-16,3,7800,275000.0,low
14095,2920700220,2015-05-08,2,4191,275000.0,low
9813,2894700270,2014-07-15,4,10050,275000.0,low
4888,7140200380,2014-10-30,3,8050,275000.0,low
9532,1921059303,2015-01-28,4,17842,275000.0,low
2779,3830630140,2014-09-24,3,5799,275000.0,low
2478,4358700186,2014-12-11,3,1488,275000.0,low
14105,3211600650,2014-07-22,3,8018,275000.0,low
6974,2310000280,2014-12-11,3,6415,275000.0,low
9383,5469300330,2014-09-05,4,8700,275000.0,low
15611,87000006,2015-04-13,4,19405,275000.0,low
14114,7120000210,2015-01-22,2,5995,275000.0,low
4872,1524079093,2014-08-27,3,20700,275000.0,low
17211,7227801630,2015-02-27,4,10920,275000.0,low
16609,3223059173,2014-11-04,4,15000,275000.0,low
8161,1623089039,2014-12-17,2,57063,275000.0,low
14666,721049207,2014-06-19,3,15681,275000.0,low
14472,2122049038,2015-03-02,2,12875,275000.0,low
3681,806800090,2015-05-06,3,5000,275000.0,low
8826,3322049201,2014-05-23,4,15531,275000.0,low
15773,2624089026,2014-10-02,4,27153,275000.0,low
1304,1324079041,2014-11-18,3,17859,275000.0,low
8178,9183703045,2015-04-20,4,8229,275000.0,low
18059,1773101530,2014-12-18,1,4800,275000.0,low
524,7453000070,2014-08-18,2,5000,275000.0,low
7745,3438503120,2015-03-30,4,7345,275000.0,low
8922,1687000210,2014-07-25,3,4400,275000.0,low
2571,1471620240,2014-05-16,3,15639,275000.0,low
17847,1922059401,2014-07-25,4,26114,275000.0,low
11793,3834000520,2014-07-30,3,7654,275000.0,low
4774,2621400080,2015-01-28,4,6754,275000.0,low
12353,3438500798,2014-07-15,3,6954,275000.0,low
1820,414100295,2014-06-23,2,6552,275000.0,low
6809,6679000130,2015-02-09,3,4244,275000.0,low
6201,5248800440,2015-02-17,2,4000,275000.0,low
11982,6882200140,2014-09-30,3,7184,275000.0,low
17029,1150700130,2015-04-21,3,7230,275000.0,low
5979,2953000250,2014-07-31,3,9737,275000.0,low
13724,4365700330,2014-07-30,2,7080,275000.0,low
6706,9109000050,2014-07-09,3,7800,275000.0,low
18674,7437100770,2014-05-21,3,6326,275000.0,low
1678,2658000335,2014-10-27,3,4500,275000.0,low
6661,776600130,2014-05-02,3,10277,275000.0,low
19069,3276980120,2014-10-28,3,9766,275000.0,low
4520,1221039156,2014-08-15,4,11132,275000.0,low
17490,4331000190,2014-12-23,3,11250,275000.0,low
3135,1445200110,2015-04-21,2,1103,275000.0,low
18008,2407000110,2015-04-14,3,8775,275000.0,low
15913,6829900080,2015-03-30,3,9750,275000.0,low
17946,9485700150,2015-03-04,2,7688,275000.0,low
10857,2310030390,2015-04-29,3,6260,275000.0,low
2224,2215902010,2014-05-07,3,7000,275000.0,low
8685,9264921110,2015-01-15,3,14005,275000.0,low
12477,8062900030,2014-07-15,3,8099,275000.0,low
6743,5469700052,2014-11-13,3,16200,275000.0,low
865,2310000240,2015-03-13,3,8549,275000.0,low
14244,7461420210,2015-02-23,3,9760,275000.0,low
8748,3368900084,2014-06-23,3,6000,275000.0,low
10185,806800400,2015-02-09,3,5733,275000.0,low
11617,7864500140,2014-11-07,4,6923,275000.0,low
7613,7312400325,2014-06-25,2,4840,275000.0,low
6288,8001210170,2014-08-22,4,7350,275000.0,low
16363,9358000780,2015-05-12,2,5610,275000.0,low
8980,7243500015,2014-10-03,4,5472,275000.0,low
13420,7236300065,2014-07-18,3,7695,275000.0,low
5865,1524079088,2014-05-09,3,48257,275000.0,low
3473,9542840590,2014-06-02,3,4500,275000.0,low
20878,2309710230,2015-04-15,3,5757,275000.0,low
11395,8732190200,2015-01-15,4,7233,275000.0,low
11380,1180003435,2014-12-09,4,6000,275000.0,low
377,1545804860,2014-10-27,3,7750,275000.0,low
15345,8731902340,2014-09-18,4,6177,275000.0,low
15470,2968800010,2014-09-04,3,7620,275000.0,low
3085,8864000735,2014-07-09,4,8426,275000.0,low
11461,3277800729,2014-10-16,3,1174,275000.0,low
2186,8018600640,2014-09-18,4,22500,275000.0,low
13321,1237500720,2014-12-26,3,9764,275000.0,low
2292,2115510340,2014-06-04,3,8755,275000.0,low
15305,1565600130,2014-08-21,5,9178,275000.0,low
15315,9122500080,2015-04-28,5,11970,275000.0,low
6236,2796100680,2015-02-25,5,10500,275000.0,low
7650,626049058,2015-05-04,5,17234,275000.0,low
19664,9188200505,2014-07-10,4,3868,275000.0,low
7646,2520069100,2014-10-16,4,30480,275000.0,low
16214,5422420470,2015-03-26,3,7062,275000.0,low
1389,4102000075,2014-05-22,1,14149,275000.0,low
18747,7522600110,2014-12-29,3,10410,275000.0,low
4423,806800110,2014-08-01,3,5868,275000.0,low
17798,5229300027,2014-09-10,3,27215,275000.0,low
1111,7683800200,2015-04-02,2,32175,275000.0,low
326,3530210260,2014-10-27,3,45004,274975.0,low
14109,2916610150,2015-01-20,3,7265,274950.0,low
20677,7299600140,2015-04-03,3,4000,274950.0,low
17270,2329800630,2014-05-27,3,7415,274950.0,low
6498,2310010050,2015-04-30,3,8767,274950.0,low
15984,8088600080,2014-06-02,3,8820,274950.0,low
16318,8001450170,2014-08-04,3,16679,274950.0,low
2800,8091411040,2014-07-01,4,6600,274900.0,low
10700,9211520400,2014-11-04,4,10528,274900.0,low
20906,3355400242,2014-10-28,3,6612,274900.0,low
21387,2895800750,2015-04-17,3,1988,274800.0,low
1169,3110800260,2014-07-15,4,9600,274700.0,low
1343,8731982190,2014-06-18,3,9000,274500.0,low
20896,9542840120,2014-07-02,3,4050,274500.0,low
204,3211100860,2015-03-03,3,8450,274250.0,low
14672,8074200175,2014-11-06,3,8364,274000.0,low
4800,8731981410,2014-11-21,4,7400,274000.0,low
9572,5589300205,2014-08-05,5,9383,274000.0,low
19652,2781280310,2014-12-22,3,2517,274000.0,low
6820,617000089,2014-11-17,2,6200,274000.0,low
15047,274000020,2014-08-08,4,7500,274000.0,low
9070,1311100490,2015-02-25,5,8720,274000.0,low
4527,1545805820,2015-04-14,3,7620,274000.0,low
13582,2698200210,2014-09-08,3,7198,274000.0,low
20390,9542840450,2014-08-11,3,4694,274000.0,low
18424,3279000120,2014-12-22,2,7992,274000.0,low
14784,3204400040,2015-03-04,3,3109,273950.0,low
3027,9320600090,2015-01-27,3,8314,273500.0,low
18187,8864000970,2014-12-04,4,6000,273500.0,low
13824,8092500150,2015-04-28,4,9638,273500.0,low
15504,8860200010,2015-01-07,3,15265,273500.0,low
20591,8669160270,2014-07-10,3,3402,273500.0,low
18351,2787311110,2014-09-02,3,7210,273148.0,low
8932,8647800150,2015-01-02,3,7964,273000.0,low
9600,8122600165,2014-10-15,3,6250,273000.0,low
15407,104560280,2014-05-22,4,6180,273000.0,low
14203,6802210210,2015-03-03,3,11601,273000.0,low
6144,9406500480,2015-04-20,2,1822,273000.0,low
6268,8700110020,2014-09-17,3,5994,273000.0,low
2261,3971701455,2014-10-03,2,7750,273000.0,low
11309,5379802650,2015-02-25,3,7800,273000.0,low
9264,4053200410,2014-05-13,4,22870,273000.0,low
4172,3876540600,2015-05-07,3,8192,273000.0,low
11423,4137000700,2014-08-29,3,7651,273000.0,low
2714,1423400260,2015-04-02,3,9045,273000.0,low
16785,9407100500,2015-03-11,3,10545,273000.0,low
9201,6802210450,2015-03-31,3,9096,272950.0,low
14488,5631500905,2014-07-23,2,5728,272925.0,low
1648,6385910260,2014-09-10,4,8786,272750.0,low
112,2525310310,2014-09-16,3,12600,272500.0,low
268,2557000400,2015-04-09,3,9900,272500.0,low
19307,2472950120,2014-06-03,3,7622,272500.0,low
2060,538000030,2014-07-30,3,6250,272500.0,low
13290,1001200035,2015-03-06,3,7973,272450.0,low
17745,1545802100,2014-10-29,3,7332,272450.0,low
21183,5528600005,2015-03-27,2,3795,272167.0,low
1128,8062900070,2014-09-09,5,6300,272000.0,low
8745,2868300061,2014-09-18,4,10660,272000.0,low
17061,6802200670,2014-11-14,3,8512,272000.0,low
19841,6181420200,2014-11-20,4,3960,272000.0,low
10937,7349620030,2014-07-22,4,6234,272000.0,low
14300,8732000410,2015-01-14,3,9600,272000.0,low
9433,4058801065,2014-08-08,3,5700,272000.0,low
20796,8096800260,2015-04-07,3,7616,272000.0,low
13284,7454000555,2015-01-13,2,6300,272000.0,low
11092,1938400520,2014-10-16,4,7600,272000.0,low
17105,3275300050,2014-11-24,3,10500,272000.0,low
9179,2310060230,2014-10-10,4,5555,272000.0,low
7467,7137950460,2014-09-26,4,6175,272000.0,low
11175,1565900390,2015-04-15,4,9018,272000.0,low
171,9542800700,2015-01-02,3,7140,272000.0,low
3049,5559200051,2015-01-06,4,10890,272000.0,low
5804,5559900080,2014-11-04,4,6160,272000.0,low
5584,8656300380,2014-05-06,3,13816,272000.0,low
9726,4137070030,2014-08-08,3,6608,272000.0,low
2107,908000260,2014-11-17,4,5692,272000.0,low
6021,3423059109,2015-04-15,4,19843,272000.0,low
6882,5672000020,2014-08-05,3,11760,272000.0,low
6964,3826000280,2015-04-29,3,8100,272000.0,low
2010,5651500140,2014-06-17,3,7476,272000.0,low
2051,2991000400,2014-07-23,3,6371,272000.0,low
21252,2309710130,2014-07-15,4,6551,272000.0,low
13749,7140200450,2014-12-31,4,7350,272000.0,low
11656,3878900681,2015-01-21,1,6034,272000.0,low
6245,6071800480,2015-03-27,3,8400,271950.0,low
11931,3329530030,2015-03-04,3,10248,271920.0,low
2674,9407001610,2014-07-15,3,11875,271900.0,low
4254,6802200100,2015-01-15,3,8771,271900.0,low
13374,1721059218,2014-08-18,3,13068,271675.0,low
18126,984210220,2014-12-03,3,8005,271500.0,low
4224,2868300115,2014-08-21,3,18360,271500.0,low
1026,1498302774,2014-05-20,2,5340,271310.0,low
20410,7625703007,2014-10-14,2,1325,271115.0,low
3238,1761300850,2014-12-17,4,7200,271000.0,low
10962,7334401040,2015-02-05,4,9576,271000.0,low
13304,723049533,2014-09-30,4,9112,271000.0,low
16500,3298700305,2014-12-29,2,4240,271000.0,low
19578,795002450,2015-04-30,2,6250,270950.0,low
8761,7633400110,2015-02-24,3,8613,270500.0,low
20884,3353400092,2014-12-23,5,7093,270500.0,low
530,1545807610,2015-04-29,3,7848,270500.0,low
2173,1796381070,2014-06-25,3,8364,270000.0,low
11247,2473440070,2015-03-20,3,7410,270000.0,low
11646,1796200140,2015-03-09,3,9800,270000.0,low
10221,3293700496,2014-08-14,4,7730,270000.0,low
10189,3438501662,2014-08-18,3,5605,270000.0,low
6282,8071000050,2014-11-13,2,5700,270000.0,low
7602,9407001500,2014-08-11,3,9000,270000.0,low
14794,3295710150,2014-10-15,3,5550,270000.0,low
6858,6084601060,2014-07-18,3,8640,270000.0,low
13070,2560803248,2014-07-09,4,8063,270000.0,low
10080,3092000030,2014-08-08,3,16728,270000.0,low
8073,8661000148,2014-10-28,3,10215,270000.0,low
18221,4345000490,2014-12-02,3,7336,270000.0,low
9412,5379804537,2014-08-26,3,8287,270000.0,low
13305,797000276,2014-06-25,2,8398,270000.0,low
20321,1760650670,2014-08-12,3,3825,270000.0,low
1516,3705000060,2014-06-04,3,4252,270000.0,low
11282,1997200060,2014-09-08,1,5196,270000.0,low
16135,5468760050,2015-01-05,4,9921,270000.0,low
6350,9476200545,2015-01-27,3,6696,270000.0,low
5783,2195900010,2014-07-14,3,13475,270000.0,low
5335,7697800170,2015-04-28,3,9314,270000.0,low
18446,4167960330,2015-01-09,3,7750,270000.0,low
10267,1311600030,2014-07-16,4,7350,270000.0,low
11351,6031400071,2015-01-14,4,8056,270000.0,low
8506,1237500540,2014-12-22,3,10866,270000.0,low
14090,3744600704,2015-02-24,4,8505,270000.0,low
16275,4136900250,2014-06-02,4,8497,270000.0,low
832,8731951670,2014-06-06,4,8600,270000.0,low
6822,3438500430,2014-05-21,3,10905,270000.0,low
16610,109210460,2014-10-29,3,8000,270000.0,low
4407,5468730110,2014-05-08,4,6509,270000.0,low
21155,4233800020,2014-10-08,4,5821,270000.0,low
17340,5230300280,2014-05-15,3,9514,270000.0,low
17772,1623059092,2014-05-09,3,9583,270000.0,low
380,1726059053,2014-09-16,2,209959,270000.0,low
4620,4331400090,2014-05-28,3,8960,270000.0,low
17797,6929600945,2014-08-25,4,15000,270000.0,low
7773,7893205080,2014-10-07,3,7500,270000.0,low
5445,7883603390,2015-04-01,4,4290,270000.0,low
3598,2473100090,2014-12-02,5,7480,270000.0,low
19248,1645000580,2014-10-02,4,8282,270000.0,low
1236,5420300240,2014-12-05,3,7763,270000.0,low
13739,6802210330,2015-04-29,3,8470,270000.0,low
2144,2473381090,2015-03-25,3,7000,270000.0,low
6084,8641500280,2014-05-22,2,867,270000.0,low
8681,5589300361,2014-09-02,3,8375,270000.0,low
14731,7349650330,2014-06-09,4,7252,270000.0,low
13008,7899800730,2015-03-24,3,1189,270000.0,low
9727,2144800117,2014-06-26,4,9900,270000.0,low
6055,507100020,2015-03-09,3,7374,270000.0,low
9291,2215900180,2014-07-11,3,7165,270000.0,low
8788,8849700040,2014-09-08,3,8400,270000.0,low
15028,7889100020,2015-04-14,3,8550,270000.0,low
5164,740500010,2014-08-07,4,8505,270000.0,low
17484,3726800010,2014-07-14,2,3600,270000.0,low
12049,5466750140,2015-04-27,3,7800,270000.0,low
1285,5113200310,2014-09-09,3,14110,270000.0,low
1700,1545803240,2014-10-31,3,7930,270000.0,low
918,4302200695,2014-08-28,2,10320,270000.0,low
15150,3832700250,2014-09-29,4,7150,270000.0,low
18863,1117000150,2015-03-17,3,9990,270000.0,low
19238,3832080610,2015-04-06,3,5015,270000.0,low
8865,6147650300,2014-10-16,3,14027,270000.0,low
4212,2597500090,2014-08-08,5,8470,270000.0,low
8149,3971700937,2014-08-27,3,7500,270000.0,low
9590,3578600062,2014-05-12,3,8209,270000.0,low
16060,2597501190,2015-05-12,3,26574,270000.0,low
21585,3832050760,2014-08-28,3,5000,270000.0,low
3224,7885800740,2015-02-18,4,5835,270000.0,low
2263,104550520,2015-03-30,4,6397,270000.0,low
18998,3222069156,2014-12-17,3,14510,270000.0,low
13289,3750605674,2014-09-17,3,19200,270000.0,low
5604,3243100080,2015-05-01,3,7920,270000.0,low
17571,3751606514,2014-06-26,2,81021,270000.0,low
13915,6386300120,2015-04-17,3,7907,270000.0,low
12309,6648701740,2015-02-20,5,10320,270000.0,low
19309,5095400040,2014-06-05,3,13500,270000.0,low
14392,9211510410,2015-04-07,3,6205,270000.0,low
14739,2112700845,2014-05-28,3,4127,270000.0,low
20256,5347200179,2014-08-14,3,1920,270000.0,low
1001,984000710,2014-10-22,3,8853,270000.0,low
7567,4427100025,2014-05-09,3,6337,270000.0,low
15388,3395800305,2014-06-05,3,9450,270000.0,low
2325,3634100030,2015-01-09,4,5220,270000.0,low
8567,8091410530,2015-05-01,3,7739,270000.0,low
18247,2557000540,2015-02-07,3,8262,270000.0,low
3902,3223049131,2014-10-30,4,11650,270000.0,low
15007,3832600080,2015-05-04,3,7345,270000.0,low
18620,4024700100,2015-01-21,4,5909,270000.0,low
14438,1545800730,2015-02-22,2,7540,269950.0,low
2385,7879600070,2014-10-24,4,7230,269950.0,low
8204,2329800330,2014-11-14,3,7187,269950.0,low
7768,428000150,2014-07-18,3,9950,269950.0,low
5052,2025700130,2015-01-29,3,6000,269950.0,low
13941,3920900220,2014-12-15,4,7309,269950.0,low
17839,322059095,2014-08-11,4,13500,269950.0,low
10262,1796360340,2014-07-22,3,8641,269950.0,low
14996,1440700190,2014-06-23,4,8400,269950.0,low
4102,9262800057,2015-02-03,4,9600,269950.0,low
6737,2310000380,2014-12-19,3,7735,269950.0,low
21391,3094000210,2015-01-05,3,4079,269950.0,low
19577,5070000120,2014-08-13,3,9547,269950.0,low
166,2009000370,2015-02-19,2,7250,269950.0,low
11242,9500900060,2014-07-22,3,12823,269950.0,low
6761,3876760430,2014-08-22,3,7003,269950.0,low
17037,5636010280,2014-09-02,3,9743,269950.0,low
776,2612000390,2014-06-15,3,4838,269950.0,low
178,5437810320,2014-11-17,3,7560,269950.0,low
19451,7955080300,2014-07-14,3,8720,269950.0,low
660,192460310,2015-03-24,3,22267,269900.0,low
12643,3110800040,2014-07-16,3,9672,269900.0,low
4044,322059097,2014-11-05,3,22100,269900.0,low
399,2473251090,2014-06-19,4,8750,269900.0,low
16439,6457000080,2014-08-05,5,8325,269900.0,low
20958,4181200540,2014-07-28,4,3420,269800.0,low
7362,2025700430,2014-08-26,3,8395,269500.0,low
6819,304100010,2014-12-09,4,7056,269500.0,low
6230,2212200500,2014-06-23,3,7412,269500.0,low
15509,4340610080,2014-08-04,2,1200,269500.0,low
12214,421000465,2014-06-17,2,7276,269500.0,low
17583,1920079039,2014-08-15,2,74052,269500.0,low
18856,7327902612,2015-05-13,2,4000,269500.0,low
10678,4137070830,2015-02-13,3,7904,269100.0,low
18558,4345300180,2015-04-06,3,10577,269000.0,low
16581,8731801190,2014-12-23,3,8661,269000.0,low
186,8731951370,2015-04-15,4,10000,269000.0,low
17415,6450303235,2014-08-18,3,2625,269000.0,low
9849,7789000260,2014-08-22,4,8401,269000.0,low
7363,739800250,2015-02-22,3,7297,269000.0,low
13410,6163901033,2014-09-02,2,8612,269000.0,low
7403,1545803340,2015-02-24,3,7930,269000.0,low
6562,3438503140,2014-09-18,1,7920,269000.0,low
3217,5416500090,2014-07-24,3,3800,269000.0,low
10409,1180002735,2014-11-19,2,6000,269000.0,low
1777,1722059326,2014-08-05,3,7136,269000.0,low
10543,2115720270,2015-04-14,2,5000,269000.0,low
2521,6679000390,2014-06-10,3,4200,269000.0,low
1132,2171400126,2014-06-05,3,4250,269000.0,low
12956,2019200220,2015-02-26,3,8682,269000.0,low
8881,4178500300,2014-09-16,3,6653,269000.0,low
16473,6600490250,2015-04-21,4,3608,269000.0,low
5602,2891000010,2014-08-06,4,7665,269000.0,low
15951,9900000190,2014-10-30,3,8100,268950.0,low
319,4337000335,2014-11-22,4,8775,268750.0,low
5945,9117000170,2015-05-05,4,9240,268643.0,low
17086,2676500080,2014-06-05,4,4237,268500.0,low
5881,8857310010,2014-12-19,2,1749,268500.0,low
11035,1951500055,2014-07-30,4,13600,268500.0,low
19965,3277801431,2014-08-27,3,977,268500.0,low
584,5419800510,2014-11-17,4,7500,268500.0,low
9331,8731982250,2014-08-12,4,8000,268500.0,low
10215,1397300055,2014-05-20,2,8424,268500.0,low
10380,4167700240,2014-12-04,5,9600,268450.0,low
15792,4027700795,2015-03-18,3,9000,268300.0,low
19522,4137020820,2014-10-27,4,7510,268000.0,low
9567,1310700210,2014-06-03,3,10270,268000.0,low
410,6700400140,2015-03-18,3,8134,268000.0,low
2771,3450300270,2015-04-03,5,10368,268000.0,low
4865,7205000080,2014-12-01,3,10050,268000.0,low
4935,421000285,2015-04-23,4,7020,268000.0,low
697,2013200390,2014-09-22,4,9966,268000.0,low
18917,3832710210,2014-08-25,3,8009,268000.0,low
7972,7338401759,2014-06-10,2,5000,268000.0,low
4232,3395041194,2014-08-27,3,1793,268000.0,low
17499,7889601300,2015-04-21,3,6000,268000.0,low
11468,8732190070,2014-10-02,3,12543,268000.0,low
20977,7889601165,2014-08-26,3,2250,268000.0,low
18950,1446400615,2014-05-27,4,6600,268000.0,low
4588,104530110,2014-10-08,3,6676,268000.0,low
12802,7237300330,2015-03-12,5,4564,268000.0,low
5487,2475200080,2014-09-08,3,5546,268000.0,low
17218,1450900020,2014-10-03,3,8416,268000.0,low
15110,7349660050,2014-11-18,3,7711,268000.0,low
8173,1862900040,2014-06-26,3,6684,268000.0,low
14994,4222310010,2015-04-20,4,7350,267950.0,low
19654,2895800710,2014-12-02,3,1899,267800.0,low
13968,408100150,2014-05-14,2,6000,267800.0,low
299,1840000030,2014-05-29,3,11914,267500.0,low
10624,3705000070,2014-10-21,3,2856,267500.0,low
6591,8091410080,2014-07-29,3,7807,267500.0,low
14228,4396000180,2014-11-21,3,22080,267500.0,low
13654,7749500970,2015-02-26,3,12000,267500.0,low
1160,1865810060,2014-08-12,5,6600,267500.0,low
1323,273900030,2014-10-20,3,9072,267500.0,low
8253,7452500770,2014-09-08,2,5150,267500.0,low
9511,5412400180,2015-04-17,3,7629,267500.0,low
4702,4013800131,2014-08-07,2,12250,267500.0,low
7871,3445400120,2014-07-25,3,2153,267500.0,low
2570,9510900710,2014-05-13,4,8165,267345.0,low
12116,520069032,2014-07-16,3,93218,267300.0,low
9192,7899800476,2015-04-27,2,1580,267100.0,low
14632,4222500410,2015-02-26,4,7350,267000.0,low
18681,6123000090,2014-09-08,3,8223,267000.0,low
6717,3826501060,2014-10-09,3,10920,267000.0,low
5746,9542801310,2015-05-13,3,9900,267000.0,low
12242,3814701090,2014-08-06,3,6477,267000.0,low
16315,844000225,2015-02-11,3,10336,267000.0,low
3646,1422700110,2014-07-03,3,10875,267000.0,low
719,4233400400,2015-04-14,3,9644,267000.0,low
1388,1687000270,2014-05-28,3,4400,267000.0,low
5100,3992700130,2014-07-08,3,8100,267000.0,low
15645,1423600020,2014-06-26,3,8160,267000.0,low
19515,9357000230,2014-08-22,3,4700,267000.0,low
18165,5141000571,2014-08-25,1,2480,267000.0,low
4046,2420069201,2014-11-07,3,6005,267000.0,low
20416,301400930,2014-06-18,3,2800,267000.0,low
15043,7524300020,2014-08-20,3,12250,267000.0,low
13031,1843130210,2014-10-15,3,4803,266950.0,low
15511,2013800095,2014-09-04,3,10000,266750.0,low
4940,9542801990,2014-05-29,4,7632,266500.0,low
17658,1545805030,2014-10-21,3,5460,266500.0,low
19141,7237301210,2014-11-18,3,4113,266490.0,low
10583,5127001170,2014-05-28,3,9600,266200.0,low
2748,7697870310,2014-05-14,3,7214,266000.0,low
7809,7575620750,2014-12-22,3,6022,266000.0,low
4720,8074200100,2014-10-15,3,8250,266000.0,low
576,8669160310,2014-12-09,3,3402,266000.0,low
15015,8732190170,2014-12-10,4,12693,266000.0,low
5031,2557000630,2014-07-07,4,7102,266000.0,low
5563,5420800010,2014-05-08,3,8547,266000.0,low
6883,6668900005,2015-04-21,2,5559,266000.0,low
6294,1721059230,2015-03-04,3,13068,265953.0,low
9040,1180007005,2014-06-25,3,8450,265950.0,low
17313,9238440020,2014-07-17,3,3840,265950.0,low
1552,1862900160,2014-07-03,3,7793,265900.0,low
14404,2131200065,2014-12-11,3,7361,265800.0,low
9763,4137040060,2015-04-06,3,8977,265500.0,low
12224,1953400520,2014-11-14,3,9225,265500.0,low
21151,3438500346,2014-07-02,2,2119,265050.0,low
8795,4047200580,2015-03-02,2,22081,265000.0,low
15774,8698600080,2014-09-10,5,5250,265000.0,low
20537,301400940,2015-04-07,3,2800,265000.0,low
13729,1423049029,2015-03-06,4,8390,265000.0,low
3850,1545800090,2014-10-03,3,7500,265000.0,low
14676,7851200040,2014-12-16,3,9748,265000.0,low
7820,6300000212,2015-02-18,2,1458,265000.0,low
338,405100295,2014-08-26,3,8250,265000.0,low
7635,5589300210,2015-03-17,2,9458,265000.0,low
13302,6669150790,2014-07-31,3,6750,265000.0,low
11528,7203101610,2014-05-12,2,2828,265000.0,low
11476,6303400520,2015-01-27,2,8975,265000.0,low
16836,2473250280,2014-08-26,4,9100,265000.0,low
1432,2861100030,2014-10-07,2,4000,265000.0,low
10466,133000127,2014-06-23,3,9450,265000.0,low
16255,8731800840,2014-06-19,3,7300,265000.0,low
11051,8849300320,2015-04-16,3,12618,265000.0,low
15878,1796361100,2014-10-17,3,7226,265000.0,low
16899,3365900462,2014-09-03,4,7264,265000.0,low
2257,739800070,2014-05-27,3,7741,265000.0,low
11781,2025700200,2015-02-20,3,5858,265000.0,low
6646,2473380010,2015-01-15,3,9298,265000.0,low
17518,7221400285,2015-02-09,2,8423,265000.0,low
10841,4322300140,2014-11-03,3,13439,265000.0,low
4095,3830630090,2015-04-17,3,6783,265000.0,low
2587,7452500340,2014-12-04,3,4930,265000.0,low
3882,7129302095,2015-02-13,3,6554,265000.0,low
10748,8074200160,2014-06-29,3,7650,265000.0,low
13659,3432501415,2014-07-14,3,8148,265000.0,low
18847,7575600610,2015-02-09,3,5250,265000.0,low
856,3654800200,2014-10-22,3,6271,265000.0,low
10727,8648210140,2014-12-24,3,6071,265000.0,low
13543,1900600040,2014-05-07,5,7112,265000.0,low
13443,4303200555,2014-08-15,2,5160,265000.0,low
13686,7211400506,2014-09-08,3,2500,265000.0,low
17554,2011000020,2014-08-26,3,5999,265000.0,low
8517,3876600120,2015-04-22,3,10196,265000.0,low
1256,993001629,2014-11-17,3,881,265000.0,low
2229,1321970240,2014-12-04,4,4443,265000.0,low
11107,3995700435,2014-07-02,4,8170,265000.0,low
6726,7895500290,2015-03-30,4,8468,265000.0,low
13218,4137020360,2014-07-22,3,6527,265000.0,low
13704,6777800150,2014-07-22,3,7200,265000.0,low
8617,5379801972,2014-08-18,5,8580,265000.0,low
3339,8078520090,2014-05-14,3,5706,265000.0,low
11706,5602000105,2014-07-21,3,10489,265000.0,low
5688,1321730470,2015-01-27,3,7216,265000.0,low
4531,399000025,2015-04-15,3,5967,265000.0,low
17214,3235390010,2015-05-05,3,8126,265000.0,low
2166,408100105,2014-11-03,3,5760,265000.0,low
19208,8857600540,2015-01-06,6,7650,265000.0,low
9644,3222059206,2014-08-28,4,16103,265000.0,low
296,5468730030,2014-08-22,3,8959,265000.0,low
9284,7437101030,2014-08-22,3,7668,265000.0,low
9508,7227501765,2015-03-23,4,5490,265000.0,low
1920,8150100240,2015-02-18,2,4760,265000.0,low
14941,4047200950,2014-06-09,2,31505,265000.0,low
15523,3530410020,2015-01-14,2,3272,265000.0,low
20747,2926049582,2015-04-12,2,3427,265000.0,low
9672,7893207925,2014-10-22,3,7100,265000.0,low
2751,7888200240,2015-03-19,4,8158,265000.0,low
12633,945000410,2015-03-13,2,4600,265000.0,low
17231,9500900430,2014-06-13,4,10588,265000.0,low
9712,5029450200,2015-03-23,3,6805,265000.0,low
6949,8656300080,2014-08-12,3,16535,265000.0,low
2926,9558200025,2014-07-30,3,8536,265000.0,low
18419,5347200165,2014-10-02,3,4800,265000.0,low
13904,3348401490,2014-06-30,2,10856,265000.0,low
2451,7896300070,2015-05-01,4,6034,265000.0,low
20581,2895810200,2014-10-02,3,3368,265000.0,low
2550,4322300340,2015-01-12,4,12728,265000.0,low
3955,1457500026,2014-06-16,3,9150,265000.0,low
15634,1604602195,2015-02-23,5,5292,265000.0,low
9516,425200145,2014-07-03,3,8610,265000.0,low
2554,1312920060,2014-12-12,3,10969,265000.0,low
18406,740500040,2014-10-01,4,8505,265000.0,low
9782,740500070,2014-10-06,3,8505,265000.0,low
5738,2025700080,2014-07-10,3,6000,265000.0,low
15685,5104200380,2014-10-14,3,14948,265000.0,low
15242,9320500080,2014-05-10,4,9533,265000.0,low
7315,1311200460,2014-06-18,4,7100,265000.0,low
5825,7749500250,2014-08-27,5,8075,265000.0,low
18379,1222029077,2014-10-29,0,213444,265000.0,low
2194,7461420060,2014-08-04,3,10519,265000.0,low
7454,3056000050,2014-09-12,3,6527,265000.0,low
16506,7614100020,2014-10-17,3,10290,265000.0,low
5605,3925000020,2015-02-24,3,9516,265000.0,low
971,2009001600,2015-05-06,3,9000,265000.0,low
591,3620069036,2014-10-21,3,32666,265000.0,low
15990,4472000050,2015-03-09,3,6088,265000.0,low
10396,7568700135,2014-07-17,2,7936,265000.0,low
2948,2788400315,2014-09-22,3,9460,265000.0,low
15013,1253200290,2015-02-12,4,9112,265000.0,low
5779,2938200170,2015-03-20,4,10160,265000.0,low
4880,8856890020,2015-02-24,3,9769,265000.0,low
6363,5438000080,2014-12-10,3,10853,264950.0,low
2114,2916620240,2014-06-18,4,9011,264950.0,low
1441,8830400135,2015-03-05,3,11599,264950.0,low
8857,6163900032,2015-01-09,2,7434,264950.0,low
16277,2938100005,2014-08-29,3,10115,264950.0,low
11220,1446800181,2014-06-20,4,7500,264950.0,low
8495,7452500730,2015-04-24,2,6000,264950.0,low
227,7972000200,2014-05-29,4,9753,264950.0,low
16883,4233400280,2014-08-22,4,9656,264950.0,low
2334,2796100640,2015-04-24,4,7000,264900.0,low
15952,3751600635,2014-11-10,3,14040,264500.0,low
9878,5469700060,2015-01-23,3,16200,264500.0,low
16190,4137000280,2015-02-22,3,8346,264500.0,low
16885,2025701060,2014-11-17,3,7087,264500.0,low
11538,9324300030,2014-07-03,4,11385,264500.0,low
9605,7812800775,2014-09-10,3,7420,264250.0,low
16035,8946750020,2015-05-07,3,3677,264000.0,low
5458,2787320430,2014-06-18,4,8118,264000.0,low
1520,3728800320,2014-05-29,3,14821,264000.0,low
1726,8731900340,2014-06-23,3,7482,264000.0,low
9518,6450301220,2014-09-16,1,4725,264000.0,low
581,7511800070,2014-08-21,3,10608,264000.0,low
14906,3903200050,2015-03-24,3,11613,263950.0,low
20352,4181200680,2014-05-27,3,2700,263900.0,low
13769,8732020770,2014-09-04,4,7524,263850.0,low
18476,8598900157,2015-03-13,3,6561,263700.0,low
4461,402000115,2014-11-22,3,6273,263500.0,low
9351,2413300730,2014-09-24,4,6375,263500.0,low
574,2473360060,2015-01-02,3,9917,263500.0,low
9795,4068300160,2015-01-22,3,14000,263500.0,low
6027,3298700840,2014-08-21,2,4515,263500.0,low
4530,3751606513,2014-06-30,4,60548,263400.0,low
6369,3336001946,2015-03-07,2,4500,263300.0,low
4607,1432701380,2015-04-07,3,7560,263000.0,low
19592,4435000145,2015-05-01,4,8700,263000.0,low
12013,103400160,2014-05-15,3,7748,263000.0,low
19712,301400830,2014-12-23,3,3200,263000.0,low
17736,9264900880,2014-07-15,3,7485,263000.0,low
7339,6084600660,2014-07-18,3,6847,263000.0,low
19227,9211500230,2014-10-02,4,7315,263000.0,low
1202,1231000510,2014-09-22,3,3800,263000.0,low
12421,8899000140,2014-08-28,3,7885,263000.0,low
7402,1310960190,2014-10-21,3,7210,263000.0,low
7087,3832150190,2014-05-20,3,7775,263000.0,low
5713,1545806980,2014-06-30,3,8100,263000.0,low
5359,2310030500,2014-07-10,3,9187,263000.0,low
10472,3375300370,2015-03-06,5,8086,262500.0,low
13952,3751606606,2014-07-17,3,26831,262500.0,low
16939,5630500005,2014-11-20,2,14373,262500.0,low
4086,3031200165,2014-06-11,3,8906,262500.0,low
16365,4338800500,2014-10-14,3,7200,262500.0,low
18160,7131300031,2015-03-31,4,5110,262500.0,low
18181,3291800120,2015-01-02,3,7854,262500.0,low
8366,898000220,2014-10-01,3,10291,262500.0,low
13142,3832710450,2014-11-19,4,7036,262500.0,low
10984,3797700030,2014-10-09,3,10390,262500.0,low
9996,5557500270,2015-02-09,3,9579,262000.0,low
20427,7661600206,2015-01-29,4,8685,262000.0,low
1115,7258200055,2015-02-06,4,7800,262000.0,low
9404,4233400490,2014-08-20,3,10300,262000.0,low
3223,2420069251,2015-02-25,1,12981,262000.0,low
18677,5300200085,2014-07-02,5,7800,262000.0,low
8335,4136950180,2014-09-26,3,6200,262000.0,low
2359,128500260,2014-05-08,4,6236,262000.0,low
15525,8851500050,2015-01-12,4,9009,262000.0,low
10042,1592080060,2015-04-17,3,8727,262000.0,low
2463,5028600550,2014-12-29,3,6530,262000.0,low
14381,1352300120,2014-05-29,2,4120,262000.0,low
20177,3832080440,2014-12-09,3,5000,261950.0,low
17562,3151600035,2015-01-07,2,6407,261590.0,low
16220,1250200285,2015-03-17,3,3600,261500.0,low
4256,8732030490,2014-12-22,4,7800,261500.0,low
17747,8074400150,2015-04-01,3,8174,261500.0,low
12663,5466400530,2014-07-21,3,6992,261500.0,low
8845,9476200485,2014-09-29,4,8467,261490.0,low
16326,5557800010,2014-06-23,3,18200,261350.0,low
18433,1545801340,2014-12-31,3,7686,261000.0,low
5937,185000161,2014-10-15,3,7800,261000.0,low
20638,301400800,2014-10-16,3,2800,261000.0,low
4883,3322049126,2014-07-21,4,17739,261000.0,low
7032,795002455,2015-05-05,2,12500,261000.0,low
8010,7788400180,2014-08-12,3,11200,261000.0,low
4845,7942200050,2015-01-23,4,9824,261000.0,low
553,3294700310,2014-09-02,2,8125,261000.0,low
17403,3783100080,2014-06-04,3,29308,261000.0,low
9657,6818400110,2014-12-03,4,10488,261000.0,low
9690,4223000140,2014-08-05,3,9635,260750.0,low
7478,2525300380,2015-04-16,3,13803,260656.0,low
4150,2235000015,2014-08-04,2,4560,260600.0,low
11935,2025700270,2015-01-22,3,8357,260250.0,low
12510,1796370180,2015-05-08,3,7423,260000.0,low
15053,6123000225,2014-06-25,3,8184,260000.0,low
12198,7697870700,2014-11-14,3,6298,260000.0,low
14627,7562100065,2014-07-25,3,5450,260000.0,low
13150,104550580,2014-05-20,4,6671,260000.0,low
946,4167300030,2015-02-09,4,7480,260000.0,low
4273,1796370930,2014-07-10,3,8102,260000.0,low
1376,922069139,2015-04-14,2,15250,260000.0,low
8063,1311910300,2015-02-04,5,6375,260000.0,low
12334,2742100016,2015-04-16,3,5650,260000.0,low
8180,7215400770,2014-06-23,4,37045,260000.0,low
4261,8857600820,2014-05-08,4,8800,260000.0,low
5539,623049341,2014-10-22,3,7260,260000.0,low
1370,7812800310,2014-06-25,2,5650,260000.0,low
14549,5029460180,2014-09-16,4,7345,260000.0,low
2502,1781500435,2014-08-20,3,7344,260000.0,low
13258,984000450,2014-12-01,3,7875,260000.0,low
14956,4331000595,2014-09-10,3,13184,260000.0,low
6143,2005950050,2014-05-27,3,8018,260000.0,low
14465,2976800145,2015-04-06,4,10816,260000.0,low
11867,3298700671,2014-07-31,2,6771,260000.0,low
987,316000160,2014-08-21,3,7469,260000.0,low
335,5009600070,2014-10-07,4,5238,260000.0,low
19065,3141600600,2014-05-21,6,8797,260000.0,low
250,3832710960,2014-09-23,3,7209,260000.0,low
12686,7686205370,2014-11-24,4,5375,260000.0,low
11777,4136950070,2015-04-14,3,7401,260000.0,low
17557,4358700164,2014-11-13,2,1296,260000.0,low
2312,943100262,2014-10-30,3,11120,260000.0,low
12996,3388000040,2014-08-19,5,7350,260000.0,low
2386,6151800486,2014-07-18,2,19602,260000.0,low
5530,9262800294,2014-09-22,3,10018,260000.0,low
17631,7950304065,2015-03-09,2,6000,260000.0,low
16211,3422059249,2015-02-19,4,8306,260000.0,low
13558,2114700040,2015-04-14,3,4131,260000.0,low
18627,9264921020,2014-09-08,3,7000,260000.0,low
5246,3235100080,2014-07-01,2,7906,260000.0,low
1836,1545806510,2014-08-20,3,8000,260000.0,low
10295,2473460860,2014-10-27,4,8990,260000.0,low
21029,7338220120,2014-10-15,4,3721,260000.0,low
10193,2025701360,2014-10-14,3,6095,260000.0,low
9071,9510900360,2014-05-09,3,8075,260000.0,low
11193,3832500260,2014-05-09,3,14850,260000.0,low
19406,7211401975,2014-09-05,3,2500,260000.0,low
4142,8731901810,2015-03-09,4,8400,260000.0,low
6469,8732190460,2015-05-05,3,8725,260000.0,low
11238,8645500370,2014-12-03,4,8100,260000.0,low
4518,1591000015,2015-05-05,3,6615,260000.0,low
14441,1326069151,2015-02-24,3,22702,260000.0,low
5218,7696600020,2015-01-28,4,7300,260000.0,low
4782,2011400019,2014-12-30,5,11250,260000.0,low
16846,621069102,2015-03-16,3,10139,260000.0,low
6549,3298600440,2014-08-10,4,16800,260000.0,low
180,3830630310,2014-07-25,3,5797,260000.0,low
3409,1761300110,2014-07-02,4,7992,260000.0,low
13587,1081200360,2014-08-06,3,11180,260000.0,low
6585,1099600250,2014-12-02,3,6400,260000.0,low
10718,646910560,2015-03-06,3,2677,260000.0,low
16231,1423900080,2014-12-18,4,7700,260000.0,low
17968,7575620120,2015-04-22,3,8993,260000.0,low
767,8648200030,2014-07-16,3,10968,260000.0,low
17943,3223039010,2014-08-04,2,81893,260000.0,low
8658,3298700941,2014-09-05,3,4592,260000.0,low
19994,301400850,2015-02-20,3,2800,260000.0,low
17927,3330501645,2015-02-23,3,3090,260000.0,low
15739,739500050,2014-07-01,3,9680,260000.0,low
15510,7686203620,2014-09-25,4,12500,260000.0,low
127,8732020310,2014-07-17,4,8811,260000.0,low
6345,9828200460,2014-06-27,2,4800,260000.0,low
20183,8943600020,2015-04-26,3,3403,260000.0,low
19250,1545805730,2015-02-18,3,15210,260000.0,low
18364,6084600330,2014-08-29,3,8511,260000.0,low
7624,5163700085,2014-08-26,3,11884,260000.0,low
2294,6121800060,2014-09-10,3,9750,260000.0,low
7302,9415950020,2014-06-08,4,4381,260000.0,low
15615,7129302555,2014-10-03,2,5650,260000.0,low
14817,7399300120,2014-05-02,4,8625,260000.0,low
6343,1657530010,2015-02-24,3,2244,260000.0,low
16287,3668000500,2014-12-22,3,9600,260000.0,low
14080,2095600150,2014-11-12,4,4358,260000.0,low
7178,526059224,2014-09-23,4,7276,260000.0,low
14135,2212700180,2015-03-19,3,10000,260000.0,low
7192,8687800010,2014-06-17,3,12888,260000.0,low
18565,7657000540,2015-03-04,4,7980,260000.0,low
13387,2843200085,2015-02-17,3,8710,260000.0,low
9760,4023500990,2014-06-17,3,20700,260000.0,low
9704,7452500565,2014-08-29,3,5000,260000.0,low
566,561000075,2014-12-31,3,5350,260000.0,low
4746,7549801140,2014-10-20,2,6720,260000.0,low
9884,7183000060,2015-03-25,4,9647,260000.0,low
18258,1311800040,2014-12-20,4,7200,260000.0,low
620,8078570390,2015-04-15,3,7415,260000.0,low
20759,3353401070,2014-06-25,5,7760,260000.0,low
19953,4051150100,2014-09-29,3,4337,260000.0,low
1470,2523039239,2014-05-30,3,5850,260000.0,low
4583,8645501091,2015-03-11,4,7920,259950.0,low
8907,104550540,2015-01-20,4,6650,259950.0,low
4903,4331400190,2014-11-12,3,9500,259950.0,low
8126,2787460720,2015-05-06,3,7896,259950.0,low
4352,7899800864,2015-03-05,2,649,259950.0,low
5700,5540000010,2014-08-15,3,7827,259950.0,low
12322,3996900575,2014-10-07,2,6542,259950.0,low
5450,7227500020,2015-01-23,3,5825,259950.0,low
20736,8096800270,2014-07-16,3,7340,259950.0,low
547,7899800860,2015-03-19,2,649,259950.0,low
15640,2826049091,2014-09-29,2,8100,259950.0,low
7225,5602000275,2014-08-25,4,10212,259950.0,low
9529,1796370730,2014-05-20,3,7770,259900.0,low
7460,3546000380,2014-09-28,3,7953,259900.0,low
7995,2214800110,2014-08-20,4,8820,259900.0,low
9012,9407150360,2015-03-06,5,6250,259875.0,low
11586,8807810890,2014-08-27,3,21303,259875.0,low
15779,6624010010,2015-05-06,4,7200,259500.0,low
2998,7147600245,2014-06-27,3,12349,259500.0,low
9740,7968460270,2015-03-03,3,35060,259500.0,low
12318,2025700260,2015-03-25,3,7589,259500.0,low
13034,3126049261,2015-03-16,3,5904,259250.0,low
18396,7334600730,2014-12-11,4,8856,259000.0,low
18074,8019200823,2015-02-09,4,9000,259000.0,low
6141,323059167,2014-07-23,2,17389,259000.0,low
21221,8669160170,2014-05-22,3,3569,259000.0,low
13207,216500040,2015-02-26,3,7980,259000.0,low
18751,1796500100,2015-02-11,3,3604,259000.0,low
15542,1001200050,2014-09-23,4,7248,259000.0,low
18292,4027701220,2014-08-28,3,14046,259000.0,low
9735,2475201070,2014-07-16,3,4000,259000.0,low
2598,7697870350,2014-06-17,3,5909,259000.0,low
18954,7236100015,2014-05-20,3,8625,259000.0,low
6451,7524100280,2014-06-12,4,7560,259000.0,low
3003,1665400025,2014-10-28,3,7148,259000.0,low
2650,1687000200,2015-04-10,3,4400,259000.0,low
9373,8100900115,2015-02-06,3,4815,259000.0,low
4794,5412400170,2015-04-14,3,7120,259000.0,low
11568,2115510160,2014-12-08,3,8050,258950.0,low
7561,6752300120,2014-12-01,3,10436,258900.0,low
20557,2895800770,2015-04-08,2,1624,258800.0,low
5652,3391900130,2014-09-03,4,8400,258750.0,low
2207,1545802830,2015-03-09,3,7930,258500.0,low
12695,3375300150,2014-12-18,3,9000,258500.0,low
8036,3330500925,2015-02-24,2,2964,258305.0,low
5564,2459950010,2014-07-22,3,7200,258000.0,low
17496,2817850290,2014-12-01,3,7879,258000.0,low
7221,2459000020,2014-11-25,4,7199,258000.0,low
1254,8732131200,2014-08-08,3,9000,258000.0,low
8185,7212680850,2014-09-03,3,6930,258000.0,low
148,8075400570,2014-10-30,5,12500,258000.0,low
7744,4136800205,2015-02-19,2,6553,258000.0,low
5475,2013300050,2014-07-11,3,19978,258000.0,low
7689,7522700110,2014-06-24,3,7435,258000.0,low
9460,7347600210,2015-04-24,4,8500,258000.0,low
1002,4167300350,2014-05-08,4,8320,258000.0,low
5809,7129300420,2014-12-02,3,5650,258000.0,low
12401,1545800710,2014-05-23,3,7540,258000.0,low
6399,2475900840,2015-04-27,2,7000,258000.0,low
9041,5420300210,2014-10-07,3,7461,258000.0,low
6424,2011000010,2014-05-02,3,5858,257950.0,low
10675,4123800260,2014-11-03,4,6202,257700.0,low
5468,7806210380,2015-02-20,4,6400,257500.0,low
2635,6791400320,2014-09-23,3,14087,257500.0,low
18112,1862900690,2014-09-25,3,7078,257500.0,low
19193,2144800146,2014-08-26,3,9334,257500.0,low
6,1321400060,2014-06-27,3,6819,257500.0,low
6227,1898600050,2014-07-22,4,9323,257500.0,low
15867,7950304095,2015-02-17,1,6060,257500.0,low
12106,3822200036,2014-06-24,2,9265,257500.0,low
13352,5245600120,2014-10-09,3,13825,257500.0,low
14036,3451000442,2014-07-17,3,12500,257500.0,low
3293,2149800148,2014-05-14,3,8250,257200.0,low
9564,5595900355,2014-12-16,3,10227,257100.0,low
14042,9141100210,2014-09-08,2,9497,257000.0,low
15485,2873000920,2015-03-31,3,7210,257000.0,low
17439,3826500020,2014-08-28,3,9516,257000.0,low
19495,6411600411,2014-12-09,2,7200,257000.0,low
19593,421059018,2014-11-04,3,18000,257000.0,low
9448,2312400230,2014-09-24,3,12000,257000.0,low
2220,1926059155,2015-01-30,3,10920,257000.0,low
15447,7304301045,2015-02-03,2,11084,257000.0,low
16178,5643600351,2014-08-06,4,22896,257000.0,low
12089,1796360370,2015-03-25,3,8223,257000.0,low
12470,6623400193,2014-09-03,3,7850,257000.0,low
15092,2944500470,2014-06-05,4,7642,257000.0,low
12037,7696610240,2014-12-10,4,8500,257000.0,low
13825,5637200450,2014-10-17,5,10148,257000.0,low
11265,7968460240,2015-02-11,3,36537,257000.0,low
13473,9331800580,2015-03-10,2,3700,257000.0,low
16332,7338220280,2014-10-10,3,3721,257000.0,low
10239,179000505,2014-10-24,3,9000,257000.0,low
7618,3644100065,2015-04-27,2,2268,257000.0,low
20604,7899800857,2014-12-15,2,635,256950.0,low
13125,6700390230,2015-05-05,3,3951,256900.0,low
195,7796450200,2014-05-15,3,5025,256883.0,low
11151,9412700550,2014-05-21,3,8991,256750.0,low
20686,8141310030,2014-07-30,3,4441,256703.0,low
16579,984210170,2015-03-26,5,7350,256500.0,low
3507,2817100900,2014-05-19,2,9912,256500.0,low
8304,5466350120,2015-03-11,3,8568,256500.0,low
6810,4222500020,2015-02-19,3,7800,256400.0,low
1788,7211400990,2015-03-03,2,5000,256000.0,low
9730,4058801230,2015-03-05,4,6825,256000.0,low
16620,603001045,2015-04-29,3,4000,256000.0,low
3261,7224000315,2014-07-23,3,5375,256000.0,low
11792,873900240,2014-07-02,4,5787,256000.0,low
11155,8001100030,2015-01-02,3,5113,256000.0,low
7586,9352901085,2015-02-04,3,4720,256000.0,low
2826,8100000090,2014-11-11,3,7200,256000.0,low
18210,6700390090,2014-06-25,3,3676,255950.0,low
18348,5112800210,2014-10-24,4,11050,255950.0,low
20630,301400320,2014-07-25,3,3266,255900.0,low
16181,5727500561,2015-04-14,3,6186,255544.0,low
18869,723069013,2014-07-18,2,43560,255500.0,low
21093,3832050130,2014-10-21,3,5000,255500.0,low
14082,3521059042,2014-07-28,4,41194,255500.0,low
3794,4435000705,2015-03-09,3,8700,255500.0,low
6843,2618300190,2014-12-24,3,10296,255000.0,low
19551,5028602020,2015-03-05,3,7151,255000.0,low
3495,7987400356,2014-05-12,2,2500,255000.0,low
7531,8856004328,2015-03-27,4,5882,255000.0,low
4210,7334501130,2014-12-01,3,11475,255000.0,low
5963,5379800500,2014-09-30,3,25500,255000.0,low
5134,2873000780,2015-02-20,3,7210,255000.0,low
5996,3224079005,2014-10-09,2,43560,255000.0,low
5485,8645501330,2015-04-21,3,7480,255000.0,low
4890,2848700585,2015-04-24,1,5000,255000.0,low
4810,1105000233,2014-09-06,2,9330,255000.0,low
6515,7760400420,2014-07-18,3,8670,255000.0,low
20314,629650380,2015-01-23,4,6724,255000.0,low
3069,8698100115,2015-04-07,3,6000,255000.0,low
3202,723049596,2014-05-09,2,7980,255000.0,low
5601,4337000285,2015-02-24,3,8775,255000.0,low
6896,3530400080,2014-12-26,2,5433,255000.0,low
7150,9407001700,2014-08-19,2,20954,255000.0,low
20360,8690600050,2014-07-18,3,1116,255000.0,low
3768,5621100115,2014-12-18,2,5000,255000.0,low
11125,3365900106,2015-01-15,3,11330,255000.0,low
160,84000105,2014-05-07,5,8632,255000.0,low
459,1796360350,2015-01-28,3,8659,255000.0,low
14575,1432400120,2015-05-08,3,7690,255000.0,low
14026,3343901961,2015-03-31,3,12420,255000.0,low
11899,8016250060,2014-06-05,3,6176,255000.0,low
9731,2787320140,2015-03-24,3,7314,255000.0,low
11213,3210400060,2014-12-24,3,8206,255000.0,low
15395,7883604095,2014-12-09,3,6120,255000.0,low
11245,3546000070,2014-06-17,3,7532,255000.0,low
1313,2473251180,2014-12-17,3,13650,255000.0,low
16510,4060000170,2014-08-20,2,7810,255000.0,low
18325,1796370590,2015-03-05,3,7599,255000.0,low
9692,1900600105,2014-08-28,3,6604,255000.0,low
18019,1521049156,2014-10-10,3,16117,255000.0,low
11854,9412700160,2014-08-14,3,7770,255000.0,low
10015,1645000710,2015-04-10,3,8528,255000.0,low
13231,1624049092,2014-06-30,2,9967,255000.0,low
21436,1608000120,2015-02-02,3,5720,255000.0,low
13149,3782100155,2014-05-27,3,8100,255000.0,low
15325,5547500050,2014-09-17,3,10378,255000.0,low
21028,9352900222,2014-12-29,3,963,255000.0,low
14494,5001700040,2015-03-27,3,7810,255000.0,low
1651,5379801600,2015-04-24,2,9660,255000.0,low
12874,393000385,2014-12-15,3,7980,255000.0,low
10107,8581200240,2015-04-29,3,8800,255000.0,low
10883,3750605247,2014-08-04,3,12000,255000.0,low
922,4325000125,2015-03-18,3,8450,255000.0,low
258,9407100800,2014-11-24,3,10170,255000.0,low
12261,4406000390,2014-05-21,3,9039,255000.0,low
17887,8150100265,2014-11-18,2,4760,255000.0,low
1292,5341600030,2014-05-09,2,28717,255000.0,low
8357,8731983200,2015-03-10,2,8200,255000.0,low
15737,6300000213,2014-07-03,2,1598,255000.0,low
21070,880000211,2014-08-21,3,1133,255000.0,low
14016,6303400150,2014-09-29,3,8636,255000.0,low
17867,3031200120,2014-11-18,4,8863,255000.0,low
907,3387900390,2014-10-07,3,9315,255000.0,low
13059,2473100790,2014-07-18,3,8528,255000.0,low
16247,2212200050,2014-10-28,4,7200,255000.0,low
11845,3204400030,2014-07-02,4,3179,255000.0,low
18749,5115000100,2014-05-23,3,8371,255000.0,low
16685,7399300420,2014-08-18,3,7395,255000.0,low
11721,4136950200,2014-06-27,3,6194,255000.0,low
9121,1922059278,2015-03-05,3,11880,255000.0,low
11483,7806210400,2014-09-29,5,8925,255000.0,low
16707,3971701300,2014-12-20,2,9367,255000.0,low
21042,1389600040,2014-12-26,4,6000,255000.0,low
9426,5149800040,2014-09-18,4,12155,255000.0,low
16331,3211000170,2014-09-22,4,7800,255000.0,low
17264,4068300280,2014-07-08,3,9720,255000.0,low
18472,3211000040,2014-12-04,3,11410,255000.0,low
11674,7987400316,2014-08-14,1,1642,255000.0,low
11664,9558800030,2014-11-07,2,8400,255000.0,low
11661,5245400030,2015-02-23,4,9102,255000.0,low
11590,8570900023,2014-10-10,3,10094,255000.0,low
13631,7760400210,2015-02-24,3,8454,255000.0,low
1824,3810000565,2014-07-02,4,8960,255000.0,low
8661,523049106,2014-08-26,2,19965,255000.0,low
1926,7316400070,2014-09-25,5,9900,255000.0,low
8127,6386700300,2014-07-22,4,9222,255000.0,low
14786,2420069604,2015-03-30,3,6200,255000.0,low
2348,251300260,2014-05-15,4,7800,255000.0,low
14757,6649500040,2014-08-12,3,9472,255000.0,low
15845,1137600190,2015-04-30,3,13282,255000.0,low
9068,6052401215,2014-06-09,2,9000,255000.0,low
18933,7696620100,2015-04-22,3,7560,254999.0,low
20135,6181410950,2014-09-22,3,4769,254950.0,low
17255,1545806720,2014-08-26,4,8800,254950.0,low
15894,6668900010,2014-11-17,2,8100,254950.0,low
19574,558100065,2014-10-03,2,8160,254922.0,low
2937,2021069059,2014-06-26,3,20000,254600.0,low
11510,4136880140,2014-05-22,4,7264,254500.0,low
15452,2172000285,2015-03-23,2,11250,254500.0,low
6524,2329800430,2015-02-04,3,8188,254000.0,low
10293,1432400570,2014-07-18,3,7560,254000.0,low
11636,2215901230,2015-05-07,3,7694,254000.0,low
10228,6792200282,2014-09-22,3,10608,254000.0,low
16232,2215901190,2014-05-28,3,7480,254000.0,low
1200,11900140,2014-05-09,3,4597,254000.0,low
849,9510900270,2014-12-11,3,9000,254000.0,low
5849,4299700095,2014-05-16,4,4235,254000.0,low
6579,321049090,2014-06-26,5,16117,254000.0,low
9057,8108600442,2015-05-05,3,16800,254000.0,low
2372,9371700125,2014-05-28,2,8187,254000.0,low
11887,3336001360,2014-08-26,2,6000,254000.0,low
16461,9476200020,2015-03-06,3,7384,254000.0,low
6685,7789000080,2014-09-30,3,8400,253905.0,low
3577,5381600110,2014-06-18,4,9600,253779.0,low
15726,1612500170,2015-02-26,4,7110,253750.0,low
11404,2220069196,2014-08-11,3,20400,253500.0,low
12403,4365200186,2014-06-06,2,4800,253500.0,low
16329,7984400005,2014-06-26,3,12384,253500.0,low
17784,7763400035,2015-04-02,3,12040,253500.0,low
18124,3584000180,2014-05-28,3,8640,253400.0,low
13804,421000455,2015-05-02,3,5840,253200.0,low
20777,2822059360,2014-07-24,3,6036,253101.0,low
10574,1796380060,2014-12-01,3,7372,253000.0,low
11140,2787311480,2014-09-29,3,7416,253000.0,low
1401,5636000400,2014-05-07,3,10122,253000.0,low
16481,4060000290,2014-06-17,3,6600,253000.0,low
3330,1765100025,2015-02-02,3,9806,253000.0,low
16504,7224500010,2014-06-03,2,5000,253000.0,low
993,5559600140,2015-05-05,3,7651,253000.0,low
6728,6929603769,2014-07-21,3,9750,253000.0,low
17996,2212210360,2014-07-02,2,7128,253000.0,low
15641,6147650170,2014-05-14,4,4541,253000.0,low
6221,4222310290,2014-08-19,4,7826,253000.0,low
7642,2987400025,2014-10-09,3,6250,253000.0,low
5969,1422700080,2014-06-10,3,7281,253000.0,low
17645,3830620300,2014-11-03,3,8240,253000.0,low
938,5466420030,2014-10-07,3,6564,253000.0,low
6565,4338800190,2014-06-26,4,7410,252750.0,low
23,8091400200,2014-05-16,2,9643,252700.0,low
20276,1105000373,2015-05-06,2,986,252500.0,low
19230,6664900410,2014-06-26,3,8002,252500.0,low
16596,2787311190,2014-11-14,3,7192,252500.0,low
3609,8658303585,2014-08-07,2,7500,252500.0,low
7889,8798000100,2014-08-25,4,11280,252500.0,low
16014,5104450440,2014-11-13,3,10684,252500.0,low
13159,2473100330,2014-09-23,2,8710,252500.0,low
19541,1722800835,2014-08-11,2,2191,252500.0,low
17387,6413600290,2014-05-09,3,6127,252500.0,low
1145,3352402236,2014-12-15,3,6000,252500.0,low
387,2460700700,2014-05-15,3,7352,252350.0,low
13554,1023059186,2015-01-26,3,9465,252000.0,low
18417,1423900220,2014-07-09,4,8250,252000.0,low
10048,1545805460,2015-02-04,3,7500,252000.0,low
13344,5561720180,2014-08-26,3,10836,252000.0,low
19159,104510230,2014-11-19,3,7210,252000.0,low
13738,9269750220,2014-12-23,3,11313,252000.0,low
12681,5422420120,2014-07-17,3,6788,252000.0,low
12699,1545804240,2015-04-02,3,6865,252000.0,low
10141,4167100240,2015-03-10,3,16819,252000.0,low
3234,3123039089,2014-07-15,2,15450,252000.0,low
13067,2893000610,2014-06-24,3,7881,252000.0,low
1964,8637100370,2014-11-12,3,5670,252000.0,low
18168,88000790,2014-07-14,3,9730,252000.0,low
13640,7304300905,2015-04-23,3,8184,252000.0,low
11552,4331000400,2015-02-20,3,13200,252000.0,low
6006,1545803390,2014-11-11,3,8284,252000.0,low
15649,1503200050,2014-11-18,4,13370,252000.0,low
20130,3336500190,2015-01-30,3,4020,252000.0,low
2299,5126950340,2015-03-30,3,7700,252000.0,low
354,9262800171,2015-03-24,4,19800,252000.0,low
1734,913000340,2015-01-02,1,1638,252000.0,low
4075,6802210090,2014-08-22,3,8410,252000.0,low
11126,1761300340,2014-06-10,3,7200,251750.0,low
2137,3810000202,2014-09-05,3,11800,251700.0,low
9370,6123600090,2014-05-19,4,8250,251200.0,low
6374,8662500130,2014-12-09,4,5257,251100.0,low
15876,2634500050,2014-09-10,2,7870,251000.0,low
14895,1163400020,2015-04-03,3,21600,251000.0,low
10724,4279900140,2014-10-01,4,5974,251000.0,low
3635,5602000025,2015-02-26,3,10212,251000.0,low
12122,7520000695,2015-04-21,3,4495,251000.0,low
10178,7522600030,2014-08-26,3,8400,251000.0,low
15844,8039900086,2014-05-09,3,7250,251000.0,low
17074,7985000010,2015-04-15,3,10125,251000.0,low
7947,1545803520,2015-01-26,3,7930,251000.0,low
6505,2113700500,2014-10-05,3,4000,250800.0,low
2952,3339900096,2014-12-10,5,12058,250750.0,low
9464,5647900120,2014-06-13,4,8660,250600.0,low
16177,2791500020,2014-06-04,3,7225,250500.0,low
1234,6117501820,2014-06-18,2,11234,250275.0,low
2831,8731951130,2014-06-09,3,8000,250250.0,low
18587,8857600360,2014-08-28,3,7384,250200.0,low
11702,16000200,2014-10-24,3,4420,250000.0,low
11648,2523039282,2014-11-21,2,21158,250000.0,low
5402,6918100170,2015-03-19,4,7882,250000.0,low
18303,5466700450,2014-10-15,4,7350,250000.0,low
5216,3329520170,2014-05-21,3,7258,250000.0,low
6112,8732160050,2014-08-22,3,7414,250000.0,low
248,3021059276,2015-03-14,4,7312,250000.0,low
6318,9320600020,2015-01-30,4,8400,250000.0,low
1545,1311100520,2015-04-14,4,8400,250000.0,low
19695,629650370,2015-01-23,3,6351,250000.0,low
11817,5438000060,2014-11-03,3,10850,250000.0,low
1485,3395800295,2014-07-11,2,8786,250000.0,low
2038,3395040550,2014-07-28,3,2890,250000.0,low
817,1922059135,2015-05-13,2,5500,250000.0,low
1457,1596600060,2015-05-01,1,2600,250000.0,low
15495,7524000280,2014-10-30,4,7412,250000.0,low
7155,1545808110,2014-06-17,4,8100,250000.0,low
11755,4123800270,2014-07-10,3,5457,250000.0,low
11434,109200390,2014-10-20,3,3900,250000.0,low
13547,424500035,2015-02-12,3,5478,250000.0,low
21140,301402140,2015-02-26,3,2820,250000.0,low
3332,3410600015,2015-04-06,2,16828,250000.0,low
6362,5104500020,2014-06-17,2,1360,250000.0,low
1385,3342700465,2015-01-23,3,10182,250000.0,low
5272,4204400098,2015-01-19,5,8250,250000.0,low
11505,985001275,2014-06-20,1,16306,250000.0,low
11940,537000416,2015-04-29,3,7900,250000.0,low
3868,1311000600,2014-09-25,5,7700,250000.0,low
15257,100500020,2014-09-11,3,6600,250000.0,low
5443,7893808220,2014-07-09,3,8062,250000.0,low
15288,8651440250,2015-04-13,3,5200,250000.0,low
10785,2616700560,2014-12-04,3,13085,250000.0,low
16107,16000545,2015-03-12,4,11212,250000.0,low
17416,7227501190,2015-04-27,3,5038,250000.0,low
12219,7888200140,2014-06-04,4,8701,250000.0,low
6902,5249801440,2014-12-16,3,7650,250000.0,low
10120,9423800030,2014-11-18,3,7470,250000.0,low
6894,6882520050,2014-10-07,3,6060,250000.0,low
20579,1760651000,2014-06-13,3,3814,250000.0,low
5910,2923049421,2014-07-02,3,7738,250000.0,low
10860,3361401977,2014-08-26,3,15340,250000.0,low
10643,114100791,2015-04-03,3,9848,250000.0,low
9235,302000375,2015-05-06,3,18304,250000.0,low
10510,8699100160,2015-02-10,4,5404,250000.0,low
10483,1430800162,2015-01-14,3,8000,250000.0,low
5826,1773101159,2015-01-07,3,572,250000.0,low
5730,5634500170,2014-08-19,2,11835,250000.0,low
17276,7338402850,2014-11-26,4,2500,250000.0,low
1067,1607100139,2014-07-25,3,6250,250000.0,low
17171,739820050,2015-05-05,3,7200,250000.0,low
18228,40001065,2014-05-29,2,26051,250000.0,low
1971,2129700320,2015-05-05,1,87120,250000.0,low
12114,1823069046,2015-04-20,3,23522,250000.0,low
13099,3395800155,2014-08-05,3,8100,250000.0,low
15700,646910020,2014-08-28,3,2802,250000.0,low
15589,1117000050,2015-03-13,3,9990,250000.0,low
12007,3275300270,2014-07-08,3,10400,250000.0,low
11038,1657000070,2014-11-18,3,12096,250000.0,low
1961,4136950140,2014-12-15,3,6000,250000.0,low
15593,3438503214,2015-04-07,4,7102,250000.0,low
19734,4051150070,2014-12-23,3,4339,250000.0,low
17085,5252000170,2014-11-26,3,10230,250000.0,low
5562,2154550020,2014-11-11,3,6191,250000.0,low
920,7524000030,2014-06-30,3,9220,250000.0,low
9905,7883602650,2015-04-13,2,4320,250000.0,low
12971,3224800120,2014-08-26,3,8400,250000.0,low
15207,5412100920,2014-12-03,4,6643,250000.0,low
12963,3375300210,2014-09-18,3,8548,250000.0,low
3130,7832800015,2015-02-26,3,6750,250000.0,low
12950,120059044,2015-02-17,3,286355,250000.0,low
5535,1445200050,2014-11-10,2,1086,250000.0,low
17695,2591730230,2014-09-12,4,5770,250000.0,low
18308,3524039060,2014-06-01,1,4000,250000.0,low
19252,4047200820,2014-08-22,3,26127,250000.0,low
715,3832200070,2014-12-22,4,7140,250000.0,low
19070,1321400650,2014-06-03,3,7652,250000.0,low
8937,2788400090,2014-08-07,3,7700,250000.0,low
9131,1921069059,2014-12-30,1,123710,250000.0,low
20533,1545808120,2014-09-18,3,8100,250000.0,low
2284,2796100160,2014-05-20,4,7560,250000.0,low
2632,7983000200,2015-02-25,3,8284,250000.0,low
9122,6623400356,2014-07-02,3,24805,250000.0,low
3719,7282900025,2014-05-06,3,6874,250000.0,low
8518,4038000040,2015-03-26,4,8250,250000.0,low
7422,3243100050,2014-07-22,3,7920,250000.0,low
7375,7228501903,2014-08-05,1,1033,250000.0,low
7750,3031200246,2014-07-11,3,4429,250000.0,low
5062,3172600151,2015-03-25,4,7296,250000.0,low
18841,2781250970,2015-05-01,2,4023,250000.0,low
14490,7831800411,2014-10-20,4,5500,250000.0,low
5078,5412300130,2014-11-19,3,7280,250000.0,low
14311,8892900180,2014-06-17,3,6134,250000.0,low
15023,1253200170,2014-05-20,4,6300,250000.0,low
8331,3601800580,2014-10-21,4,9000,250000.0,low
19087,9476200580,2014-07-10,3,8711,250000.0,low
16066,2508000020,2014-08-19,2,6350,250000.0,low
2164,6623400217,2014-05-15,3,10350,250000.0,low
8332,3336000296,2014-11-13,4,4900,250000.0,low
21443,3278600750,2015-04-07,1,1688,250000.0,low
16384,5101400561,2014-10-15,2,6380,250000.0,low
2330,7454000030,2014-08-16,2,6840,250000.0,low
16526,3751600430,2014-12-26,3,35233,250000.0,low
4317,2822059262,2014-12-01,3,52272,250000.0,low
8237,293000145,2014-11-13,4,7404,250000.0,low
16604,1432700420,2014-07-28,3,10914,250000.0,low
3422,3241600015,2015-03-05,3,7800,250000.0,low
9200,1555300490,2014-12-29,3,7800,250000.0,low
7930,5419800220,2014-06-10,3,7560,250000.0,low
7997,40000553,2015-03-04,2,19570,250000.0,low
7715,2475200870,2014-09-17,2,5773,250000.0,low
8821,1771100330,2014-06-05,3,10384,250000.0,low
9037,1221000395,2014-05-07,1,4373,250000.0,low
7638,1022059123,2014-12-26,6,10890,250000.0,low
14810,3750603685,2014-07-23,3,14400,250000.0,low
8144,1545801970,2014-05-16,3,6660,250000.0,low
7819,7452500530,2015-02-19,2,6370,250000.0,low
14787,8078050040,2014-09-08,3,11161,250000.0,low
7502,345700180,2014-07-16,2,10556,250000.0,low
2132,2113701200,2014-09-12,2,4640,250000.0,low
2699,985001266,2014-12-15,3,11111,250000.0,low
8447,7227800025,2014-11-18,3,7701,250000.0,low
7629,4024100090,2014-10-08,3,16000,250000.0,low
18693,7524600120,2015-03-05,3,32137,250000.0,low
20240,6145601599,2014-06-11,2,846,250000.0,low
2206,4399200075,2014-07-03,3,8868,250000.0,low
19122,2781250610,2014-12-02,3,2781,250000.0,low
5140,7140200280,2014-07-15,4,7700,250000.0,low
4885,3832710840,2014-06-02,4,7560,250000.0,low
4554,5595900090,2014-06-09,5,5753,250000.0,low
19090,5101408735,2014-11-03,2,5220,250000.0,low
15882,7211400525,2014-05-30,4,5000,249950.0,low
21256,8141310080,2014-11-03,3,4438,249950.0,low
1604,3021059244,2014-08-14,3,10454,249950.0,low
15625,7657600005,2014-10-31,5,7375,249950.0,low
7066,1423400005,2014-08-15,3,11658,249950.0,low
14548,2734100736,2014-09-10,3,2003,249950.0,low
793,1446800511,2014-10-09,4,7980,249950.0,low
8701,8092700230,2015-02-11,3,15210,249950.0,low
14869,1823069213,2014-05-05,3,15040,249950.0,low
4435,1423600300,2014-11-17,3,7698,249950.0,low
7998,7686203195,2015-03-23,3,6875,249950.0,low
4398,3821000100,2015-03-20,4,10530,249950.0,low
7384,1148000190,2014-05-22,2,8532,249950.0,low
8502,4364700165,2014-11-24,2,7560,249900.0,low
1033,3353400860,2014-07-17,3,12522,249900.0,low
10051,104501040,2014-10-03,4,7854,249900.0,low
834,5066400483,2014-11-20,3,14000,249900.0,low
7721,3333000775,2014-09-03,3,5000,249900.0,low
16555,2781270080,2014-10-30,2,2541,249900.0,low
19985,2781280300,2014-10-16,3,3517,249900.0,low
19288,1796380330,2014-06-23,3,6738,249900.0,low
11832,2591730200,2014-07-17,3,6404,249900.0,low
6017,7387500185,2014-05-21,2,5500,249900.0,low
13535,9320870040,2014-06-26,3,7700,249900.0,low
17845,7225000215,2015-04-07,2,4500,249500.0,low
1060,1795500240,2014-06-23,2,8645,249500.0,low
16486,8960200280,2015-02-18,3,7200,249500.0,low
12087,7806210070,2015-02-11,4,8554,249500.0,low
17531,2114700460,2014-08-18,3,5150,249000.0,low
5291,5379804690,2014-08-13,3,18335,249000.0,low
13698,1645000097,2014-08-09,3,8500,249000.0,low
5050,8128700005,2014-11-19,4,7552,249000.0,low
8206,2895110062,2014-12-02,3,14626,249000.0,low
11969,114100354,2014-12-12,3,10296,249000.0,low
8833,7697920450,2014-06-25,4,6136,249000.0,low
21470,121039156,2015-01-09,3,24750,249000.0,low
1839,1313500070,2014-08-20,3,7200,249000.0,low
8702,4435000490,2014-10-15,4,8410,249000.0,low
13415,1432701510,2014-10-21,4,7560,249000.0,low
3184,3343903640,2015-03-13,3,5648,249000.0,low
7181,4137000460,2015-02-25,3,7500,249000.0,low
1500,4324200060,2015-03-12,3,8247,249000.0,low
8984,9406500530,2014-09-12,2,1357,249000.0,low
3593,9392500100,2014-07-23,4,9576,249000.0,low
538,5466410030,2015-04-10,3,6082,249000.0,low
9571,4053200933,2014-06-23,3,19204,249000.0,low
20756,3057000400,2014-07-08,2,2686,249000.0,low
8703,3686900025,2015-04-08,3,7535,249000.0,low
16578,5112800190,2015-03-27,3,11579,249000.0,low
21550,880000205,2014-07-29,3,1125,249000.0,low
18664,8732040580,2014-12-18,3,7200,249000.0,low
12848,2787460120,2014-05-16,3,7673,249000.0,low
2878,1665400165,2014-05-07,3,8423,249000.0,low
8651,8802400411,2014-06-19,3,8498,249000.0,low
16308,5559200020,2015-02-27,3,12285,248500.0,low
12975,8019200360,2015-05-06,2,10064,248500.0,low
17506,7985100190,2015-01-06,3,7293,248500.0,low
4775,8154100020,2014-09-06,3,12026,248500.0,low
12380,6300000368,2015-03-27,2,1498,248500.0,low
14486,4302200790,2014-08-14,2,5160,248500.0,low
4728,2522059112,2014-05-07,4,10018,248500.0,low
6301,8960200630,2015-02-20,3,6947,248000.0,low
8419,2172000846,2014-06-19,4,13510,248000.0,low
4838,5151600480,2015-04-02,3,19501,248000.0,low
5687,6135300010,2014-12-04,2,8301,248000.0,low
15419,5009600010,2014-06-12,4,5855,248000.0,low
14449,7686204675,2015-01-29,4,7515,248000.0,low
4299,2122059160,2015-04-27,5,16788,248000.0,low
10569,8856004327,2014-05-09,4,5883,248000.0,low
20151,53500020,2015-01-14,3,4046,248000.0,low
6059,2202500080,2014-06-30,3,9400,248000.0,low
8402,2616700450,2014-11-07,3,9831,248000.0,low
1621,1310500550,2014-12-20,4,8760,248000.0,low
6272,2946001950,2015-05-05,3,6000,248000.0,low
3600,104530490,2014-05-16,4,6519,248000.0,low
3885,5279100625,2015-04-29,2,8600,248000.0,low
13236,5412300410,2015-03-25,3,8800,248000.0,low
2819,3668001080,2014-09-11,3,6840,248000.0,low
9439,4302201085,2014-09-18,3,7680,248000.0,low
13329,4356200120,2014-10-23,1,12000,248000.0,low
2094,6083000083,2014-06-11,5,9078,248000.0,low
10332,6064800550,2014-08-02,3,2170,247800.0,low
18742,7349650230,2015-03-02,3,6000,247500.0,low
16053,8651442910,2015-03-25,4,5200,247500.0,low
18646,643000110,2015-03-25,3,11060,247500.0,low
1871,1887500045,2014-12-26,4,5921,247500.0,low
3099,5360200054,2014-10-02,3,8749,247500.0,low
16067,1424059130,2015-03-18,3,72309,247500.0,low
96,3422049190,2015-03-30,3,15681,247500.0,low
17314,9325800005,2014-12-01,2,6046,247500.0,low
4003,6209000165,2014-07-24,4,7765,247500.0,low
17047,9315000010,2015-03-03,4,8400,247500.0,low
3343,7132300042,2014-10-28,2,1118,247300.0,low
15650,2599000130,2014-07-16,3,11200,247200.0,low
13709,3021059197,2014-10-21,3,10583,247200.0,low
6111,1796360470,2014-06-17,3,8719,247200.0,low
6745,9269750460,2014-05-19,3,7941,247000.0,low
12126,1311000270,2015-04-16,5,9350,247000.0,low
9558,8732040820,2014-10-17,3,8740,247000.0,low
12020,2312400200,2015-01-02,3,10875,247000.0,low
4421,9835800750,2014-12-03,3,7630,247000.0,low
18052,1352300580,2014-11-14,1,4120,247000.0,low
10917,7227800055,2014-11-24,4,8116,247000.0,low
158,8029200135,2014-11-13,3,7198,247000.0,low
20925,8141310040,2014-06-27,3,4440,246950.0,low
11357,2734100738,2014-10-29,3,1682,246950.0,low
11249,7905400160,2015-02-11,3,9800,246900.0,low
4083,1156000100,2014-12-24,3,13309,246700.0,low
9798,395800370,2015-04-11,4,8400,246600.0,low
2638,8732000390,2014-05-29,3,11600,246500.0,low
819,1565900070,2014-07-21,3,8919,246500.0,low
19512,2023049361,2015-03-23,2,6000,246500.0,low
18352,1545801500,2014-06-25,3,7686,246500.0,low
13693,937000330,2015-03-19,3,11530,246500.0,low
6692,4338800170,2014-05-07,3,7410,246000.0,low
13386,1591600676,2015-03-11,3,9145,246000.0,low
19503,1612500155,2015-03-17,4,7110,246000.0,low
13303,1921059213,2015-03-27,5,10200,246000.0,low
17651,2115510300,2014-10-16,3,10500,246000.0,low
14600,3422049158,2014-07-11,3,11325,246000.0,low
13930,985001082,2014-05-21,3,23819,246000.0,low
9753,8645500270,2014-10-28,4,7455,246000.0,low
8462,1218000025,2014-10-13,4,7632,246000.0,low
12951,420069021,2014-10-27,3,203861,246000.0,low
9420,1938400040,2015-02-20,3,10200,246000.0,low
6981,6624010170,2014-05-08,3,7399,246000.0,low
15402,2791500280,2014-11-19,3,6675,246000.0,low
2154,4435000520,2014-09-26,3,8410,245990.0,low
11262,9835801000,2014-06-25,3,8400,245700.0,low
12959,8165100035,2014-12-03,2,9693,245560.0,low
15133,910000104,2014-08-06,2,7500,245500.0,low
9334,7147800015,2015-04-01,2,9782,245500.0,low
7264,303100080,2014-05-28,3,7958,245100.0,low
15893,6084600420,2014-09-05,4,9113,245000.0,low
3808,3530540090,2014-11-13,2,6258,245000.0,low
860,1723049033,2014-06-20,1,15000,245000.0,low
6426,8016250080,2014-07-09,3,7223,245000.0,low
15146,7961500010,2014-08-06,3,10794,245000.0,low
8423,6700390210,2014-07-08,3,2788,245000.0,low
18514,8732040180,2014-12-19,4,7650,245000.0,low
14934,1922059102,2014-09-24,2,7230,245000.0,low
10905,8078050140,2014-10-02,3,8448,245000.0,low
1412,2171400218,2015-04-16,4,8000,245000.0,low
4050,8078490090,2015-05-08,3,11452,245000.0,low
9372,6386700110,2014-08-05,3,8208,245000.0,low
4157,1796350690,2014-08-20,3,8250,245000.0,low
16608,3644100073,2014-11-22,2,1675,245000.0,low
14792,2013801086,2015-05-13,3,7391,245000.0,low
18456,2372800100,2014-09-25,3,9126,245000.0,low
3308,1938400300,2014-07-08,4,6390,245000.0,low
1213,8856971000,2015-04-06,3,4271,245000.0,low
11346,8856950310,2014-05-24,3,6908,245000.0,low
11433,109200390,2014-08-20,3,3900,245000.0,low
8441,2188201010,2015-01-21,3,12000,245000.0,low
4556,4270600025,2014-05-13,5,7902,245000.0,low
425,1545808560,2015-04-03,3,8500,245000.0,low
5124,1683600130,2014-12-10,3,9342,245000.0,low
727,1932300075,2014-09-10,2,5900,245000.0,low
8282,3644100072,2014-11-07,2,2356,245000.0,low
4610,1388600110,2014-08-21,3,7929,245000.0,low
16153,7972601995,2014-06-16,2,4880,245000.0,low
9123,9407111250,2014-10-29,3,8625,245000.0,low
17820,7957600025,2014-05-08,3,7964,245000.0,low
16398,7893206305,2014-10-06,3,10000,245000.0,low
11472,7972603385,2014-05-16,2,6150,245000.0,low
17610,7347600490,2014-08-14,3,13125,245000.0,low
11734,7967700570,2015-03-02,3,6775,245000.0,low
17836,7697850360,2015-02-04,3,9598,245000.0,low
254,3830630060,2014-09-29,3,7442,245000.0,low
339,4268200055,2015-05-01,3,11547,245000.0,low
6488,1545808370,2015-04-22,3,8100,245000.0,low
11061,6141100320,2014-07-07,2,6685,245000.0,low
1551,7203000465,2014-10-18,3,9333,245000.0,low
11696,8731982470,2014-07-15,3,8000,245000.0,low
18872,3832500230,2015-01-05,4,8800,245000.0,low
20013,9524100207,2015-01-30,2,1058,245000.0,low
4128,2887950110,2014-11-06,3,6785,245000.0,low
14927,1823049242,2014-10-06,3,7250,245000.0,low
7789,8731982550,2014-12-10,4,8800,245000.0,low
7719,2781320100,2015-03-09,3,24650,245000.0,low
2820,5540800100,2015-05-11,3,6630,245000.0,low
1619,7454000295,2015-01-30,2,6322,245000.0,low
6046,1207200010,2015-03-18,4,10416,245000.0,low
12873,3352400905,2014-05-16,4,7200,245000.0,low
2256,8880600070,2014-11-12,4,8750,245000.0,low
1028,7697920160,2014-05-15,3,6930,245000.0,low
15090,7697860130,2015-01-06,3,7008,245000.0,low
695,7697870860,2014-06-25,3,5760,245000.0,low
10540,9235900030,2014-07-17,2,6120,245000.0,low
12707,8019200845,2015-02-18,2,15000,245000.0,low
14197,3329520410,2014-05-05,3,9306,245000.0,low
5839,4345000050,2014-06-30,3,14197,245000.0,low
8948,6700390150,2014-09-23,3,3407,245000.0,low
4898,4154300275,2015-01-15,2,4800,245000.0,low
3654,6700390100,2015-03-18,3,6187,245000.0,low
7424,7140600020,2015-04-14,3,9599,245000.0,low
10144,9211500560,2014-10-28,3,6790,245000.0,low
10203,3568200060,2014-09-02,3,9600,245000.0,low
8668,6620400025,2015-05-01,3,9875,245000.0,low
3418,6450303820,2014-09-30,2,7475,245000.0,low
18605,9476200650,2015-04-16,2,7679,245000.0,low
7462,7129301851,2014-09-23,2,5650,245000.0,low
13835,9477100620,2015-02-19,3,7125,245000.0,low
12995,9211520410,2014-10-09,3,11593,245000.0,low
8595,6303401395,2015-02-19,2,8382,245000.0,low
10355,3826000550,2015-04-14,5,8100,245000.0,low
10147,3419600125,2014-07-01,3,4072,245000.0,low
7600,1207000025,2014-08-01,3,6000,245000.0,low
4171,492000475,2014-12-11,4,7561,245000.0,low
637,5379805460,2015-01-21,3,8910,245000.0,low
14414,1545807920,2014-10-15,3,8614,245000.0,low
13194,9542800610,2015-02-19,4,7700,245000.0,low
19769,6781200013,2014-05-07,3,1270,245000.0,low
3677,7225000090,2014-10-17,2,4500,245000.0,low
5575,807800190,2015-02-04,3,12720,245000.0,low
21332,9266700190,2015-05-11,1,2000,245000.0,low
4925,1003600080,2014-11-07,3,9678,245000.0,low
1004,8946750030,2014-12-18,3,3677,245000.0,low
10669,7888100240,2014-12-09,4,7547,245000.0,low
12768,4222200210,2014-05-22,4,8000,245000.0,low
16653,2895550190,2014-08-08,4,4268,245000.0,low
20051,2911000100,2015-03-10,4,4888,245000.0,low
18797,5468000180,2015-03-05,4,19177,244950.0,low
12418,123039336,2014-12-08,1,8261,244900.0,low
8652,2953000090,2014-12-02,3,9980,244900.0,low
10603,1322049335,2014-05-28,3,4030,244615.0,low
12946,798000145,2014-09-24,2,14500,244500.0,low
16743,8562000010,2015-05-01,3,8864,244500.0,low
6719,5417600130,2014-10-10,2,9000,244500.0,low
17315,7520000020,2014-05-23,4,8960,244000.0,low
19372,8802400906,2014-08-29,3,8885,244000.0,low
15195,1938400010,2014-12-17,3,7475,244000.0,low
19164,2988800011,2015-04-14,3,15900,244000.0,low
9580,3275310220,2014-12-22,3,9688,244000.0,low
5375,4359100050,2015-03-30,3,9625,244000.0,low
4065,2475200590,2015-04-21,3,4692,244000.0,low
11675,3971702325,2014-11-03,3,9337,244000.0,low
14721,1430800258,2014-05-27,3,5250,244000.0,low
18058,3123049131,2014-12-18,2,10200,244000.0,low
19377,8078050120,2014-12-10,3,8587,244000.0,low
18090,6163901380,2014-11-14,2,8450,244000.0,low
18321,920069052,2015-04-21,2,35500,243950.0,low
13222,2524069072,2014-06-26,3,27760,243800.0,low
5185,3333002790,2015-01-23,2,5016,243500.0,low
13895,2500600297,2014-08-14,3,7794,243500.0,low
17661,6929603207,2014-12-10,4,6200,243500.0,low
90,2791500270,2014-05-22,4,7403,243500.0,low
7212,4030500130,2014-09-23,4,15188,243500.0,low
5298,7523700305,2014-10-12,4,7464,243400.0,low
9250,1446401540,2014-09-16,3,6600,243000.0,low
711,7967200060,2014-09-08,3,12125,243000.0,low
1837,8643200055,2014-06-01,3,12000,243000.0,low
7892,9406500540,2014-06-30,2,1758,243000.0,low
18123,1822059382,2015-01-02,3,10416,243000.0,low
12720,1355000220,2015-01-19,3,8034,243000.0,low
2313,3810000465,2014-05-20,2,5522,243000.0,low
6825,1320069163,2015-03-04,3,15416,243000.0,low
6624,2944510080,2014-12-14,4,7720,242550.0,low
10418,6632900354,2014-09-10,3,5870,242500.0,low
3366,2560805630,2014-09-23,3,10000,242500.0,low
12817,646910620,2014-09-22,3,1905,242500.0,low
12986,1432701430,2014-09-10,3,7380,242500.0,low
5613,2618300080,2014-05-02,3,9720,242500.0,low
4276,8731730590,2015-05-13,4,8544,242150.0,low
14597,2525310220,2014-10-16,3,9900,242050.0,low
12535,922059020,2014-07-16,4,54014,242025.0,low
17714,7303200450,2015-04-08,3,7560,242000.0,low
8675,5379805160,2014-10-02,5,7494,242000.0,low
14710,3876540410,2015-04-13,3,7292,242000.0,low
4341,9407000600,2014-09-16,3,9600,242000.0,low
2410,1545800640,2014-06-18,3,8092,242000.0,low
12192,7466900320,2015-03-04,3,9856,242000.0,low
12557,2899200040,2014-07-15,4,7620,242000.0,low
15519,2632000080,2014-07-10,2,21850,242000.0,low
7486,3275800050,2014-10-22,3,8922,242000.0,low
17111,8864000425,2014-08-05,3,6099,242000.0,low
19329,8731960540,2014-12-15,4,11400,242000.0,low
614,5115000160,2014-06-17,3,7524,242000.0,low
17343,1312930250,2014-05-28,3,9645,242000.0,low
5286,9264900660,2014-09-19,4,9654,241500.0,low
17503,4345000440,2015-02-23,3,7349,241500.0,low
5574,2268000470,2014-12-31,3,10425,241500.0,low
14217,2634500085,2014-08-12,3,8138,241450.0,low
5691,2025600280,2015-04-06,3,9828,241400.0,low
3995,8100000110,2014-12-26,3,7588,241250.0,low
10898,8649401000,2014-10-22,2,9750,241000.0,low
13301,7967700530,2015-02-13,3,7538,241000.0,low
5992,2781270440,2014-05-19,2,3128,241000.0,low
1416,6664900260,2015-02-19,3,6000,241000.0,low
1096,4366700140,2014-12-19,3,9611,241000.0,low
17722,104550750,2014-07-28,3,7131,241000.0,low
9886,3830610320,2015-01-05,3,8000,241000.0,low
6278,8068000305,2014-11-04,3,10000,241000.0,low
7055,3329530480,2014-07-01,3,7000,241000.0,low
5879,4060000440,2015-02-04,3,6050,241000.0,low
325,7520000520,2015-03-11,2,12092,240500.0,low
595,8018600765,2014-06-04,3,10584,240500.0,low
4347,2822049160,2015-04-17,3,10187,240415.0,low
14863,7760400880,2014-09-29,4,11841,240000.0,low
13926,4222200120,2015-02-05,3,7526,240000.0,low
5086,5071700020,2014-07-03,3,8750,240000.0,low
16787,1557000190,2014-10-09,3,9477,240000.0,low
4392,7211402305,2015-04-15,3,5000,240000.0,low
13651,2807100155,2014-05-15,3,6200,240000.0,low
13626,2722049092,2015-01-08,4,14810,240000.0,low
13160,1523069095,2015-03-23,2,24319,240000.0,low
14973,1545801850,2014-07-23,3,7362,240000.0,low
17182,7883601155,2014-05-30,3,6000,240000.0,low
12857,2143700676,2014-09-08,3,7800,240000.0,low
12861,7334500120,2014-06-11,3,9760,240000.0,low
13397,7697920150,2014-10-02,4,7614,240000.0,low
11784,1823049046,2014-08-06,2,9880,240000.0,low
14998,1840200080,2014-12-03,3,9000,240000.0,low
11841,2011400520,2014-06-19,4,14690,240000.0,low
3329,7523700245,2014-10-15,3,7560,240000.0,low
6062,5379805253,2014-10-20,2,8400,240000.0,low
4612,1061500110,2015-04-23,3,15264,240000.0,low
4882,1545803890,2014-12-31,3,7931,240000.0,low
20023,301402120,2014-06-25,3,2820,240000.0,low
16938,4222310680,2014-09-26,3,11118,240000.0,low
16937,4233400480,2014-11-24,3,10299,240000.0,low
14046,4051100230,2014-08-20,3,7000,240000.0,low
4163,3298701066,2015-05-06,3,2353,240000.0,low
12030,7230400400,2014-09-26,3,17652,240000.0,low
17479,323089005,2015-03-26,2,45302,240000.0,low
3250,1951100110,2015-02-05,3,9450,240000.0,low
13696,9264901510,2014-11-07,3,8571,240000.0,low
14722,7454001075,2014-06-18,2,10920,240000.0,low
5169,1682000280,2015-03-19,3,7373,240000.0,low
505,5379805885,2014-05-21,2,7200,240000.0,low
14238,4338800720,2015-02-24,4,7800,240000.0,low
14789,4167700210,2014-08-26,3,9600,240000.0,low
4904,9407150130,2014-12-01,4,7264,240000.0,low
645,1545804340,2015-04-09,3,6500,240000.0,low
12180,6929604005,2014-09-15,3,5000,240000.0,low
14834,7889602020,2014-08-19,3,9000,240000.0,low
13220,1061400180,2015-01-06,3,12670,240000.0,low
323,7972000240,2015-02-02,3,10248,240000.0,low
7795,8091401030,2015-04-22,3,8886,240000.0,low
8891,3750603940,2014-09-25,4,9600,240000.0,low
9872,4051100390,2015-05-08,3,7125,240000.0,low
18047,3322049095,2015-02-05,3,20063,240000.0,low
18577,1105000787,2014-09-26,3,7290,240000.0,low
7088,5279100680,2014-06-05,3,4825,240000.0,low
18571,7972603931,2014-10-09,2,6345,240000.0,low
9800,1545804820,2014-11-11,3,7500,240000.0,low
16121,8731982630,2014-05-22,4,8300,240000.0,low
18113,123039333,2014-06-09,4,16320,240000.0,low
11354,1421069117,2015-04-17,3,13503,240000.0,low
9617,5419800330,2015-01-15,3,10652,240000.0,low
19111,5412300100,2015-03-25,3,6984,240000.0,low
3715,3423049165,2015-03-31,3,12733,240000.0,low
11316,9406500310,2014-11-19,2,1263,240000.0,low
3806,7227501450,2014-10-16,4,5382,240000.0,low
9247,9198600035,2014-08-05,6,8594,240000.0,low
11214,8658301535,2014-07-21,3,10000,240000.0,low
1805,3810000860,2015-05-06,4,7973,240000.0,low
9174,5113260040,2014-10-16,3,6360,240000.0,low
9194,1796370150,2014-10-28,3,15334,240000.0,low
7110,104540840,2014-12-03,3,5818,240000.0,low
18176,7655900031,2015-03-06,2,8717,240000.0,low
1940,4222000320,2015-04-22,3,7920,240000.0,low
18421,6141100395,2015-02-04,2,6552,240000.0,low
6963,5702380780,2015-04-22,3,6687,240000.0,low
11561,193300140,2014-10-23,3,10956,240000.0,low
2912,1310800090,2014-10-07,3,7350,240000.0,low
6329,2588800006,2014-10-21,3,8366,240000.0,low
19385,2420069042,2015-04-24,3,6550,240000.0,low
11499,986000045,2014-10-07,4,10332,240000.0,low
17964,1555300530,2014-07-14,3,10350,240000.0,low
20779,6300000226,2014-06-26,4,2171,240000.0,low
10445,1796380310,2014-09-04,3,8069,240000.0,low
15953,7575600430,2014-11-10,3,5250,240000.0,low
8484,2310060040,2014-09-25,0,5669,240000.0,low
19523,9407000230,2014-12-04,3,12566,240000.0,low
38,7895500070,2015-02-13,4,8075,240000.0,low
10764,7137910140,2014-09-23,3,9864,240000.0,low
9912,5153200358,2014-10-29,5,16000,240000.0,low
7050,4222100280,2014-12-05,3,8436,239999.0,low
6155,236400130,2015-01-23,3,7242,239975.0,low
11965,9211500520,2014-06-18,3,6900,239950.0,low
14712,1180005280,2014-07-23,4,6000,239950.0,low
16151,1796350080,2014-06-23,3,9600,239950.0,low
17644,9406500600,2015-02-05,2,1452,239950.0,low
8324,7129303970,2015-03-04,2,5500,239950.0,low
10442,3750603471,2015-03-27,3,4800,239950.0,low
2705,7340600827,2014-05-16,5,6032,239950.0,low
6315,2214800630,2014-11-05,3,8280,239950.0,low
21451,7140700690,2015-03-12,3,4888,239950.0,low
18808,5381000411,2015-04-10,3,7200,239950.0,low
6356,3751605432,2014-05-13,3,33888,239950.0,low
8488,5126400150,2014-06-17,3,8366,239950.0,low
2134,9264901040,2014-05-16,4,7000,239900.0,low
4528,273800100,2014-12-19,4,9523,239900.0,low
14508,7697870530,2014-05-07,3,7566,239900.0,low
11916,9407000990,2014-10-10,2,9000,239900.0,low
17961,1622049140,2014-08-05,4,18730,239900.0,low
346,3969300030,2014-12-29,4,7134,239900.0,low
20839,2895800640,2014-09-17,2,1493,239800.0,low
8403,2520900301,2014-10-22,3,5750,239300.0,low
5220,923049323,2014-07-14,4,8316,239000.0,low
14759,422049203,2014-10-24,3,6540,239000.0,low
17892,7454001210,2014-06-03,3,6860,239000.0,low
18786,8075400360,2014-08-22,2,15190,239000.0,low
3932,1003600056,2014-10-24,4,8837,239000.0,low
17906,421049170,2014-07-17,3,15022,239000.0,low
12405,9268710390,2014-11-13,2,2052,239000.0,low
18880,4345000090,2014-11-05,3,5754,239000.0,low
20781,9524100196,2014-11-17,2,772,239000.0,low
15920,4438400050,2014-07-14,2,14000,239000.0,low
3816,2013800705,2014-11-17,2,9375,239000.0,low
4971,2938100010,2014-09-24,3,8925,239000.0,low
15140,2722059215,2014-06-03,3,16480,239000.0,low
7523,1545803980,2015-04-25,3,7810,239000.0,low
1121,2641800060,2015-04-27,3,8571,239000.0,low
16715,7200080,2014-11-04,4,10585,239000.0,low
6094,7806210190,2014-12-22,4,12560,239000.0,low
10876,3352401090,2014-11-13,2,11400,238950.0,low
6416,7224000950,2014-11-03,2,4838,238950.0,low
2165,3354400060,2015-05-01,2,8453,238000.0,low
10023,425400070,2014-07-17,3,6132,238000.0,low
557,236400320,2014-07-15,4,7242,238000.0,low
1643,646910030,2014-11-04,3,2807,238000.0,low
4652,2322059039,2014-08-21,3,32670,238000.0,low
4579,7345310100,2014-12-08,4,6900,238000.0,low
10723,7696610270,2014-12-29,3,7488,238000.0,low
8468,420000085,2014-08-27,3,5700,238000.0,low
11776,2892700041,2015-01-28,3,7439,238000.0,low
18271,7972603950,2015-01-02,2,6480,238000.0,low
8088,2557000090,2015-01-15,4,7260,238000.0,low
12484,1172000150,2014-08-29,1,6350,238000.0,low
9489,5054800110,2014-10-16,5,9652,238000.0,low
11600,3277801646,2014-05-16,3,1204,238000.0,low
7099,1796360080,2014-07-09,2,7926,237950.0,low
18657,1450100330,2015-03-12,3,7314,237950.0,low
16906,3445000005,2014-11-17,2,11584,237600.0,low
11786,4364700875,2014-07-29,3,7560,237502.0,low
8723,349400100,2014-09-08,3,7830,237500.0,low
977,100600860,2015-03-24,3,7854,237500.0,low
15864,2634500005,2014-09-08,2,8494,237500.0,low
18983,1545808960,2015-01-06,3,8960,237500.0,low
9951,1274500700,2015-04-21,3,9000,237200.0,low
16732,8643000185,2015-04-30,3,9603,237100.0,low
15939,428000225,2014-06-20,3,8160,237000.0,low
261,8644000060,2014-10-24,3,8470,237000.0,low
15564,3629000080,2015-04-10,3,7400,237000.0,low
6076,9197100263,2014-08-19,3,12208,237000.0,low
15635,1003400250,2014-06-05,3,10650,237000.0,low
12389,3935900232,2015-01-12,3,5546,237000.0,low
15272,9513900050,2014-08-12,3,6634,237000.0,low
7945,425400115,2014-07-15,3,6132,237000.0,low
433,646910160,2014-09-03,3,2138,237000.0,low
7166,8155750010,2014-12-04,3,7952,237000.0,low
16661,9543000896,2014-08-25,3,9216,237000.0,low
7443,4222200380,2014-08-05,3,7920,237000.0,low
7565,1898310100,2015-02-20,3,8372,236775.0,low
2481,7186800105,2015-01-12,4,4217,236500.0,low
14732,9211520150,2014-05-28,4,9485,236000.0,low
9595,114700150,2014-11-14,3,10919,236000.0,low
6293,3317010130,2015-03-17,3,7647,236000.0,low
8473,1721801161,2014-10-30,4,3060,236000.0,low
8481,8892900210,2014-06-09,3,6301,236000.0,low
12436,8081650400,2014-06-24,4,5827,236000.0,low
11285,6603000030,2014-12-17,3,8976,236000.0,low
273,2976800796,2014-09-25,3,5898,236000.0,low
1453,7227501170,2014-06-26,4,5926,235867.0,low
9165,8151600610,2014-05-22,2,11250,235750.0,low
3966,5152600090,2014-07-08,5,13713,235500.0,low
13920,4222310220,2014-08-25,3,7600,235500.0,low
21170,6601200020,2015-01-27,4,5075,235245.0,low
4264,3298600850,2014-12-16,3,14030,235000.0,low
9854,7849202190,2014-12-23,0,4800,235000.0,low
4180,798000457,2015-03-02,3,15022,235000.0,low
2269,1645000310,2015-02-25,3,7600,235000.0,low
19601,522059189,2015-04-17,3,8400,235000.0,low
10254,2422049104,2014-12-30,2,9000,235000.0,low
15463,8019201061,2015-01-15,3,8400,235000.0,low
1478,2412600030,2014-06-23,6,7956,235000.0,low
18546,3223059206,2014-06-27,3,8712,235000.0,low
8432,2599001500,2014-07-12,3,7920,235000.0,low
18230,3021059175,2015-03-12,4,11595,235000.0,low
9169,8661000033,2014-06-27,3,6300,235000.0,low
19589,4338800600,2014-06-09,3,13000,235000.0,low
12889,795000865,2014-09-12,3,6173,235000.0,low
228,722059070,2015-01-15,3,15246,235000.0,low
19116,7131300047,2014-08-26,2,4500,235000.0,low
5625,8068000585,2014-08-27,2,5600,235000.0,low
5035,5702380630,2015-01-14,3,7606,235000.0,low
10046,7312900060,2014-06-03,2,4840,235000.0,low
5591,5412310080,2014-06-12,3,9697,235000.0,low
18778,2124049254,2014-07-17,2,5600,235000.0,low
4403,2123049175,2014-12-10,3,11214,235000.0,low
9971,8083350070,2014-12-17,2,2748,235000.0,low
12819,5365200040,2014-10-16,3,7153,235000.0,low
2548,3622059155,2014-05-23,4,39639,235000.0,low
19621,7205400180,2014-12-23,3,18000,235000.0,low
11427,7789200070,2014-06-03,3,15603,235000.0,low
5120,723049132,2014-10-22,2,8015,235000.0,low
6890,3831000010,2014-08-06,4,6150,235000.0,low
5039,3224800010,2014-11-12,3,8738,235000.0,low
5756,6381500170,2014-08-26,2,7617,235000.0,low
8944,2341300115,2014-08-08,2,6321,235000.0,low
10162,1180002075,2014-08-25,3,6000,235000.0,low
19144,8643200061,2014-06-26,5,9583,235000.0,low
523,3340401555,2014-11-05,4,11054,235000.0,low
10174,7889000125,2015-03-19,3,6978,235000.0,low
7197,717000225,2014-10-28,2,6450,235000.0,low
5147,5595900280,2015-03-18,3,7670,235000.0,low
12409,1311400350,2014-10-09,4,7245,235000.0,low
2073,7452500045,2014-08-05,2,5000,235000.0,low
15921,7831800460,2014-05-02,2,9400,235000.0,low
20347,3278600670,2014-05-23,2,1730,235000.0,low
9560,3904100035,2014-05-08,2,3008,235000.0,low
13351,6151800606,2015-02-25,3,12246,235000.0,low
5920,6197800101,2014-08-05,3,45738,235000.0,low
4007,3342100785,2014-08-26,2,5100,235000.0,low
8809,2800031,2015-04-01,3,7599,235000.0,low
2221,7137900960,2014-06-25,4,9415,235000.0,low
21226,3278600680,2014-06-27,1,1456,235000.0,low
1186,1023059324,2014-06-23,3,11100,235000.0,low
6712,7347600507,2014-06-23,4,8891,235000.0,low
6702,6300000364,2014-06-16,2,1805,235000.0,low
14247,316000145,2015-03-25,4,7132,235000.0,low
15337,7849200635,2014-06-30,2,28800,235000.0,low
8769,9448300061,2014-07-08,2,7920,235000.0,low
13981,2569600150,2014-11-03,3,7592,235000.0,low
2050,8732040810,2014-11-04,4,10184,235000.0,low
13394,8731800210,2014-07-11,3,9051,235000.0,low
17448,7806210250,2015-04-06,4,9350,235000.0,low
18403,7812800215,2014-08-08,4,6360,235000.0,low
15949,3223049073,2015-04-13,2,10505,235000.0,low
4278,9542800820,2015-04-30,3,7980,235000.0,low
10931,7331900270,2014-09-30,3,9266,235000.0,low
18376,7883603700,2014-08-22,2,7500,235000.0,low
8834,8899200110,2014-06-03,3,8700,235000.0,low
3034,5083000375,2015-03-19,3,9529,235000.0,low
15107,1721059069,2014-07-17,3,8724,235000.0,low
2128,3327000140,2014-06-17,3,7280,235000.0,low
14071,7131300032,2015-03-06,4,9279,235000.0,low
6787,6083000050,2014-06-13,3,8540,235000.0,low
14862,9211500150,2015-01-17,3,6592,235000.0,low
2406,8856004400,2014-09-02,4,24000,235000.0,low
8340,4154300296,2014-09-26,3,5030,235000.0,low
4123,7148000315,2015-02-11,4,10137,235000.0,low
13676,2122700120,2014-08-20,3,8163,235000.0,low
15636,42000006,2014-09-10,5,9282,235000.0,low
9311,1502400300,2014-09-16,3,8362,235000.0,low
8395,4319200620,2014-10-15,2,9182,235000.0,low
1577,7888000390,2015-04-01,3,7473,235000.0,low
2026,5347200160,2014-05-12,1,2451,235000.0,low
11030,6730700260,2015-03-13,2,10500,235000.0,low
14908,5379805475,2014-06-09,3,8912,234999.0,low
1318,1683600240,2015-03-20,3,8073,234975.0,low
16699,6306100080,2014-09-09,3,10850,234950.0,low
15735,2545900050,2014-05-09,3,9948,234950.0,low
14591,2887970040,2015-04-08,2,3132,234950.0,low
14874,1311800220,2015-02-18,4,7560,234950.0,low
14437,8159610150,2014-11-17,3,9153,234950.0,low
5898,3163600130,2015-03-17,3,8000,234900.0,low
12485,1523049115,2014-10-21,3,15375,234550.0,low
14514,8001210120,2014-09-16,4,7875,234500.0,low
2736,4245400045,2014-09-23,3,18400,234500.0,low
13364,2068500210,2015-04-09,3,9779,234300.0,low
910,3224800075,2014-11-24,3,8738,234000.0,low
9915,3323069045,2014-11-10,3,239144,234000.0,low
14219,5466700360,2014-10-23,4,7455,234000.0,low
19301,7418700040,2015-04-29,3,9624,234000.0,low
2178,2130702270,2014-06-28,3,8128,234000.0,low
14344,1683500180,2014-05-14,4,9010,234000.0,low
11147,2781250560,2014-12-02,2,3624,234000.0,low
3220,5335700110,2014-07-25,3,8820,234000.0,low
2360,1697000370,2015-03-25,3,8122,234000.0,low
16204,9407000920,2014-10-01,3,10300,234000.0,low
17782,2946001675,2014-06-03,2,5375,234000.0,low
9975,8731801260,2015-02-20,3,8475,234000.0,low
6556,1274500420,2014-09-09,3,8906,234000.0,low
1226,1842900030,2015-04-16,3,11935,234000.0,low
19488,8075400530,2014-06-27,4,18000,234000.0,low
14436,2154900330,2014-08-27,4,8217,234000.0,low
1381,5469300270,2014-05-06,3,8366,234000.0,low
8135,8151600701,2014-06-23,2,11100,234000.0,low
18909,9499200220,2014-06-11,3,5280,234000.0,low
10235,8944290200,2014-09-18,3,3788,233703.0,low
4738,8944290090,2014-06-23,3,2958,233500.0,low
4997,7140600190,2014-09-05,3,10517,233500.0,low
25,1202000200,2014-11-03,3,4697,233000.0,low
8747,7301300150,2014-06-25,3,6180,233000.0,low
15004,8638500170,2015-04-22,3,8505,233000.0,low
13531,1003400155,2014-08-11,3,7657,233000.0,low
17106,3279000420,2015-01-15,3,7800,233000.0,low
2432,6300000693,2014-12-02,2,1656,233000.0,low
739,8159610060,2014-11-19,3,9177,233000.0,low
4837,1545801630,2014-07-21,3,7686,233000.0,low
11382,5530000030,2015-01-26,4,9579,233000.0,low
12378,7899800045,2014-12-02,3,5120,232900.0,low
18877,4399210110,2014-06-19,3,11461,232603.0,low
788,2329500260,2014-07-09,3,9887,232500.0,low
1952,3279000240,2015-03-30,3,9760,232500.0,low
11146,5560000640,2014-06-19,3,8450,232500.0,low
10863,8099200030,2014-12-22,3,11340,232000.0,low
452,2525300030,2015-02-22,3,10403,232000.0,low
5421,1865810290,2015-03-18,3,6540,232000.0,low
492,7942100310,2015-01-27,3,11230,232000.0,low
2358,7760400350,2014-12-05,3,13356,232000.0,low
11785,7227801580,2014-09-17,4,5911,232000.0,low
11774,9262800002,2014-07-08,3,15000,232000.0,low
4169,2946001645,2014-05-05,2,8063,232000.0,low
17275,5259800440,2014-09-26,3,6604,232000.0,low
5087,3826000470,2014-09-29,2,8100,232000.0,low
324,7520000520,2014-09-05,2,12092,232000.0,low
19224,4406000620,2015-03-31,3,7615,231750.0,low
2577,5420300270,2014-08-13,4,7526,231500.0,low
1652,6082400260,2014-11-12,2,9488,231500.0,low
12988,9476200150,2015-04-16,2,7615,231500.0,low
13726,1099750610,2014-07-10,3,7900,231500.0,low
7869,6802200110,2014-10-29,3,8821,231200.0,low
7517,2223059052,2014-05-29,4,6375,231000.0,low
17432,8732190380,2015-04-14,3,8817,231000.0,low
12145,5595900316,2015-01-29,4,5120,231000.0,low
17162,8651440780,2014-09-29,3,4875,231000.0,low
5373,3148750050,2015-03-25,3,7247,231000.0,low
8945,8655900100,2014-08-07,2,12724,230950.0,low
15816,4337000275,2015-03-17,2,8853,230500.0,low
12486,4222310410,2014-09-29,3,7245,230500.0,low
18801,3336000230,2015-03-23,2,6000,230005.0,low
11198,3352402272,2014-06-11,5,7200,230000.0,low
8013,603001050,2014-07-23,2,4000,230000.0,low
3705,1105000296,2014-12-29,2,5913,230000.0,low
19,7983200060,2015-04-24,3,9774,230000.0,low
18436,1683600110,2015-03-05,3,9125,230000.0,low
13539,424000145,2014-07-07,3,6000,230000.0,low
7239,9269750010,2015-04-02,5,12538,230000.0,low
21572,6056111067,2014-07-07,3,1201,230000.0,low
17635,4006000423,2015-01-08,4,14703,230000.0,low
15557,3623029034,2015-03-11,3,32250,230000.0,low
1505,8581200030,2015-02-24,4,9100,230000.0,low
9001,1423800210,2014-09-23,3,7187,230000.0,low
13908,8937500040,2015-01-02,3,15344,230000.0,low
8946,4345000210,2015-03-30,3,8722,230000.0,low
9382,179001425,2014-10-24,3,3000,230000.0,low
11300,2223059053,2015-03-11,2,17965,230000.0,low
194,3996900125,2014-12-01,3,10228,230000.0,low
6042,3275300440,2014-11-20,2,10200,230000.0,low
6589,7211402115,2014-09-02,3,7500,230000.0,low
322,3353400435,2014-07-21,3,11204,230000.0,low
15134,3353400840,2014-12-02,6,36509,230000.0,low
2757,3520069033,2014-06-23,3,389126,230000.0,low
2363,6099400140,2014-09-04,5,19040,230000.0,low
9332,7942100180,2014-06-27,3,9600,230000.0,low
15981,9347900020,2015-01-27,3,9035,230000.0,low
4345,1796361140,2014-10-31,3,8250,230000.0,low
16789,5029450290,2014-10-03,3,6625,230000.0,low
9231,114100763,2014-07-28,3,15000,230000.0,low
13702,5702380730,2014-08-23,2,7605,230000.0,low
2204,1442800400,2014-06-28,2,3376,230000.0,low
13592,2337000150,2015-02-20,3,9630,230000.0,low
11201,1545802080,2014-09-04,3,7332,230000.0,low
13753,6669150530,2014-11-17,3,11616,230000.0,low
7988,4303200184,2014-10-10,2,6450,230000.0,low
12904,3438503014,2014-10-20,2,7020,230000.0,low
462,8944290160,2014-11-04,3,3413,230000.0,low
2611,2946000751,2014-07-24,3,14000,230000.0,low
20963,6058600220,2014-07-31,3,1264,230000.0,low
2681,1432400060,2014-05-29,2,7560,230000.0,low
14516,8651441210,2014-08-01,3,5200,230000.0,low
18727,1721801280,2015-03-04,2,3527,230000.0,low
18081,4472000040,2014-08-18,4,6003,230000.0,low
12537,6929602390,2014-08-26,3,7500,230000.0,low
9823,7812801925,2014-06-24,4,6000,230000.0,low
12630,522059158,2014-06-16,3,6956,230000.0,low
18268,2422000067,2015-04-27,3,11331,230000.0,low
2938,7227501645,2014-06-03,3,5600,230000.0,low
18166,3664500300,2014-11-06,2,25661,230000.0,low
13017,2560803085,2014-09-25,3,10588,230000.0,low
14365,2268000180,2015-03-25,3,9035,230000.0,low
6889,7788400170,2014-09-26,3,10875,230000.0,low
16371,4168100130,2015-03-10,3,10112,230000.0,low
5497,1721800470,2014-05-21,5,6120,230000.0,low
8510,7882900120,2014-05-07,3,9180,230000.0,low
3239,6083000037,2014-06-13,2,7550,230000.0,low
14170,7883607520,2014-05-08,3,6000,230000.0,low
1922,4027701275,2014-07-18,3,6195,230000.0,low
14248,3331000455,2015-02-17,3,4000,230000.0,low
5523,8732030080,2014-08-18,3,8378,230000.0,low
10025,2412600070,2014-10-30,6,7220,230000.0,low
9974,3110800030,2014-10-28,4,9516,230000.0,low
18231,8092500720,2014-07-11,3,9548,230000.0,low
12427,3291800140,2014-11-07,3,9310,230000.0,low
12698,5083100065,2014-09-16,3,9083,230000.0,low
19167,3356402020,2014-05-08,3,16000,230000.0,low
16080,3330500345,2015-04-20,2,4635,230000.0,low
13395,8155000040,2014-10-30,3,12289,230000.0,low
14014,7147600220,2014-06-26,3,9946,230000.0,low
6681,7642200095,2015-03-09,3,8800,230000.0,low
14687,2895200150,2014-10-13,3,10625,230000.0,low
3574,6600490300,2015-01-26,2,3608,230000.0,low
9502,3734900110,2015-02-04,2,19703,230000.0,low
20550,6056111063,2014-07-31,3,1165,230000.0,low
13455,7224000450,2014-12-30,6,4838,230000.0,low
5918,6085000130,2015-03-21,3,9639,230000.0,low
2340,5556800260,2015-03-05,4,10800,230000.0,low
5907,7331900290,2014-07-31,4,8800,230000.0,low
5885,1250200345,2014-10-24,3,2400,230000.0,low
17009,8944300010,2014-07-25,5,9000,230000.0,low
15167,6661200080,2014-11-17,3,3011,230000.0,low
19786,7899800791,2014-10-23,3,1174,230000.0,low
12415,6150200435,2014-05-13,2,5360,230000.0,low
9633,1463400081,2014-08-27,3,10164,230000.0,low
10520,1423400160,2014-06-18,2,9435,230000.0,low
18391,104510180,2015-02-11,3,7210,230000.0,low
13530,8651440230,2014-08-15,4,5200,229999.0,low
19401,1313500090,2015-04-23,3,6960,229999.0,low
19400,7335400065,2014-12-18,4,6717,229950.0,low
14755,6143600555,2014-06-09,4,21000,229950.0,low
11223,2472950160,2014-06-17,3,7466,229950.0,low
7520,1049000740,2014-11-20,2,1848,229950.0,low
12790,2212901010,2015-04-06,3,11960,229950.0,low
9707,3668000830,2014-08-25,3,8910,229950.0,low
16981,6146600420,2015-02-24,3,12700,229950.0,low
14115,1180003175,2015-04-10,2,6000,229950.0,low
1486,5557320030,2014-09-24,5,5885,229950.0,low
14108,4059400515,2014-09-09,2,7716,229950.0,low
9392,2212200100,2014-10-22,4,7670,229950.0,low
6092,2268000050,2014-07-21,3,8848,229900.0,low
1609,3832310350,2014-10-21,3,7224,229900.0,low
16143,2268000500,2014-07-21,3,11925,229900.0,low
10335,7942300070,2014-09-15,4,9899,229900.0,low
21279,6056110780,2014-06-27,2,1773,229800.0,low
19217,2212600040,2014-06-04,3,33224,229500.0,low
18858,2011400782,2014-08-04,1,22000,229500.0,low
19501,3878900464,2015-05-04,2,6625,229500.0,low
18265,2891000450,2014-07-07,3,6000,229500.0,low
10839,3751601171,2014-10-07,3,14400,229500.0,low
8,2414600126,2015-04-15,3,7470,229500.0,low
11500,4322200105,2015-03-31,1,3298,229050.0,low
15266,3438502066,2015-04-08,4,5000,229000.0,low
878,9536602080,2014-12-19,3,8100,229000.0,low
18733,7663700401,2014-12-20,4,22814,229000.0,low
19411,7211400850,2014-08-11,3,5000,229000.0,low
9016,3739500096,2015-01-26,3,6000,229000.0,low
16612,4337600280,2014-09-04,3,9900,229000.0,low
14002,7789000120,2015-04-21,3,8400,229000.0,low
1705,7978800621,2014-08-11,3,56628,229000.0,low
11939,8732190990,2014-07-09,4,7688,229000.0,low
15035,1760600009,2014-08-29,3,7800,229000.0,low
12454,6450304630,2014-12-01,2,5100,229000.0,low
12835,8961800035,2014-06-05,2,7408,229000.0,low
14265,7683800212,2014-12-18,3,12705,229000.0,low
14626,179001046,2014-05-08,3,3000,229000.0,low
12135,1773100765,2015-04-29,1,3720,229000.0,low
15851,7889600190,2015-01-13,3,6240,229000.0,low
8251,7137800300,2014-07-08,3,9085,228950.0,low
4059,1446400785,2015-04-22,3,6625,228950.0,low
14165,8651442520,2014-10-15,4,5200,228950.0,low
11449,4337000200,2014-12-17,4,8775,228900.0,low
3005,2123700015,2015-05-12,4,1612,228800.0,low
17614,2407000405,2015-02-26,3,7486,228500.0,low
50,5245600105,2014-09-16,3,9199,228000.0,low
4868,6896300380,2014-10-02,0,5900,228000.0,low
10033,4440400125,2014-05-08,4,6120,228000.0,low
6064,7229900250,2014-12-02,3,16376,228000.0,low
3081,7663700792,2014-07-24,2,6100,228000.0,low
13805,6600790210,2014-07-16,2,9236,228000.0,low
440,3353401710,2014-09-23,3,8230,227950.0,low
10492,739500270,2014-11-13,3,11430,227950.0,low
5576,1274500170,2015-05-06,3,8848,227500.0,low
4799,9536601045,2015-04-28,3,9450,227500.0,low
12602,9315100210,2015-02-17,3,7194,227490.0,low
5226,418000010,2015-04-22,2,6509,227450.0,low
4048,1105000745,2015-01-23,3,10824,227064.0,low
4329,6150200375,2014-10-01,2,6800,227000.0,low
17915,8731950910,2015-02-18,3,7455,227000.0,low
15030,2222049108,2014-09-18,3,10018,227000.0,low
5550,8029200190,2014-11-07,3,7198,227000.0,low
16546,1123049126,2014-12-03,3,10035,227000.0,low
19136,6303400475,2014-09-11,4,8763,227000.0,low
12209,4031000520,2014-11-25,1,9812,227000.0,low
15613,9310300185,2015-03-25,2,9100,227000.0,low
12668,4006000281,2014-07-29,3,12681,227000.0,low
13383,9265400210,2014-09-22,3,9837,227000.0,low
16445,7812801700,2014-06-10,4,7200,227000.0,low
3479,1446401220,2014-10-09,2,6600,226950.0,low
9051,1164000040,2015-03-12,2,11393,226800.0,low
10739,3065600270,2015-04-22,3,6315,226750.0,low
2326,2599200830,2014-07-16,3,8800,226740.0,low
5013,3298700426,2014-07-09,3,4440,226550.0,low
10502,1311900240,2014-12-30,3,7000,226500.0,low
203,100600550,2014-08-04,3,7370,226500.0,low
17617,8648220150,2014-05-07,3,10762,226500.0,low
5276,1863900225,2014-10-28,3,7200,226450.0,low
16040,6341000020,2015-03-04,2,19874,226000.0,low
12917,4415600040,2014-11-29,3,7200,226000.0,low
6149,9476200680,2015-04-28,3,6269,226000.0,low
825,4006000251,2014-08-22,3,5000,226000.0,low
19567,621069154,2014-07-21,4,10890,226000.0,low
16924,2760200050,2014-07-17,4,6459,226000.0,low
15474,2329600280,2015-02-02,3,8800,225900.0,low
8416,1612500090,2015-03-31,4,7110,225800.0,low
13865,8651410120,2015-03-18,3,5200,225500.0,low
1144,5112800421,2014-07-23,4,7950,225500.0,low
6404,4399210130,2014-06-26,2,11276,225500.0,low
12512,3830210230,2015-03-19,3,7220,225205.0,low
5949,4336000050,2015-03-17,3,15701,225000.0,low
1137,7710100083,2015-02-04,3,8437,225000.0,low
12443,4051110240,2014-08-25,3,7490,225000.0,low
8310,7841300535,2015-04-09,2,5333,225000.0,low
5777,7839300185,2015-02-06,3,4800,225000.0,low
8982,3352400325,2014-07-24,3,8345,225000.0,low
17398,7575610250,2014-10-14,3,7739,225000.0,low
12247,1432900030,2014-11-21,3,7700,225000.0,low
11493,2821049082,2015-02-12,2,11500,225000.0,low
2523,6889000060,2014-12-23,3,7633,225000.0,low
16409,7231600098,2014-10-14,2,6000,225000.0,low
19018,8651400230,2014-12-08,3,5200,225000.0,low
7904,3750605620,2015-03-24,3,14400,225000.0,low
17698,2215900930,2014-05-09,3,9202,225000.0,low
1377,84000335,2014-06-26,3,11475,225000.0,low
15989,3356403140,2014-10-10,3,16000,225000.0,low
11808,1446401550,2015-02-06,3,6600,225000.0,low
4440,3790700110,2014-12-01,4,6031,225000.0,low
1311,766000240,2014-09-15,4,14120,225000.0,low
11232,7941600390,2014-06-23,3,8820,225000.0,low
18925,2325069054,2014-05-21,2,111949,225000.0,low
11184,104530240,2014-08-27,3,5665,225000.0,low
16259,4059400190,2014-10-17,2,6050,225000.0,low
12001,3423049269,2014-05-13,4,12559,225000.0,low
6533,8645530010,2014-05-15,3,7384,225000.0,low
1792,7123400045,2014-05-23,2,11867,225000.0,low
15329,1180005220,2015-05-05,2,6000,225000.0,low
12189,8148600055,2014-05-13,3,6535,225000.0,low
7792,251300110,2014-07-31,3,12013,225000.0,low
16507,1423400225,2014-07-21,2,9192,225000.0,low
3802,1823049144,2015-01-28,3,9295,225000.0,low
6615,421000430,2015-03-31,3,5512,225000.0,low
12612,8945300040,2014-09-19,3,8470,225000.0,low
18254,984000410,2015-02-18,3,11745,225000.0,low
17065,8091600080,2015-01-23,3,8407,225000.0,low
13178,8658300455,2014-11-18,3,12500,225000.0,low
15176,3223059217,2014-11-04,2,15000,225000.0,low
9815,2730000070,2014-08-14,3,10665,225000.0,low
882,7749500370,2014-10-21,4,9350,225000.0,low
9842,7950304075,2014-08-13,4,6000,225000.0,low
240,3584000310,2014-12-08,3,8505,225000.0,low
7051,4222200280,2014-10-21,3,7740,225000.0,low
8505,1237500540,2014-10-21,3,10866,225000.0,low
7020,1423800080,2014-05-12,3,8012,225000.0,low
14141,1555200180,2014-08-27,4,7000,225000.0,low
5745,9183703376,2014-05-13,3,7500,225000.0,low
8519,6668900155,2014-08-20,2,7142,225000.0,low
7007,1761100190,2014-07-24,3,6808,225000.0,low
19364,1685200110,2014-09-16,3,14182,225000.0,low
8640,1796360870,2014-10-30,3,8372,225000.0,low
243,6131600075,2015-04-27,3,8316,225000.0,low
8696,4006000580,2015-03-13,3,5506,225000.0,low
16971,5437800020,2014-08-08,3,9793,225000.0,low
7185,7137960460,2014-05-28,3,6755,225000.0,low
16958,6450301310,2014-10-30,2,5720,225000.0,low
15164,2172000894,2015-04-17,3,10200,225000.0,low
9435,5420800090,2014-11-17,3,8449,225000.0,low
2072,2525300550,2014-06-03,3,9936,225000.0,low
4947,8864000440,2014-09-25,3,6099,225000.0,low
15153,3388100020,2014-08-12,3,7221,225000.0,low
9199,423000035,2014-11-24,3,6500,225000.0,low
3396,2721049059,2014-05-28,3,24829,225000.0,low
16801,9197100101,2015-05-04,2,5408,225000.0,low
9032,623049273,2014-11-21,3,9060,225000.0,low
13782,2781250530,2014-08-12,2,2693,225000.0,low
698,766500030,2014-06-10,3,26055,225000.0,low
12969,9310300175,2015-03-04,3,15850,225000.0,low
19304,1312900180,2015-03-25,3,7820,225000.0,low
2285,5470100270,2014-12-09,3,10491,225000.0,low
18191,1311200120,2014-05-13,3,7210,225000.0,low
6940,2571900380,2015-01-22,3,8400,225000.0,low
6895,2608300103,2015-01-26,3,2040,225000.0,low
16634,1565100010,2015-03-27,3,9200,225000.0,low
2661,2366800055,2014-12-03,3,10050,225000.0,low
10191,2648000071,2015-03-06,4,10300,225000.0,low
3656,8588000315,2014-06-24,3,13102,225000.0,low
12787,5347200220,2014-09-11,2,4758,225000.0,low
10243,1683500140,2014-12-11,4,7245,225000.0,low
8433,1721801010,2014-09-03,3,6120,225000.0,low
2947,9558800025,2015-04-29,3,9272,225000.0,low
16603,4406000050,2014-05-19,2,9612,225000.0,low
4809,8643000225,2015-05-06,5,11656,225000.0,low
1087,3509600070,2014-07-25,3,9000,225000.0,low
4805,2525300480,2015-03-04,3,12745,224975.0,low
7757,2938200040,2014-12-11,3,9282,224950.0,low
6798,1450300050,2014-07-23,4,9686,224950.0,low
7623,5437810360,2014-11-07,3,7735,224500.0,low
1120,7137900320,2014-05-09,4,8355,224500.0,low
17125,8100000080,2014-08-13,3,7200,224400.0,low
10227,8945100320,2014-10-08,3,8580,224097.0,low
1675,1821059264,2014-06-26,4,9289,224000.0,low
21602,844000965,2014-06-26,3,11968,224000.0,low
8263,1105000432,2014-08-22,3,8370,224000.0,low
9304,1018000110,2015-04-23,4,7609,224000.0,low
8460,9500900110,2014-07-31,3,10588,224000.0,low
9821,3598600049,2015-04-24,1,7203,224000.0,low
8553,8018600870,2014-10-06,2,15000,224000.0,low
4843,1312200080,2014-05-28,3,7300,224000.0,low
18913,7950700110,2014-12-09,3,10125,224000.0,low
19371,3352401037,2015-01-08,3,6300,224000.0,low
21087,301402280,2015-03-31,2,2884,223990.0,low
2721,5335700030,2014-06-03,3,9120,223000.0,low
13897,3550800040,2014-11-14,3,7980,223000.0,low
18549,5560000540,2014-07-23,4,8470,223000.0,low
14302,3348401622,2014-07-31,3,8440,223000.0,low
16556,1423200170,2014-06-12,2,9869,223000.0,low
3700,6700400110,2014-07-02,3,7231,223000.0,low
2793,8732160240,2014-10-17,3,10573,223000.0,low
15342,3224900130,2014-05-14,3,7473,223000.0,low
608,1796380960,2014-11-26,3,6824,223000.0,low
6934,5153200651,2015-03-16,3,71191,223000.0,low
8211,7227500450,2014-09-09,2,5800,222900.0,low
12465,7812801125,2015-01-12,2,6411,222900.0,low
16637,6802200190,2015-01-21,3,9044,222500.0,low
12476,2868900160,2014-10-02,3,10125,222500.0,low
18637,5702330120,2014-06-03,3,9566,222400.0,low
8643,3223049158,2015-04-17,2,10000,222200.0,low
4156,7985000100,2014-10-21,3,7560,222000.0,low
3740,2781250750,2014-08-28,2,3300,222000.0,low
15959,1787600294,2015-02-05,2,6893,222000.0,low
7895,5470100220,2014-09-09,3,9273,222000.0,low
680,5029450160,2014-08-15,3,7187,222000.0,low
3528,2891000750,2014-08-21,3,6074,222000.0,low
3097,8945200750,2015-04-30,3,8840,222000.0,low
10703,7889000160,2015-03-17,3,7520,222000.0,low
7136,8945100050,2015-04-24,3,8400,222000.0,low
9047,6623400090,2015-04-21,2,38449,222000.0,low
12110,3124049171,2015-03-24,3,7695,222000.0,low
7806,2787320620,2014-10-10,3,8280,222000.0,low
0,7129300520,2014-10-13,3,5650,221900.0,low
10205,40000228,2014-10-15,2,6727,221900.0,low
3403,8075400100,2014-12-31,2,20000,221700.0,low
19316,7812801785,2015-02-18,3,6655,221347.0,low
3585,104540820,2014-08-12,3,5999,221000.0,low
4374,1311300100,2015-01-15,3,7280,221000.0,low
11244,5071500140,2014-06-27,3,8789,221000.0,low
7094,3876540780,2014-06-19,3,7350,221000.0,low
20259,3336000052,2014-10-22,3,1780,221000.0,low
14069,1003000175,2014-12-22,3,7606,221000.0,low
4547,7224500300,2015-03-25,3,5250,221000.0,low
6992,2881700547,2014-08-13,3,7260,221000.0,low
16695,4223000280,2014-10-29,4,7200,221000.0,low
4930,9407111100,2015-04-22,2,10500,220650.0,low
9275,722039087,2014-09-23,2,57499,220500.0,low
4084,3972900735,2014-08-14,3,9331,220000.0,low
1666,2005300140,2015-03-30,4,10507,220000.0,low
11134,8091410390,2015-02-17,4,8171,220000.0,low
11158,3388000640,2015-03-18,3,7742,220000.0,low
8295,4137010540,2015-04-01,3,11900,220000.0,low
18878,7972602490,2014-12-12,5,10200,220000.0,low
17599,9382200025,2015-01-15,3,6320,220000.0,low
17581,1423049019,2015-03-31,2,7500,220000.0,low
15621,2019200480,2014-08-13,3,7518,220000.0,low
3772,622059019,2014-09-19,5,94960,220000.0,low
11866,7809200055,2014-06-18,3,12519,220000.0,low
17533,3750606890,2014-06-26,3,15600,220000.0,low
17510,3347401315,2014-06-16,3,7998,220000.0,low
20613,2724049222,2014-12-01,2,1092,220000.0,low
19732,6661200260,2015-05-12,2,2850,220000.0,low
8123,1683600120,2015-01-21,3,7587,220000.0,low
18527,6303400965,2014-09-09,5,8382,220000.0,low
2968,1446801030,2014-08-22,4,11664,220000.0,low
18065,3826500730,2014-09-22,4,9100,220000.0,low
6824,2013801350,2015-02-20,3,7226,220000.0,low
7667,4031700210,2014-11-17,3,10548,220000.0,low
2235,1163400070,2014-11-12,3,21514,220000.0,low
10066,1898700310,2014-05-05,4,9600,220000.0,low
8239,6163900981,2014-05-28,3,5002,220000.0,low
2701,7231502505,2015-03-12,2,6000,220000.0,low
3907,795000820,2015-04-06,2,9000,220000.0,low
1191,236400260,2014-12-15,4,8250,220000.0,low
8157,522059172,2014-08-14,3,10200,220000.0,low
9074,2212900180,2014-12-29,3,9720,220000.0,low
9594,8651442510,2014-09-26,4,5200,220000.0,low
18469,6145601745,2015-04-14,2,4804,220000.0,low
9088,8091411120,2014-07-17,3,7205,220000.0,low
10626,7749500160,2015-04-09,4,8058,220000.0,low
136,3655000070,2014-08-05,4,7840,220000.0,low
5183,2328800130,2014-12-17,3,7680,220000.0,low
14844,6802200230,2015-02-09,3,9044,220000.0,low
13326,2120069003,2014-11-24,3,223462,220000.0,low
13516,9324320040,2014-06-16,4,9826,220000.0,low
5366,2372800050,2014-05-21,3,9126,220000.0,low
4786,7417700664,2015-04-08,4,7140,220000.0,low
13184,1523049207,2015-01-14,4,8043,220000.0,low
4751,7454001280,2014-06-11,3,6300,220000.0,low
13173,2113700205,2014-07-03,4,6000,220000.0,low
5260,236500010,2014-12-09,3,8850,220000.0,low
14679,3329500730,2014-11-11,3,8250,220000.0,low
16490,3996900460,2015-04-03,2,8149,220000.0,low
5135,3530470190,2015-05-05,1,3451,220000.0,low
13718,5125400385,2014-08-05,4,18400,220000.0,low
4861,109210280,2014-11-11,4,7280,220000.0,low
13796,8651441520,2015-03-02,3,5200,220000.0,low
15137,2926049376,2015-04-20,2,10423,220000.0,low
14959,6306100190,2014-05-21,4,8005,220000.0,low
4277,1761100300,2014-10-30,3,7200,220000.0,low
650,4338800370,2014-11-17,3,6020,220000.0,low
17277,1423910130,2015-02-11,3,8917,220000.0,low
9367,1352300315,2014-08-08,2,4120,219950.0,low
12131,1042500013,2014-05-20,3,9936,219950.0,low
3014,16000015,2015-04-17,3,6601,219950.0,low
5017,1140000190,2015-02-06,3,9620,219950.0,low
3057,8092501240,2014-07-01,3,9310,219950.0,low
11294,4058802255,2014-07-24,2,6448,219950.0,low
7666,1443500905,2015-02-05,3,4960,219950.0,low
12170,7147600070,2015-03-23,3,10042,219950.0,low
6503,104510440,2014-06-04,3,7615,219950.0,low
17067,8651402750,2015-04-30,3,5200,219950.0,low
14113,2372800145,2014-10-23,2,8997,219950.0,low
11710,8125200273,2014-12-23,3,8404,219950.0,low
6217,7686202275,2014-12-09,3,8000,219950.0,low
2043,898000200,2015-04-02,3,7727,219950.0,low
14818,7812801590,2014-10-30,3,6664,219900.0,low
5858,623049093,2014-05-22,3,6000,219900.0,low
1702,8651402920,2014-05-05,4,5427,219900.0,low
7549,7941600220,2014-06-10,3,7742,219900.0,low
8275,3883800011,2015-04-08,3,10426,219900.0,low
17460,7335400020,2014-06-26,3,6710,219500.0,low
2973,3278602670,2014-09-30,1,1060,219500.0,low
18462,7345200650,2014-12-31,3,7000,219200.0,low
10133,6648500390,2015-02-26,3,6500,219000.0,low
17901,1796381120,2014-07-28,3,7350,219000.0,low
3640,4302200535,2014-05-06,2,5160,219000.0,low
4835,7941500170,2014-12-02,3,7790,219000.0,low
9764,7982600030,2014-08-12,3,12000,219000.0,low
17578,7625702616,2014-11-21,2,940,219000.0,low
1138,2781270550,2014-09-16,2,2550,219000.0,low
4297,2320069206,2015-03-25,3,8276,219000.0,low
11106,248000240,2014-07-15,3,9600,219000.0,low
4752,8651440740,2015-01-21,3,5200,219000.0,low
13140,937000220,2014-09-04,4,7944,219000.0,low
17236,316000190,2015-02-15,4,5339,219000.0,low
17419,6138000095,2014-11-18,3,10639,219000.0,low
6198,2191600780,2014-10-10,2,9000,219000.0,low
10809,3668000810,2015-01-16,3,9328,218500.0,low
13790,2722059183,2014-10-14,4,25500,218500.0,low
1040,16000435,2015-03-16,2,8961,218500.0,low
3622,4330600301,2014-07-18,2,7425,218450.0,low
19221,8944300110,2015-01-08,3,7344,218250.0,low
18323,1898600100,2014-11-24,3,9774,218250.0,low
12710,7657000085,2015-02-02,2,7755,218000.0,low
12098,7972604355,2014-05-21,3,7874,218000.0,low
10284,3306200240,2014-11-25,4,10455,218000.0,low
8035,2781250900,2014-06-20,2,2841,218000.0,low
3265,8731902680,2014-11-20,3,7084,218000.0,low
16179,4059400585,2014-06-24,3,18205,218000.0,low
11789,8651411420,2015-03-05,3,4875,218000.0,low
630,5437820310,2014-05-23,3,9633,218000.0,low
19059,1421039067,2014-10-27,4,17500,218000.0,low
9327,109200730,2014-05-06,3,7684,218000.0,low
3979,1432600100,2014-09-24,3,7560,218000.0,low
785,8731901940,2015-03-04,5,8040,218000.0,low
11677,923049468,2014-11-10,3,12812,218000.0,low
16955,6386600130,2014-06-24,3,7600,218000.0,low
10266,5379802871,2015-03-12,3,9750,217500.0,low
13559,3375300360,2014-07-01,3,9546,217500.0,low
17673,5419800090,2014-11-21,2,8400,217500.0,low
18102,7211400615,2014-05-15,3,5000,217450.0,low
18422,5153200506,2014-07-31,3,12000,217000.0,low
7865,3211100450,2014-08-14,3,7800,217000.0,low
9338,402000145,2014-10-28,2,5600,217000.0,low
14974,6386600170,2014-10-01,3,8505,217000.0,low
6985,9542800290,2014-12-10,3,6750,217000.0,low
6871,2822049148,2014-09-18,3,9827,217000.0,low
17717,1018000276,2015-03-27,3,4200,217000.0,low
17751,8651430210,2015-03-21,3,5200,217000.0,low
6781,985000950,2015-02-27,2,9715,217000.0,low
6480,7203601405,2015-04-14,2,2400,217000.0,low
17886,7227500740,2014-11-07,2,4760,217000.0,low
3844,2734100734,2014-10-15,3,1427,216650.0,low
11436,2734100732,2014-10-15,3,1077,216650.0,low
6160,2893000280,2015-05-01,3,7700,216600.0,low
9791,1917300105,2015-04-14,3,9000,216500.0,low
16237,7689600630,2014-11-06,2,6960,216500.0,low
19195,3530410081,2014-06-26,2,4482,216500.0,low
5806,8651410950,2015-04-30,2,5200,216500.0,low
19472,5379806155,2014-09-10,3,11652,216500.0,low
12079,2115720070,2014-11-25,3,5000,216300.0,low
9118,4204400201,2014-10-21,2,7797,216180.0,low
7718,3352400330,2015-03-27,2,10360,216000.0,low
978,421049116,2015-01-21,3,8712,216000.0,low
13765,7899800915,2015-02-09,2,5120,216000.0,low
20282,3356402705,2015-03-17,4,8000,216000.0,low
3878,4364700600,2014-12-16,3,7920,216000.0,low
7778,3028200100,2014-08-26,2,9000,216000.0,low
3437,3423049311,2014-10-17,3,4125,216000.0,low
11597,5547500070,2014-07-24,3,9705,216000.0,low
10359,7888300340,2014-11-24,3,7950,216000.0,low
10673,921059200,2014-08-13,3,8670,216000.0,low
17998,2892600056,2015-01-06,2,12500,216000.0,low
1793,3751602329,2014-06-27,2,15600,215500.0,low
14836,3599600276,2014-11-06,3,9000,215500.0,low
12863,8651410330,2015-03-06,3,4770,215150.0,low
1450,2228900270,2014-08-12,2,6000,215000.0,low
713,7203000640,2014-09-18,4,7400,215000.0,low
155,8960000030,2014-07-28,3,7669,215000.0,low
21167,8856003839,2014-12-10,3,6006,215000.0,low
1948,3279000070,2014-08-28,4,8775,215000.0,low
88,1332700270,2014-05-19,2,2040,215000.0,low
3142,5029450110,2015-03-27,3,8415,215000.0,low
549,5000500055,2014-05-28,2,8865,215000.0,low
16008,321049193,2014-10-17,3,9282,215000.0,low
5420,7338001190,2014-10-17,3,5065,215000.0,low
9960,1822059331,2014-07-16,3,15000,215000.0,low
16224,2123049502,2014-06-23,3,8505,215000.0,low
11731,8731730710,2014-07-28,3,9000,215000.0,low
9371,8651401720,2014-09-18,3,5304,215000.0,low
16251,271200130,2014-11-19,3,7700,215000.0,low
4159,4324500490,2014-12-23,3,9954,215000.0,low
9475,1789900065,2014-07-09,3,29004,215000.0,low
9535,2620069077,2015-04-22,3,7648,215000.0,low
6218,5113260170,2015-01-13,3,6994,215000.0,low
5121,1432600415,2014-09-19,3,7560,215000.0,low
4285,2212200090,2015-02-09,3,7140,215000.0,low
9614,3624039111,2015-04-29,3,5600,215000.0,low
18326,7831800110,2015-01-15,3,7175,215000.0,low
9728,3392100140,2015-01-06,3,9775,215000.0,low
7117,2222059099,2014-10-22,3,9405,215000.0,low
19350,3832300090,2014-07-09,3,7280,215000.0,low
7338,2970800130,2014-10-09,3,5240,215000.0,low
10211,1921059235,2014-06-20,4,11600,215000.0,low
6973,3387800380,2014-08-29,4,8000,215000.0,low
6353,2212900920,2014-07-22,4,9652,215000.0,low
4874,3832710680,2014-07-21,4,7575,215000.0,low
6370,5253300387,2015-01-28,3,6635,215000.0,low
11252,6600400370,2014-09-10,3,7500,215000.0,low
11143,2525300200,2014-05-15,3,10384,215000.0,low
19413,7340600068,2014-05-14,2,7200,215000.0,low
4830,5437820080,2014-11-24,3,7897,215000.0,low
10922,1431400070,2015-02-05,3,7900,215000.0,low
18044,3229200040,2014-07-23,3,13399,215000.0,low
6806,2868900020,2015-04-08,3,10125,215000.0,low
17934,2968800645,2015-04-28,3,7200,215000.0,low
6673,9202000080,2014-07-07,3,9563,215000.0,low
11886,2781270400,2015-03-16,2,2521,215000.0,low
13819,5515600087,2014-12-09,3,33600,215000.0,low
8530,8005100540,2014-07-09,4,5040,215000.0,low
5972,1545800290,2014-09-05,4,6675,215000.0,low
12314,1432900350,2014-12-17,5,7958,215000.0,low
3874,1220000100,2015-05-04,1,7639,215000.0,low
13515,8005100571,2014-12-05,2,5325,215000.0,low
18711,9268700040,2015-02-26,3,2052,215000.0,low
5265,1140000050,2014-11-26,3,10016,215000.0,low
5761,6181400470,2015-01-27,4,4496,215000.0,low
12579,7689600360,2014-06-13,2,7200,215000.0,low
3881,8025700590,2014-05-19,3,7275,215000.0,low
12047,3821400200,2014-10-06,3,9312,215000.0,low
3935,304100090,2014-07-22,4,5393,215000.0,low
19891,3356402702,2014-07-25,4,8000,215000.0,low
8806,7985400133,2015-01-14,2,1312,215000.0,low
5413,9835800840,2015-02-04,4,7000,215000.0,low
15476,1420400130,2014-12-26,4,9600,215000.0,low
8529,5706600150,2014-05-28,3,8075,215000.0,low
12419,1446401290,2014-10-30,3,6600,214950.0,low
14010,8651442060,2014-06-11,3,4875,214950.0,low
3825,2916600110,2015-04-30,3,8688,214946.0,low
4957,7237590010,2014-06-05,2,2064,214100.0,low
8920,2048000330,2014-09-26,3,2231,214000.0,low
5386,7520000440,2015-02-09,3,5080,214000.0,low
12839,1421069123,2014-09-09,3,9147,214000.0,low
8991,8651411460,2015-01-06,3,5200,214000.0,low
636,6131600060,2014-08-15,3,8316,214000.0,low
10862,100600320,2014-08-13,3,7000,213950.0,low
12565,418000145,2015-04-28,2,5200,213800.0,low
14763,5028600360,2014-07-25,3,6013,213675.0,low
2265,5413200140,2014-10-21,3,8541,213550.0,low
8820,257000057,2014-09-16,3,11571,213500.0,low
3683,2891100820,2014-08-25,3,6000,213500.0,low
16706,2822059091,2015-02-18,2,7713,213500.0,low
9454,8155760040,2014-12-18,4,6655,213400.0,low
11393,5438000160,2014-06-09,3,8686,213400.0,low
233,943100260,2014-11-20,2,10200,213000.0,low
17933,8732130940,2014-06-09,4,9000,213000.0,low
16548,3222079136,2014-08-18,3,55321,213000.0,low
10478,7221400320,2014-10-03,2,6089,213000.0,low
7042,5379805120,2015-04-24,2,7380,213000.0,low
6324,8122100595,2014-06-27,2,5040,212700.0,low
10251,3622069050,2014-11-21,3,9650,212644.0,low
14443,7452500815,2015-03-10,2,5000,212625.0,low
5933,2946000912,2014-09-23,3,7128,212500.0,low
17238,1447600285,2014-06-09,2,21712,212500.0,low
4062,3751603173,2014-06-04,3,14400,212500.0,low
5641,7875400050,2014-08-27,3,9225,212000.0,low
17199,88000591,2015-04-14,3,9450,212000.0,low
20574,6145600557,2014-05-09,2,1525,212000.0,low
13972,9456200450,2015-04-27,4,21780,212000.0,low
14160,5153200666,2015-01-14,3,18000,212000.0,low
8414,7760600110,2014-10-27,3,9600,212000.0,low
6647,3306300630,2014-09-24,3,9750,212000.0,low
18361,5053300015,2015-01-21,2,7386,212000.0,low
8131,2475900850,2014-10-10,2,7000,212000.0,low
8262,1900000035,2015-05-05,1,7620,212000.0,low
2576,1099610260,2014-08-26,4,12705,212000.0,low
130,3668000070,2015-01-05,3,7875,212000.0,low
16254,9265410010,2015-02-03,3,8350,212000.0,low
2776,2190601049,2015-04-29,3,10000,212000.0,low
7246,1446403850,2015-01-14,2,7153,212000.0,low
6788,1180008315,2014-07-15,3,6800,212000.0,low
18000,2320069089,2014-09-30,3,12233,212000.0,low
1797,185000118,2015-02-23,4,7500,212000.0,low
1227,1761300310,2014-08-27,4,8288,211000.0,low
17684,2968801240,2014-05-12,3,7620,211000.0,low
19380,5537200043,2014-05-08,4,9200,211000.0,low
6414,9407600250,2015-03-27,3,7412,211000.0,low
3739,3026079031,2014-08-06,3,47916,211000.0,low
10884,7972604425,2015-04-01,4,7076,210750.0,low
2890,3750605349,2015-03-04,3,9600,210500.0,low
6957,2345500010,2014-09-25,2,8600,210500.0,low
9891,7272000260,2014-11-13,3,10178,210500.0,low
46,8945200830,2015-03-25,3,8528,210490.0,low
19880,3832050860,2015-03-19,3,4961,210000.0,low
19532,2011000120,2014-05-29,3,7617,210000.0,low
12745,7247000035,2014-05-20,4,28710,210000.0,low
18738,2660500283,2014-06-24,2,5500,210000.0,low
7829,3830210220,2014-09-08,3,7200,210000.0,low
18897,2354300845,2014-08-04,3,6000,210000.0,low
3240,5259800090,2015-04-27,3,9150,210000.0,low
5626,4345000170,2015-05-04,3,15236,210000.0,low
10767,1023059190,2015-03-24,3,10125,210000.0,low
2542,5560000710,2015-03-27,3,8970,210000.0,low
8400,7131300035,2014-05-12,3,2643,210000.0,low
7785,6018500120,2015-02-20,2,5000,210000.0,low
2303,8698600055,2014-06-20,2,5756,210000.0,low
8029,3348401095,2015-04-27,4,6485,210000.0,low
3198,7893207665,2015-01-28,3,4583,210000.0,low
2617,179003055,2014-11-13,3,7500,210000.0,low
1853,7135300046,2014-07-16,2,4750,210000.0,low
12223,5347200162,2014-05-28,2,1157,210000.0,low
2266,522049104,2014-07-29,5,9148,210000.0,low
1917,3874000240,2014-12-02,3,10111,210000.0,low
9956,723049307,2014-07-08,3,8179,210000.0,low
1979,5466400550,2014-11-13,3,6223,210000.0,low
7143,1099600010,2014-06-12,4,7840,210000.0,low
1774,1549500370,2014-05-05,3,306848,210000.0,low
11512,8016250140,2015-05-06,3,6732,210000.0,low
2032,2414600400,2014-08-05,2,7570,210000.0,low
3095,3438500625,2014-05-19,3,21043,210000.0,low
1629,6414600070,2014-06-17,1,7129,210000.0,low
11687,2923069037,2014-07-21,3,61014,210000.0,low
3010,2212901130,2014-11-03,3,12201,210000.0,low
18481,2123049086,2014-08-07,2,49658,210000.0,low
17495,6303401365,2014-06-03,3,7962,210000.0,low
8789,3256400051,2014-07-08,3,9380,210000.0,low
12085,304100070,2014-11-18,4,5393,210000.0,low
963,1917300260,2014-12-02,4,6174,210000.0,low
2228,8651441620,2014-10-23,3,5200,210000.0,low
18064,5470100090,2014-09-05,3,9484,210000.0,low
18995,723049219,2015-03-25,3,10800,210000.0,low
15656,7893805650,2014-05-05,5,10200,210000.0,low
13615,2190600243,2014-11-18,3,9600,210000.0,low
4000,3530450100,2014-07-26,2,3554,210000.0,low
16703,1623049145,2014-09-25,2,9750,210000.0,low
3919,7883604065,2015-05-01,2,6000,210000.0,low
619,1682500160,2014-06-19,3,7210,210000.0,low
794,1623049062,2015-03-04,2,34133,210000.0,low
3851,7131300025,2014-05-21,3,4842,210000.0,low
4844,1721801025,2014-07-18,2,4590,210000.0,low
3873,3327000090,2014-06-12,4,7680,210000.0,low
3975,6324000090,2015-05-11,2,8140,210000.0,low
13339,8588000610,2014-11-10,3,8125,210000.0,low
13657,4239410220,2015-04-02,2,4700,210000.0,low
3952,3348401584,2014-08-21,3,7300,210000.0,low
14031,8113100150,2014-07-14,3,6612,210000.0,low
4978,4365700130,2015-03-25,3,7440,210000.0,low
726,3530490070,2014-06-13,2,5680,210000.0,low
3930,2414600195,2014-07-21,3,8600,210000.0,low
5122,3306200010,2014-06-05,4,10403,210000.0,low
15543,8732130680,2014-10-27,3,9775,210000.0,low
5284,121059007,2014-08-08,4,43560,210000.0,low
16800,1311200380,2014-08-27,3,7210,210000.0,low
200,3542300060,2015-03-11,3,11725,210000.0,low
3489,6149700405,2014-12-22,1,7583,210000.0,low
241,8150100045,2014-10-01,2,6000,210000.0,low
16082,1035000007,2014-12-18,3,4992,210000.0,low
4259,6450301690,2014-10-03,3,5454,210000.0,low
14800,8948500065,2014-11-24,2,8874,210000.0,low
15309,1901600095,2014-06-26,2,8040,210000.0,low
5324,9211500010,2015-03-27,3,9435,210000.0,low
272,1745100140,2014-10-17,3,11390,210000.0,low
17154,421000500,2014-07-21,2,7303,209995.0,low
12528,985000833,2014-09-10,3,6134,209977.0,low
7029,1789900080,2014-07-22,3,15570,209950.0,low
15080,2597500840,2014-07-07,3,7300,209950.0,low
10414,8945000260,2014-07-22,4,8400,209950.0,low
17436,6093900280,2014-05-07,3,11130,209950.0,low
16730,6146600595,2015-04-10,2,5080,209950.0,low
17329,4168100020,2014-12-04,3,8800,209950.0,low
9315,1321039076,2014-06-27,3,9583,209950.0,low
3483,8651400750,2014-10-28,3,5525,209950.0,low
16278,796000235,2015-04-01,2,6250,209950.0,low
12687,8092501400,2015-03-18,3,9600,209950.0,low
5905,2122059127,2014-09-16,3,60720,209900.0,low
12626,2781270210,2015-02-24,2,3003,209900.0,low
8497,3438503426,2015-04-06,3,5488,209500.0,low
2932,8651410090,2015-05-08,2,5265,209000.0,low
10546,8651410240,2015-02-02,3,5200,209000.0,low
12892,3361401210,2014-12-31,2,6120,209000.0,low
894,880000189,2014-08-11,3,1340,209000.0,low
11196,1099610830,2014-12-02,3,6900,209000.0,low
10795,1311800560,2014-11-21,3,8084,209000.0,low
19174,2420069220,2014-12-03,3,3954,209000.0,low
13595,425000175,2014-10-13,3,5700,208950.0,low
20819,3336500140,2014-09-19,3,2450,208800.0,low
303,5104530560,2015-04-01,3,3810,208633.0,low
19285,844001145,2015-03-26,2,4814,208500.0,low
11717,2185000685,2014-11-24,2,4200,208417.0,low
21293,8862500280,2014-12-30,2,1268,208400.0,low
18338,7606200090,2015-03-27,2,5750,208000.0,low
16751,6099400293,2014-12-08,2,13438,208000.0,low
15458,1450100020,2015-02-09,3,7420,208000.0,low
1620,8100000060,2014-07-29,3,7200,208000.0,low
10273,1450100390,2015-03-16,3,7314,208000.0,low
2260,7345000340,2015-02-03,3,6120,208000.0,low
1080,7888400560,2014-10-02,4,8677,208000.0,low
4640,421000215,2015-04-16,2,5100,208000.0,low
18816,1745000090,2014-11-10,3,7247,208000.0,low
3307,1796351080,2014-07-18,3,7995,208000.0,low
1233,1450100070,2015-04-30,3,7420,208000.0,low
17048,7889600080,2015-02-19,3,6240,208000.0,low
6922,7227502155,2014-07-14,2,5700,208000.0,low
487,1895000260,2014-07-21,2,5000,207950.0,low
3458,6600400090,2015-01-13,3,9750,207500.0,low
2498,8945300200,2014-08-15,3,8816,207500.0,low
17216,6600410290,2014-08-19,3,12528,207500.0,low
18084,7575500150,2014-09-24,4,8400,207200.0,low
11031,7225000045,2014-08-28,2,4500,207100.0,low
3486,4168000110,2014-08-26,3,10200,207000.0,low
12388,3935900232,2014-09-29,3,5546,207000.0,low
10761,9406500350,2014-12-29,2,1158,207000.0,low
5822,3361401025,2014-11-26,2,8160,207000.0,low
10864,7140600055,2015-04-11,3,10800,207000.0,low
12781,7689600330,2014-08-13,3,7740,207000.0,low
16361,7984400050,2014-09-22,3,11100,207000.0,low
8312,2658000215,2014-08-12,2,4860,207000.0,low
13868,1021049057,2014-10-08,3,18730,207000.0,low
12382,1022069050,2015-02-27,3,21275,207000.0,low
13501,7524200180,2014-10-23,4,7728,207000.0,low
8467,923049378,2014-05-08,3,8995,207000.0,low
15558,13001991,2014-09-02,3,2550,207000.0,low
1864,2143700830,2014-10-06,4,19680,207000.0,low
11819,3977630270,2014-11-13,3,9620,206990.0,low
348,808000070,2014-10-21,3,13464,206600.0,low
17280,2473380920,2014-08-13,5,10202,206325.0,low
1501,3830620710,2014-06-13,3,11070,206135.0,low
17918,1670400068,2014-06-18,2,8867,206000.0,low
3638,7877400266,2015-04-07,3,9360,206000.0,low
1800,3356404330,2014-11-19,4,7560,206000.0,low
11759,1446403305,2014-05-05,2,7158,206000.0,low
11750,1682000160,2015-04-17,3,9239,206000.0,low
3304,844001140,2014-10-28,3,5233,206000.0,low
17811,7345000120,2014-06-17,3,7000,206000.0,low
18498,1555200590,2014-12-23,3,8400,206000.0,low
16399,7956300020,2014-06-03,3,9600,206000.0,low
18528,7116500925,2014-05-20,4,6025,206000.0,low
16744,646910480,2014-11-20,2,1566,206000.0,low
12947,7905400040,2014-07-11,3,9800,206000.0,low
7634,2525310040,2015-01-29,3,10350,206000.0,low
19173,9456200405,2015-03-10,3,11963,205950.0,low
8866,8945300090,2014-08-11,3,8239,205950.0,low
4772,3876540630,2015-02-27,3,8748,205500.0,low
2603,5706500140,2014-08-18,2,6400,205500.0,low
117,4060000240,2014-06-23,2,6780,205425.0,low
20212,6601200250,2015-04-02,4,4500,205000.0,low
2888,5029450850,2014-12-04,3,6980,205000.0,low
9984,1442800060,2014-11-20,3,3118,205000.0,low
14889,8651442880,2014-05-16,5,5200,205000.0,low
19409,7686204750,2015-01-21,4,8063,205000.0,low
7174,7657000225,2014-07-19,3,7467,205000.0,low
9212,4468400211,2015-02-20,3,952,205000.0,low
19232,3751604653,2014-08-26,3,10708,205000.0,low
8994,7893203480,2015-05-12,3,5000,205000.0,low
142,1432900240,2015-05-08,3,8579,205000.0,low
2239,6648701420,2015-02-13,4,8175,205000.0,low
8597,6730700385,2014-10-22,3,7000,205000.0,low
16163,1450100420,2014-06-20,3,7314,205000.0,low
19075,5153900150,2014-07-08,3,8240,205000.0,low
8355,13002460,2015-03-18,2,5100,205000.0,low
3828,6929602605,2015-02-03,3,8631,205000.0,low
15711,7683800010,2015-04-21,3,9880,205000.0,low
15850,3751602249,2015-03-05,4,7920,205000.0,low
7878,8093600065,2014-12-31,4,6621,205000.0,low
3758,1523049209,2014-11-13,3,7014,205000.0,low
7584,1099600090,2014-06-13,3,6566,205000.0,low
11824,4137010310,2014-08-22,3,11419,205000.0,low
11681,3622059157,2014-10-09,4,65340,205000.0,low
20158,1773100275,2015-02-01,2,1020,205000.0,low
4687,7226000110,2014-07-26,2,4397,205000.0,low
10532,7345200400,2014-09-09,3,8800,205000.0,low
2911,4302201130,2014-05-08,2,5040,205000.0,low
11274,795002190,2014-07-15,2,8000,205000.0,low
16633,3192000080,2014-10-29,3,10185,205000.0,low
11337,1796360990,2014-07-01,3,8239,205000.0,low
16757,3392100050,2014-06-25,3,8750,205000.0,low
11682,5466350160,2015-01-21,3,7295,205000.0,low
11790,1274500240,2014-08-20,3,8366,205000.0,low
5978,1761100080,2014-07-17,3,7210,205000.0,low
19416,1865820300,2015-03-11,3,8342,205000.0,low
5249,8802400415,2014-06-25,3,8498,205000.0,low
14182,7523700210,2015-04-15,3,7700,205000.0,low
10741,7889600685,2014-12-11,3,5025,205000.0,low
12594,1623049133,2014-07-29,4,13320,205000.0,low
444,8857600960,2014-08-19,3,7980,205000.0,low
3534,5070000100,2014-07-11,3,8585,205000.0,low
912,3329530200,2014-09-10,3,8384,205000.0,low
5951,8802400896,2014-10-23,2,8185,204995.0,low
6606,3210200373,2014-06-17,4,9344,204950.0,low
9831,5381000070,2014-08-26,2,11429,204950.0,low
6627,5706600170,2015-03-11,3,8245,204900.0,low
7894,2122049013,2015-05-13,2,7575,204750.0,low
9095,5556800150,2014-05-15,4,9987,204700.0,low
6746,2721059173,2015-03-09,3,15000,204555.0,low
17148,8732160250,2015-01-20,3,7708,204250.0,low
534,1521069070,2015-02-18,3,7405,204000.0,low
12394,7686203385,2015-03-26,3,8000,204000.0,low
7251,2212210660,2015-02-27,3,7140,204000.0,low
68,1274500060,2014-08-25,3,12070,204000.0,low
8894,7893200900,2015-04-14,3,12500,204000.0,low
20220,2946003947,2015-03-02,2,13444,204000.0,low
11298,9518100059,2014-08-22,2,2500,203700.0,low
18981,7137900490,2015-03-16,3,7958,203700.0,low
3077,8651401270,2015-05-04,3,6500,203000.0,low
7958,9282800065,2015-03-29,3,6000,203000.0,low
6704,1446400648,2014-11-06,2,9067,203000.0,low
3855,723049476,2014-07-24,3,9145,203000.0,low
6813,806000020,2015-03-10,3,9120,203000.0,low
8210,2946003580,2014-11-19,3,7500,203000.0,low
7928,5029451080,2014-08-21,2,6650,203000.0,low
7429,1685200020,2014-08-27,3,8000,203000.0,low
5686,1555300010,2015-02-06,3,7500,203000.0,low
4566,7460000015,2014-06-20,3,7156,203000.0,low
5844,1685200190,2015-01-15,3,9000,203000.0,low
14038,8651402700,2014-10-28,2,5144,202950.0,low
16228,6131600255,2014-12-22,3,8316,202500.0,low
2659,7957600075,2015-04-06,3,9898,202500.0,low
18837,7689600215,2014-10-17,3,8576,202500.0,low
8054,3530490031,2014-09-24,2,2159,202200.0,low
10480,7129304375,2014-07-14,1,5650,202000.0,low
11348,3046200125,2015-04-06,2,6550,202000.0,low
9787,6600400270,2014-12-10,3,9750,202000.0,low
18595,3826000735,2014-06-26,2,7569,202000.0,low
16455,1863900190,2014-12-29,2,7200,202000.0,low
3019,7454000110,2015-01-27,2,7844,202000.0,low
3987,6840700165,2014-07-01,1,833,202000.0,low
16859,7575500080,2014-11-20,3,9081,202000.0,low
3707,7585000110,2015-03-26,3,9576,201700.0,low
14855,324000530,2014-07-08,3,5000,201500.0,low
9389,8857600490,2014-05-09,3,8320,201500.0,low
10899,6600400260,2014-05-12,3,9750,201000.0,low
14062,3826000385,2014-12-17,4,8100,201000.0,low
13655,3599600150,2014-09-04,3,22443,201000.0,low
9626,2953000300,2014-10-08,3,9682,201000.0,low
16353,1450000050,2015-05-01,3,7576,201000.0,low
13051,2129700142,2014-07-31,3,25277,201000.0,low
311,7994700030,2014-10-23,5,78408,201000.0,low
11956,920069053,2014-09-17,3,15273,201000.0,low
5172,9320600170,2015-03-24,3,14972,200500.0,low
15940,8133300050,2014-06-26,3,9346,200500.0,low
3013,3423049209,2015-03-18,3,9130,200450.0,low
14447,5151600040,2014-09-11,3,15463,200126.0,low
903,3278600710,2014-07-14,1,1157,200000.0,low
8125,2787460720,2015-02-27,3,7896,200000.0,low
8062,5560001130,2015-02-25,3,8925,200000.0,low
13349,6620400205,2014-08-06,2,6227,200000.0,low
2447,7206900075,2014-08-18,5,15525,200000.0,low
16092,8122600020,2014-05-21,4,5200,200000.0,low
12982,126059021,2015-04-02,4,42966,200000.0,low
881,2349300060,2015-02-12,4,4822,200000.0,low
18986,3056700150,2014-06-25,3,6833,200000.0,low
7948,257000037,2014-12-29,3,31564,200000.0,low
1108,7831800505,2015-01-06,3,4380,200000.0,low
10095,7805600070,2014-11-11,2,13052,200000.0,low
10752,2781250520,2014-10-16,2,2693,200000.0,low
13488,7212660540,2015-01-15,4,8638,200000.0,low
10087,4388000260,2015-03-30,3,10132,200000.0,low
17974,8072000035,2015-03-26,3,10703,200000.0,low
15409,1723049008,2014-08-22,2,8665,200000.0,low
10788,4154302075,2015-01-16,2,7200,200000.0,low
531,1843200240,2015-05-05,2,1898,200000.0,low
9273,5615100330,2015-03-27,4,8160,200000.0,low
1728,1823059205,2014-06-04,3,15837,200000.0,low
9159,1821059067,2014-06-25,3,4800,200000.0,low
9697,4031000260,2014-06-06,2,9610,200000.0,low
11109,4337000070,2015-03-09,3,7590,200000.0,low
622,9500900135,2014-10-21,3,10588,200000.0,low
8858,844000180,2015-02-25,4,8000,200000.0,low
15040,3623059027,2014-10-22,2,55764,200000.0,low
1975,5101404170,2014-11-13,1,9600,200000.0,low
13992,7812800995,2014-09-05,2,5985,200000.0,low
15036,3352400351,2014-11-21,3,5600,200000.0,low
18380,5706500385,2015-01-29,2,9600,200000.0,low
12156,7129304200,2014-12-22,2,5250,200000.0,low
12167,1446404015,2014-06-20,2,6600,200000.0,low
8490,421000555,2014-05-20,3,5000,200000.0,low
8442,7137910360,2014-07-29,3,5757,200000.0,low
18811,7686202730,2014-08-04,2,8000,200000.0,low
13537,9505100035,2014-11-05,2,8520,200000.0,low
10022,3339900640,2014-06-20,3,7420,200000.0,low
16465,7140200250,2015-01-12,4,7210,200000.0,low
3760,399000195,2014-10-20,3,7500,200000.0,low
3465,621069113,2014-12-18,3,10454,200000.0,low
5492,7575610170,2015-04-23,4,13235,200000.0,low
6239,2946000285,2015-03-02,3,10051,200000.0,low
7896,6623400246,2014-05-23,4,11507,200000.0,low
6555,3668000670,2015-03-27,3,7905,200000.0,low
3639,7657000165,2014-07-30,4,7467,200000.0,low
3098,2599001240,2014-05-27,4,9600,200000.0,low
3083,5476200123,2014-07-10,4,6630,200000.0,low
5397,3670500605,2014-09-08,3,8108,200000.0,low
3583,1274500300,2014-06-23,3,9600,200000.0,low
5882,1823049178,2015-01-23,2,7200,200000.0,low
3589,7348200115,2014-06-19,3,8340,200000.0,low
5856,421000185,2014-06-11,2,4700,200000.0,low
3188,2968801105,2015-03-04,2,8100,200000.0,low
19234,1324079029,2015-03-17,3,213008,200000.0,low
5236,844000425,2014-12-23,3,10815,199999.0,low
5259,8651431100,2015-01-16,3,5200,199990.0,low
18717,6018500015,2014-07-11,2,6430,199990.0,low
1566,5560000070,2014-07-07,3,8560,199990.0,low
16551,3352401476,2014-11-24,2,5000,199988.0,low
996,8856004730,2014-09-17,2,20917,199950.0,low
11842,1953400510,2014-06-23,5,8750,199950.0,low
12780,418000330,2014-08-08,2,5200,199950.0,low
18745,2123049194,2015-04-09,3,10317,199950.0,low
16866,7841300285,2014-08-11,1,4800,199950.0,low
13757,1788900230,2015-04-03,3,9480,199950.0,low
7822,7657600195,2014-11-05,3,7260,199950.0,low
11256,3750600566,2014-12-15,2,18537,199950.0,low
14191,7983100150,2014-06-02,3,7245,199950.0,low
8930,1442800150,2015-01-20,3,2132,199950.0,low
7101,5560000680,2014-12-26,2,10057,199950.0,low
7016,1446400670,2014-07-31,3,6600,199950.0,low
6523,8661000089,2014-07-16,3,13590,199950.0,low
4852,6858700225,2014-10-04,3,6225,199950.0,low
19370,3353401340,2015-02-16,4,12000,199900.0,low
13858,2482500040,2014-07-17,5,11232,199900.0,low
19225,2414600366,2014-11-14,1,7140,199900.0,low
10916,7227800055,2014-09-09,4,8116,199500.0,low
17523,4031000460,2014-06-10,3,9812,199500.0,low
6519,8651443190,2014-12-04,3,5200,199500.0,low
4269,3546000090,2015-02-24,3,8901,199500.0,low
11812,2112700370,2014-08-13,2,4000,199400.0,low
8737,5066400564,2014-09-29,3,33664,199129.0,low
6061,937000280,2015-02-20,4,10521,199000.0,low
18032,1320069255,2014-06-24,3,8512,199000.0,low
97,1099611230,2014-09-12,4,6400,199000.0,low
11463,2215901840,2015-02-11,3,6725,199000.0,low
2769,3352401981,2014-05-21,4,8120,199000.0,low
17399,5153900080,2014-07-14,3,9100,199000.0,low
2078,2618300350,2014-07-18,3,12145,199000.0,low
135,921049315,2014-08-13,3,17390,199000.0,low
14719,7227800065,2014-10-16,4,9477,199000.0,low
5948,7942100290,2014-09-10,3,9871,199000.0,low
7999,2923059064,2015-02-17,2,15120,199000.0,low
13826,5126400230,2014-05-24,2,7200,199000.0,low
14198,4013800206,2014-08-28,4,11730,199000.0,low
3446,2823059055,2015-03-29,3,21262,199000.0,low
13202,2122059077,2014-09-15,2,18700,198900.0,low
4109,985000900,2014-11-05,3,7137,198500.0,low
16312,1788700185,2015-03-06,2,9600,198500.0,low
11360,1795500060,2014-10-21,3,8645,198400.0,low
11647,5029451230,2014-06-17,3,7347,198000.0,low
12293,8856004582,2014-07-17,3,6318,198000.0,low
5128,1311500020,2014-07-03,4,7200,198000.0,low
6764,8651401680,2015-04-08,3,5185,198000.0,low
10581,5379800810,2014-08-07,2,14200,198000.0,low
1043,2892600016,2015-03-17,2,8860,197500.0,low
4549,853000261,2014-06-19,3,5412,197500.0,low
4467,3330500705,2014-05-15,3,3090,197500.0,low
12241,7682200320,2015-04-09,3,7575,197400.0,low
9400,2407000145,2015-01-20,3,8775,197200.0,low
13919,8645500360,2015-03-11,4,13200,197000.0,low
3544,5379802816,2015-02-24,4,11175,197000.0,low
6173,304000380,2014-10-06,3,17630,197000.0,low
16460,6303400460,2015-03-30,2,8636,197000.0,low
17213,7696630080,2014-05-06,3,7735,197000.0,low
4770,7686202580,2015-02-13,3,7500,196900.0,low
10287,1523049083,2014-11-12,2,9994,196700.0,low
6958,3279000460,2014-09-26,3,7000,196500.0,low
966,5462100240,2014-06-25,3,9000,196500.0,low
1691,3356406510,2014-05-30,3,7352,196440.0,low
9164,8945300110,2015-03-26,3,8470,196000.0,low
2967,2188200785,2014-09-12,3,19600,196000.0,low
14251,2599001010,2015-03-26,3,7400,196000.0,low
441,8159610030,2014-07-22,3,11576,196000.0,low
12306,2570600140,2015-01-28,3,9600,196000.0,low
18566,7893203770,2015-03-04,3,6719,196000.0,low
3111,3751600176,2015-03-06,3,18568,196000.0,low
9665,8651443360,2014-11-06,3,5200,195700.0,low
15480,6131600285,2014-10-24,4,8636,195500.0,low
15442,6121800050,2014-10-29,4,9948,195000.0,low
3487,5647900930,2014-12-15,3,22489,195000.0,low
1127,3324069070,2014-07-07,2,27007,195000.0,low
1103,1788700160,2015-02-20,3,8378,195000.0,low
9288,3530420110,2014-05-21,2,3899,195000.0,low
7268,2421039075,2014-11-06,3,14777,195000.0,low
3527,8005100025,2014-09-19,3,4350,195000.0,low
18464,723049197,2014-06-27,2,8100,195000.0,low
14572,5595900210,2014-11-19,2,5280,195000.0,low
2053,5727500102,2015-04-26,3,6967,195000.0,low
12146,4312700200,2014-08-20,3,9600,195000.0,low
2804,1796350570,2014-05-21,3,7350,195000.0,low
2877,2781270090,2015-02-25,2,2553,195000.0,low
4538,9368700031,2014-05-09,2,18000,195000.0,low
5333,1432400525,2015-03-06,3,7560,195000.0,low
15366,7972000010,2014-10-21,3,9628,195000.0,low
5212,4031000290,2015-04-08,3,9554,195000.0,low
11481,6083000071,2014-11-10,3,8235,195000.0,low
5176,5437820020,2014-08-07,3,7875,195000.0,low
6852,5198600005,2015-05-05,3,7800,195000.0,low
14892,3972300169,2014-11-25,2,9520,195000.0,low
10564,1921059045,2014-11-07,2,7861,195000.0,low
4826,2891000680,2015-04-27,3,6110,195000.0,low
701,1895000045,2015-05-04,2,5100,195000.0,low
17840,8651400580,2014-09-20,3,5525,195000.0,low
11088,8651441290,2014-12-29,3,5200,195000.0,low
5038,4388000460,2014-10-14,3,7615,195000.0,low
2499,7796600070,2014-08-25,3,8726,195000.0,low
7767,1796350300,2014-07-10,2,10400,195000.0,low
8670,766800090,2014-05-25,3,8459,195000.0,low
18586,522049122,2015-04-02,4,7694,195000.0,low
2493,9407110710,2014-11-07,3,8400,195000.0,low
5320,1443500305,2014-10-13,6,7144,194990.0,low
6489,7335400500,2014-07-11,2,6697,194900.0,low
3755,5515600088,2014-11-21,3,32700,194820.0,low
18590,2154900040,2014-10-30,3,8834,194250.0,low
5986,3438502668,2014-08-29,3,10488,194000.0,low
10747,5423500240,2014-06-24,3,7577,194000.0,low
11565,4204400339,2014-09-25,3,7955,194000.0,low
16829,3278602660,2014-05-20,1,1060,194000.0,low
1167,4388000140,2014-07-29,3,6440,194000.0,low
1996,179000350,2014-11-05,3,5000,194000.0,low
14601,2501600150,2015-03-10,4,7700,194000.0,low
15099,7812801850,2014-10-15,3,6050,194000.0,low
10169,8570900162,2014-10-16,2,15996,193500.0,low
2387,8581200160,2014-10-24,3,7000,193000.0,low
8284,4365700450,2014-11-06,2,9000,193000.0,low
7959,1921059310,2015-03-20,2,6774,193000.0,low
6662,5379802181,2014-11-19,2,8640,193000.0,low
19428,7877400245,2014-07-18,3,10761,193000.0,low
3289,6121000110,2014-06-03,3,9048,193000.0,low
20969,2781270530,2015-03-26,2,2550,193000.0,low
4290,4239400740,2014-07-16,3,3330,192950.0,low
15248,1320069249,2014-10-20,1,63737,192500.0,low
9906,3546000340,2014-10-08,3,7205,192500.0,low
11534,3365900520,2014-06-18,3,8580,192500.0,low
18728,5557700210,2014-12-09,3,9750,192500.0,low
2081,257000105,2014-05-20,2,7692,192500.0,low
1625,2143700861,2014-10-30,2,7380,192000.0,low
18600,193300120,2014-11-26,3,10361,192000.0,low
15287,4438400020,2014-05-12,2,10540,192000.0,low
11699,9268710140,2015-02-24,2,1302,191950.0,low
4373,6123600100,2014-12-15,3,8255,191000.0,low
16949,418000415,2015-03-19,2,5000,191000.0,low
13792,8651400730,2015-04-28,3,5525,191000.0,low
12803,7883608693,2014-06-27,2,3400,191000.0,low
19076,1788700230,2014-05-06,3,8850,191000.0,low
12411,7895500550,2015-03-19,4,7904,190848.0,low
16667,7153400010,2014-08-12,3,10155,190500.0,low
8911,8728100775,2015-03-09,3,1150,190500.0,low
7040,3395800660,2014-12-30,3,8100,190000.0,low
12610,1788800910,2014-10-20,3,10458,190000.0,low
9127,6303400981,2015-01-13,3,5850,190000.0,low
17319,3326079016,2015-05-04,2,1164794,190000.0,low
13365,2172000035,2014-08-21,2,11450,190000.0,low
8213,2144800615,2014-06-25,1,29258,190000.0,low
11008,4363700200,2015-03-25,4,7920,190000.0,low
17030,3354400545,2014-07-15,4,13493,190000.0,low
2642,2268000370,2014-07-08,3,10575,190000.0,low
3244,1545805490,2014-10-06,3,7625,190000.0,low
9185,5029450100,2014-08-12,2,9031,190000.0,low
15607,3904100089,2014-08-01,3,7370,190000.0,low
17051,7606200275,2014-12-30,3,40039,190000.0,low
1928,3972900160,2015-04-03,4,6250,190000.0,low
16356,7116000225,2015-02-20,3,8760,190000.0,low
7374,7967200290,2014-05-30,3,11745,190000.0,low
4740,3313600266,2015-02-13,3,8775,190000.0,low
12340,6131600240,2014-11-19,3,8316,190000.0,low
1782,7299500200,2014-08-15,2,12252,190000.0,low
5189,3145600250,2015-03-17,2,3101,190000.0,low
15344,2310000250,2015-05-06,3,7730,190000.0,low
19458,1545807180,2015-05-06,4,9861,190000.0,low
3101,84000245,2014-11-20,3,9452,190000.0,low
6835,3361400190,2015-02-26,3,8910,190000.0,low
15312,1423700680,2015-02-26,3,7700,190000.0,low
14795,9476200035,2014-11-20,2,6900,190000.0,low
2775,9315100030,2014-05-15,3,8520,190000.0,low
11651,3395380200,2014-10-17,2,3438,190000.0,low
13995,2781280150,2014-08-01,2,1737,190000.0,low
9545,2658000115,2014-06-18,1,4800,190000.0,low
19294,4440400155,2015-01-06,3,5100,190000.0,low
7657,7137900410,2015-04-29,3,7610,190000.0,low
521,1180003090,2014-09-06,2,6000,190000.0,low
19155,7227800040,2014-06-04,5,10284,190000.0,low
8630,5127001320,2014-11-25,3,9600,190000.0,low
1513,402000260,2015-02-11,2,9500,190000.0,low
16212,9476200290,2014-10-17,3,10900,190000.0,low
8269,7140200330,2015-03-09,3,7875,190000.0,low
7636,4008400515,2015-01-20,1,77603,190000.0,low
1737,5402100045,2015-03-11,4,4225,189950.0,low
17326,8651410670,2014-11-25,3,6460,189950.0,low
998,1442800370,2015-04-15,2,4188,189950.0,low
18270,8581400015,2014-07-22,2,4179,189900.0,low
7699,424500100,2014-10-08,2,5600,189900.0,low
1834,9315300260,2014-05-21,2,7600,189650.0,low
3369,9407101380,2014-12-30,3,11481,189000.0,low
11419,7116500125,2014-05-28,2,3171,189000.0,low
16379,9150100020,2015-02-11,3,7282,189000.0,low
14805,1432400065,2014-06-05,3,7560,189000.0,low
8570,8651410740,2015-02-19,3,5200,189000.0,low
3413,1446403835,2014-11-03,2,7128,189000.0,low
18,16000397,2014-12-05,2,9850,189000.0,low
107,3530510041,2014-07-23,2,2493,188500.0,low
3692,7468900245,2015-04-20,3,7265,188200.0,low
8949,1645000100,2015-01-29,3,8500,188000.0,low
11588,6453300055,2014-10-07,1,16345,188000.0,low
6463,9264901680,2015-03-23,3,7350,188000.0,low
677,3348401740,2015-01-27,2,17487,188000.0,low
19597,1788800770,2014-07-28,3,8400,187500.0,low
1711,8581200350,2014-06-17,3,7000,187500.0,low
19187,9382200121,2014-07-18,2,7697,187300.0,low
17194,8018600980,2014-12-03,2,14700,187250.0,low
14937,5437820250,2014-11-10,2,10346,187000.0,low
17771,3530430100,2014-08-15,2,2926,187000.0,low
16628,792000006,2014-07-09,2,11600,187000.0,low
18942,419000035,2014-10-15,2,5400,187000.0,low
16521,1221000562,2014-07-22,3,1803,187000.0,low
6629,7338000950,2014-10-21,3,4452,187000.0,low
18478,9268710220,2014-05-28,2,1302,186950.0,low
328,1665400045,2015-04-28,3,7636,186375.0,low
4905,2212900470,2015-02-11,3,10080,186000.0,low
11015,4388000070,2015-01-27,3,7967,186000.0,low
8164,3141600210,2014-06-19,3,4320,186000.0,low
12296,8856001090,2015-01-30,3,10890,185900.0,low
5376,5379806185,2015-03-06,3,11662,185850.0,low
17959,1099600220,2015-01-08,3,6400,185000.0,low
15663,6123600285,2014-11-07,3,7755,185000.0,low
15983,9542802000,2014-12-29,3,7000,185000.0,low
2135,7967600069,2014-11-17,3,9135,185000.0,low
4561,5381000082,2015-01-08,2,6750,185000.0,low
16561,7686202635,2014-08-12,2,8000,185000.0,low
14250,2320069107,2014-08-22,2,16030,185000.0,low
14458,2525300540,2014-11-14,3,9605,185000.0,low
19616,1446400564,2014-05-07,4,6600,185000.0,low
6120,7135300275,2014-09-04,1,5000,185000.0,low
11954,5153200486,2014-07-15,5,27810,185000.0,low
19482,7878400043,2014-08-05,3,9262,185000.0,low
11579,7338000800,2014-11-20,3,4031,185000.0,low
6698,1788900380,2015-02-12,2,9100,185000.0,low
16273,923049400,2014-11-19,2,11340,185000.0,low
602,4233400340,2014-08-20,3,10816,185000.0,low
11993,3327000070,2015-04-20,3,7800,185000.0,low
8365,7340600845,2014-08-06,4,6700,185000.0,low
5724,1788800630,2015-02-25,3,12091,185000.0,low
12508,3750603492,2014-07-15,3,17040,185000.0,low
13268,7399100040,2015-03-09,3,1848,185000.0,low
13392,7137800085,2014-10-03,3,9085,185000.0,low
10319,6623400187,2014-09-23,4,8906,185000.0,low
12434,1217000340,2014-06-06,3,8100,185000.0,low
13783,7796600085,2015-01-08,4,8684,185000.0,low
10408,623049185,2014-07-02,5,6700,185000.0,low
18915,3313600077,2014-09-19,3,7155,185000.0,low
16202,1950900005,2014-10-03,3,7125,185000.0,low
7890,304000530,2014-05-12,3,8470,185000.0,low
12014,1951600240,2014-12-08,3,9198,185000.0,low
879,3826000070,2014-05-15,3,8100,185000.0,low
17819,2420069268,2014-08-21,2,5000,184900.0,low
16716,1788800080,2014-07-30,3,10080,184900.0,low
10542,7338000270,2015-04-21,3,3640,184500.0,low
2697,3352400004,2015-01-29,2,5880,184500.0,low
8033,8945000910,2015-03-26,3,8680,184000.0,low
7505,6143600580,2014-05-05,3,10125,184000.0,low
12574,302000065,2015-01-29,3,14850,184000.0,low
14648,646910150,2015-03-26,3,3451,183750.0,low
7540,4006000571,2015-03-12,5,5453,183750.0,low
7400,1788300020,2014-07-08,3,8892,183500.0,low
18723,8856003525,2015-03-23,3,7520,183500.0,low
8153,1424100100,2014-06-10,3,9200,183000.0,low
8884,8122100835,2014-08-12,2,5140,183000.0,low
7898,1422700040,2015-05-14,3,7320,183000.0,low
15853,7943000020,2015-03-26,2,7272,183000.0,low
17605,8651430220,2014-07-25,3,5200,183000.0,low
2272,3313600340,2014-06-16,3,8100,183000.0,low
4288,7338000850,2014-07-31,3,4366,183000.0,low
13023,9211500620,2014-10-08,3,6650,182700.0,low
20807,6056100160,2014-07-28,4,2106,182568.0,low
18296,2122049096,2014-08-08,2,13920,182500.0,low
9337,9543000945,2015-04-27,3,4744,182500.0,low
17115,7696500280,2014-10-27,3,7194,182500.0,low
15760,257000263,2014-10-21,4,13927,182200.0,low
11297,7682200340,2014-07-28,3,8875,182000.0,low
19121,1670400090,2014-11-24,3,18055,182000.0,low
7790,4324500180,2014-09-26,3,7350,182000.0,low
3146,7893206095,2014-07-16,4,7500,181100.0,low
5573,3080000005,2015-04-17,2,4000,181000.0,low
4611,3523029059,2014-07-31,2,10807,181000.0,low
247,7899800890,2015-02-26,2,5120,181000.0,low
18092,2560800165,2015-03-16,2,5000,180500.0,low
2126,4345000510,2014-10-15,3,8518,180500.0,low
1630,8645500160,2015-01-07,3,9800,180500.0,low
208,1222000055,2014-11-23,2,9600,180250.0,low
12238,3298701070,2015-02-25,3,6771,180000.0,low
2895,423059184,2014-12-01,3,9583,180000.0,low
10397,8651411070,2014-09-25,3,4875,180000.0,low
1997,3915500045,2014-11-14,3,8581,180000.0,low
15620,2225079030,2014-12-12,2,87991,180000.0,low
1449,8651430560,2014-05-22,3,5330,180000.0,low
2,5631500400,2015-02-25,2,10000,180000.0,low
12288,623049094,2014-05-16,3,18513,180000.0,low
7156,1604601155,2014-12-08,3,3540,180000.0,low
13716,7575500040,2014-12-12,3,8863,180000.0,low
16325,1551500130,2014-05-22,4,7292,180000.0,low
17367,6623400050,2014-09-09,4,18581,180000.0,low
12993,1951600150,2015-04-08,3,8500,180000.0,low
15568,2560801222,2014-06-18,3,6350,180000.0,low
3286,3356407665,2014-09-24,3,16000,180000.0,low
579,8945200860,2014-12-11,3,8960,180000.0,low
16087,5198600010,2014-08-19,3,7056,180000.0,low
14640,3192000085,2014-08-07,3,10215,180000.0,low
15963,8151601190,2014-12-03,5,11726,180000.0,low
17123,6163900073,2014-09-05,2,9370,180000.0,low
18725,3331001285,2015-01-08,3,5500,180000.0,low
18908,1951100100,2014-11-13,3,11055,180000.0,low
8192,1423200110,2015-05-13,2,9450,180000.0,low
16112,1180002580,2015-03-19,2,6000,180000.0,low
7169,2085200545,2014-08-21,3,5700,180000.0,low
18772,425000065,2014-10-21,2,5695,180000.0,low
13617,3185600040,2014-05-22,2,4500,180000.0,low
17028,1788300010,2014-12-11,2,9000,179950.0,low
17706,8651401960,2015-04-13,4,5200,179950.0,low
18635,3518000180,2014-11-20,2,7323,179950.0,low
3691,1003400245,2014-12-01,3,9907,179950.0,low
17392,8651410190,2014-11-12,3,4875,179950.0,low
1204,7683800192,2014-11-07,3,10125,179950.0,low
2515,133000070,2014-09-16,2,6400,179900.0,low
17536,3356402232,2014-09-24,3,12000,179900.0,low
17378,6600410480,2014-08-28,3,9920,179900.0,low
14171,1450000210,2015-01-28,3,8100,179500.0,low
2802,3204500340,2014-12-19,3,32214,179500.0,low
5374,8651400680,2014-08-13,3,5200,179000.0,low
14773,421049254,2014-10-02,2,8760,179000.0,low
17421,5379805495,2015-04-13,2,8914,179000.0,low
19137,3388110230,2014-07-29,4,7175,179000.0,low
11637,2730000270,2015-02-12,3,10511,178500.0,low
994,5147600105,2014-07-21,2,6460,178500.0,low
3140,9407102460,2015-03-23,3,10450,178500.0,low
19247,8857600220,2014-10-23,3,8470,178500.0,low
10661,3530490160,2014-08-21,2,3447,178500.0,low
3200,3800008,2015-02-24,5,18200,178000.0,low
6396,8651430780,2014-07-15,3,6500,178000.0,low
4284,1330280100,2014-08-01,3,5734,178000.0,low
10983,4312700340,2015-03-18,4,11163,178000.0,low
1633,4202400135,2014-06-26,3,6000,177500.0,low
14665,8651430870,2015-03-03,3,5200,177000.0,low
7009,5412310170,2014-06-19,3,8079,177000.0,low
3127,3828000405,2015-01-16,3,9900,176500.0,low
2002,7335400400,2015-04-10,4,6702,176250.0,low
6651,8651402910,2014-08-06,2,5200,176000.0,low
6016,3530500010,2014-09-30,2,2332,176000.0,low
18106,7428000120,2014-12-10,3,5449,176000.0,low
9869,4123800320,2015-02-06,3,5434,176000.0,low
7416,8651402660,2014-10-08,4,5530,175409.0,low
19975,6056100165,2014-12-01,3,1882,175003.0,low
15555,1922059298,2015-04-14,3,11880,175000.0,low
15418,2420069242,2014-09-25,2,3434,175000.0,low
16815,7200179,2015-04-24,2,12750,175000.0,low
7848,2621600015,2015-04-30,3,8924,175000.0,low
17133,6143000020,2014-10-27,3,17003,175000.0,low
16339,6661200050,2014-05-28,2,2699,175000.0,low
2376,303000445,2014-05-23,2,44431,175000.0,low
12338,5132000140,2014-06-18,6,5080,175000.0,low
8121,9183700845,2014-12-18,2,7150,175000.0,low
15214,3876500290,2015-03-05,3,6164,175000.0,low
827,1610000016,2014-09-11,4,6030,175000.0,low
8798,2613200025,2015-03-13,2,28270,175000.0,low
2810,4131500140,2015-02-12,5,8400,175000.0,low
1849,6052400575,2014-05-14,2,8925,175000.0,low
2556,2973800030,2014-07-21,3,6600,175000.0,low
5867,7349800780,2014-08-05,2,9800,175000.0,low
16375,1446401190,2015-03-17,2,6600,175000.0,low
17174,5269200050,2015-03-05,2,8174,175000.0,low
15468,4202400078,2015-01-28,2,7000,175000.0,low
9544,3601200017,2014-07-02,4,6000,175000.0,low
8636,9564800145,2014-05-06,3,7034,175000.0,low
10872,7891600260,2014-06-18,2,5000,175000.0,low
2524,835000055,2014-06-20,2,5130,175000.0,low
7261,1022049182,2015-04-28,1,8685,175000.0,low
4864,5272200005,2015-02-18,2,6911,175000.0,low
19545,402000110,2014-10-17,2,5508,175000.0,low
10810,2337300370,2015-02-06,3,8395,175000.0,low
6071,6911700066,2014-06-04,2,2378,175000.0,low
3540,1823049202,2014-06-10,6,8400,175000.0,low
618,9407110700,2015-01-13,3,9775,175000.0,low
6263,1432400095,2014-11-06,3,7572,175000.0,low
11995,2724049185,2015-03-25,3,4920,175000.0,low
16458,8858100020,2015-03-16,3,8415,175000.0,low
14234,2460600040,2014-06-16,3,7300,175000.0,low
6748,4012800050,2014-05-21,3,13056,175000.0,low
8503,796000085,2014-09-23,4,6250,175000.0,low
13043,3603000410,2014-12-08,2,6000,174950.0,low
14867,8651441750,2014-05-15,3,5200,174950.0,low
19299,7883606725,2014-11-11,3,6000,174900.0,low
9701,2946003415,2014-05-16,2,5200,174500.0,low
18470,818500100,2014-06-03,2,2689,174500.0,low
12529,3353400120,2014-07-01,2,13531,174000.0,low
7760,179000100,2014-08-26,2,4854,174000.0,low
4693,7348200195,2014-12-09,3,12696,173250.0,low
17021,6404600006,2014-08-20,3,9097,173250.0,low
1192,3826000560,2014-10-02,2,8100,173000.0,low
3840,522059013,2014-06-12,2,10450,173000.0,low
12942,7148200040,2015-02-10,4,8460,173000.0,low
2352,7229700105,2015-04-24,2,20685,172500.0,low
15819,7686203180,2014-08-12,3,7500,172500.0,low
15871,3750604417,2014-05-26,3,8800,172500.0,low
13510,8945100530,2015-03-13,3,8378,172380.0,low
2379,3831200200,2015-04-20,3,7134,172040.0,low
12373,3584000400,2014-12-11,3,10260,172000.0,low
5857,2113700825,2014-07-31,3,4700,172000.0,low
2759,1788700295,2015-03-11,3,9680,172000.0,low
118,3454800060,2015-01-08,4,9600,171800.0,low
14501,3353402390,2015-05-01,3,6480,171500.0,low
19563,42000245,2014-06-13,4,19672,171000.0,low
18453,8898700820,2014-07-07,2,7700,170500.0,low
10435,8643200060,2014-09-23,3,13939,170500.0,low
12775,7812800155,2015-03-18,3,6750,170000.0,low
8200,5379804470,2014-06-17,4,13787,170000.0,low
3033,5083000375,2014-10-27,3,9529,170000.0,low
1523,3445000274,2015-05-13,3,8710,170000.0,low
17017,40000471,2014-06-04,2,18540,170000.0,low
17826,2123049498,2015-01-20,3,10780,170000.0,low
281,6874200960,2015-02-27,2,5265,170000.0,low
10948,1788700070,2014-06-27,2,8424,170000.0,low
6395,8148600020,2014-09-26,2,6537,170000.0,low
8133,7849202585,2014-09-04,1,4560,170000.0,low
12185,7686202065,2014-07-23,4,7500,170000.0,low
1126,9352900695,2014-09-22,3,5670,170000.0,low
11713,5379802090,2014-07-14,3,7015,170000.0,low
8248,4463400195,2014-07-18,2,21750,170000.0,low
16842,226109056,2015-03-26,1,5600,170000.0,low
7761,7812800865,2014-11-19,2,9882,170000.0,low
5916,6303400290,2015-01-26,2,8636,170000.0,low
4252,87000245,2014-09-30,3,42180,170000.0,low
11796,203101370,2014-06-30,2,24792,170000.0,low
1243,1796100140,2014-07-15,3,81549,170000.0,low
14021,7466900220,2014-12-12,2,11400,170000.0,low
7208,1446403145,2015-01-22,2,9900,170000.0,low
1291,3365900465,2015-02-19,3,10176,170000.0,low
10232,3384300160,2014-09-16,3,9832,169950.0,low
14981,5560000480,2014-09-08,3,8470,169950.0,low
7849,8005100360,2014-09-16,3,5800,169900.0,low
2631,7983000200,2014-10-05,3,8284,169575.0,low
12957,7956200220,2014-08-11,3,10023,169500.0,low
3796,5126900405,2014-07-31,2,7450,169500.0,low
1626,5016003230,2015-02-18,2,4000,169317.0,low
9234,302000375,2014-08-14,3,18304,169100.0,low
5157,5556900080,2014-09-26,3,7686,169000.0,low
5171,3352402195,2014-07-16,3,7110,169000.0,low
14047,121039038,2014-08-19,3,18459,169000.0,low
8561,3701900085,2014-08-05,3,6450,169000.0,low
15156,6669020290,2014-10-23,3,9775,169000.0,low
14338,8092000330,2014-05-28,3,10125,168500.0,low
14678,923049110,2015-01-29,2,7742,168500.0,low
13815,3530430155,2014-05-30,2,3568,168000.0,low
17053,880000005,2014-05-22,2,2174,168000.0,low
19259,8856004415,2015-03-25,3,8000,168000.0,low
11775,2892700041,2014-07-14,3,7439,168000.0,low
6653,3830210020,2014-07-29,3,7210,168000.0,low
4383,3332000195,2014-09-24,3,3090,167500.0,low
4312,4331000265,2014-09-26,3,7456,167000.0,low
2927,8649401270,2015-04-30,1,10235,167000.0,low
14316,7338000730,2014-07-28,3,5547,167000.0,low
191,1432600560,2014-11-05,3,8820,166950.0,low
859,1865820370,2014-11-13,3,8690,166600.0,low
2517,6082400083,2015-04-30,3,11675,166000.0,low
12830,3751600146,2014-10-23,1,17332,166000.0,low
10296,7812800681,2015-01-02,2,8487,166000.0,low
1677,2320069248,2014-07-01,3,8514,165050.0,low
345,3969300030,2014-07-23,4,7134,165000.0,low
9482,2822049210,2014-08-25,3,22764,165000.0,low
14574,1432400120,2014-11-11,3,7690,165000.0,low
2414,7696600240,2014-10-23,3,7742,165000.0,low
9581,5466310730,2014-08-22,3,2415,165000.0,low
7211,1446400725,2014-06-10,3,6600,165000.0,low
14101,4435600330,2014-07-26,3,8700,165000.0,low
14366,3333002450,2014-07-08,1,8050,165000.0,low
17033,9189700255,2015-01-05,3,7503,165000.0,low
18895,3004800175,2015-04-16,3,5156,165000.0,low
18564,7657000540,2014-09-02,4,7980,165000.0,low
11157,7149410060,2014-08-20,3,7200,165000.0,low
12834,3751604895,2014-06-05,3,19200,165000.0,low
7547,3438503045,2015-01-20,2,6380,165000.0,low
11390,7211401610,2014-08-20,3,5000,165000.0,low
8220,123039279,2014-07-11,2,7768,165000.0,low
6441,2698200010,2015-05-13,3,7334,165000.0,low
16236,3365901435,2014-06-23,3,13100,165000.0,low
8188,425200205,2014-10-03,3,10152,165000.0,low
9876,1219000473,2014-06-26,3,15330,164950.0,low
1015,5476200160,2014-07-25,3,5411,164808.0,low
12383,2599000370,2014-11-03,3,8250,164000.0,low
12447,8651442440,2014-10-23,4,4875,164000.0,low
20612,2724049222,2014-08-02,2,1092,163800.0,low
183,6661200320,2014-07-23,2,3419,163500.0,low
16550,7468900235,2014-10-22,3,7200,163500.0,low
8103,1443501020,2014-11-13,2,8150,163250.0,low
19131,2724201202,2015-03-04,2,7543,163000.0,low
7588,6147600040,2015-02-24,3,4811,163000.0,low
16907,3530420020,2014-07-11,2,2784,162950.0,low
15790,1311800130,2015-01-23,3,7417,162500.0,low
5219,2690600005,2014-10-01,2,6141,162500.0,low
12330,5126900200,2015-04-29,2,8960,162248.0,low
13295,6151800612,2015-01-07,4,16638,162000.0,low
12500,9211500730,2015-02-18,3,6750,162000.0,low
2832,7227801955,2014-09-19,4,7641,162000.0,low
6897,1099760470,2014-06-04,4,7200,161700.0,low
2669,3021059155,2014-12-12,3,6000,161500.0,low
13183,1523049207,2014-08-05,4,8043,161000.0,low
20403,6056100150,2014-06-23,3,2356,160797.0,low
4372,3384300100,2014-12-26,3,10116,160134.0,low
12344,4140900270,2015-04-27,2,23030,160000.0,low
17348,6146600185,2014-05-07,2,13100,160000.0,low
16274,5466300130,2014-09-17,2,2258,160000.0,low
16941,2626119028,2015-03-23,3,3240,160000.0,low
7981,2005600090,2014-05-14,3,11900,160000.0,low
17598,3336001316,2014-11-06,2,4500,160000.0,low
15653,8945300290,2015-02-26,3,8976,160000.0,low
533,2008200060,2014-06-24,3,9600,160000.0,low
3361,7135300026,2014-12-24,2,4750,160000.0,low
14839,522039106,2014-06-06,3,103237,160000.0,low
11757,9133600135,2015-02-11,4,14722,160000.0,low
7817,1311400120,2014-08-01,3,7392,160000.0,low
13996,7338000150,2015-01-29,2,4200,160000.0,low
2918,3812400657,2014-12-04,3,8360,160000.0,low
17528,1871400585,2015-04-22,2,13647,160000.0,low
14615,8649400790,2015-01-13,3,18552,160000.0,low
10009,1202000140,2014-12-10,3,8000,160000.0,low
12955,2019200220,2014-09-23,3,8682,160000.0,low
19346,1099600620,2015-03-26,3,6497,160000.0,low
3793,4435000705,2014-07-08,3,8700,160000.0,low
4558,423049067,2015-02-05,2,7742,160000.0,low
14756,5029451010,2014-07-11,3,7000,160000.0,low
7538,3298700820,2014-10-24,3,5355,160000.0,low
3032,7888100090,2014-09-25,4,7298,160000.0,low
18579,9265410090,2014-10-08,3,8006,160000.0,low
3397,2172000750,2014-05-27,2,9350,160000.0,low
17753,2599700040,2014-12-30,4,7350,160000.0,low
14454,8581400450,2014-10-28,2,5026,159995.0,low
17841,7812800855,2015-03-11,2,7095,159100.0,low
8767,7812800515,2014-10-25,4,6200,159075.0,low
15058,1823059030,2014-08-18,3,6534,159000.0,low
19326,3356403400,2014-07-24,3,20000,159000.0,low
3109,2641800015,2014-11-24,3,8291,158800.0,low
5577,8857600780,2014-10-03,5,8100,158550.0,low
18172,6083000123,2015-05-04,3,10477,158000.0,low
5407,7129300595,2015-05-06,3,6090,158000.0,low
3670,7697870600,2014-09-09,3,7200,158000.0,low
12659,2329600040,2014-11-18,3,8925,158000.0,low
15194,1123049027,2015-03-19,3,27008,157500.0,low
2813,7883600700,2015-01-22,2,4500,157500.0,low
16482,522059327,2014-05-28,2,9003,157500.0,low
3717,3422059085,2015-03-24,2,23000,157340.0,low
648,922049078,2014-11-18,1,26326,157000.0,low
13692,937000330,2014-12-24,3,11530,157000.0,low
17604,795000620,2015-03-11,3,6250,157000.0,low
12289,2538800030,2015-02-17,2,9750,156601.0,low
2016,5379804730,2014-07-18,3,9750,156000.0,low
11509,3812400202,2014-11-14,2,6138,156000.0,low
12075,8655900162,2015-02-19,1,15000,156000.0,low
14537,3674400035,2014-05-12,3,8580,156000.0,low
3062,3163600015,2015-01-28,2,4000,156000.0,low
4296,7116500705,2015-01-29,2,5889,156000.0,low
16538,4006000307,2014-09-16,2,4755,155000.0,low
8725,7883603425,2014-05-29,3,6250,155000.0,low
15208,2329700440,2014-10-27,3,8400,155000.0,low
3984,7883607645,2014-06-02,1,6000,155000.0,low
19650,2626119062,2014-11-12,3,6098,155000.0,low
9479,1443500385,2014-05-13,2,6232,155000.0,low
13072,1437500035,2014-10-10,2,43056,155000.0,low
2510,418000310,2014-05-14,2,5200,155000.0,low
6110,3802000020,2014-07-09,4,10183,154950.0,low
11856,4383500030,2014-09-24,3,9465,154500.0,low
8087,7973202225,2015-01-06,4,8640,154200.0,low
15976,3356403304,2014-10-16,3,9997,154000.0,low
4768,4045500130,2014-09-09,2,20524,154000.0,low
3275,818500490,2014-10-09,2,3649,153503.0,low
14477,4356200210,2015-03-18,3,4810,153500.0,low
7954,7812801115,2014-06-13,3,6405,153000.0,low
92,4168000060,2015-02-26,3,10500,153000.0,low
17128,4337600005,2015-02-03,2,9000,153000.0,low
5816,7568700480,2015-03-23,2,10152,153000.0,low
2031,2420069017,2015-03-24,1,4368,152900.0,low
14993,4222310010,2014-12-26,4,7350,152500.0,low
16962,4239400840,2014-10-29,3,3523,152500.0,low
19417,3163600076,2014-07-30,1,6871,152275.0,low
14091,1822059057,2014-07-25,2,13500,152000.0,low
5654,1113000430,2014-07-29,3,10464,152000.0,low
6437,8651442810,2014-07-10,3,4875,152000.0,low
5997,5147600095,2015-01-21,3,7754,152000.0,low
7727,4239400730,2014-06-25,3,3264,152000.0,low
7716,3423059081,2014-10-09,2,16988,151600.0,low
12121,7520000695,2014-11-04,3,4495,151100.0,low
19344,2114700090,2015-03-01,2,5040,151000.0,low
1099,7227500830,2014-05-28,2,4222,151000.0,low
5725,8864000250,2014-08-27,4,6061,150550.0,low
18099,3395800455,2014-06-25,2,8100,150000.0,low
13601,8698600395,2015-03-24,2,5208,150000.0,low
4495,1723049567,2014-07-30,3,24684,150000.0,low
3493,522069097,2014-11-25,2,212137,150000.0,low
13228,2976800749,2014-10-31,4,7254,150000.0,low
6089,5062300280,2015-04-16,3,6488,150000.0,low
11255,1843200350,2014-07-22,2,1934,150000.0,low
5317,7116000425,2014-11-25,2,4120,150000.0,low
1548,5126900310,2015-03-25,2,7200,150000.0,low
15062,2788400020,2014-07-10,3,9527,150000.0,low
1884,2873000260,2015-03-05,3,7210,150000.0,low
8890,2113701095,2014-07-17,2,4045,150000.0,low
12662,425000230,2014-12-30,2,5700,150000.0,low
10326,6031400013,2014-06-16,3,8056,150000.0,low
16806,4031000250,2014-06-26,3,9612,150000.0,low
10518,7888000400,2014-06-03,3,8220,150000.0,low
7880,5126900100,2014-09-23,2,7275,150000.0,low
16782,3426079024,2014-05-21,3,25000,150000.0,low
2183,4058802105,2014-09-04,3,6776,150000.0,low
10519,523049195,2014-05-22,2,10270,150000.0,low
2065,8651430370,2015-04-25,3,5200,150000.0,low
15712,3089000005,2014-07-24,2,54000,150000.0,low
6054,4302201045,2014-05-28,3,7680,150000.0,low
16814,7200179,2014-10-16,2,12750,150000.0,low
4203,1437500015,2014-07-09,3,38500,150000.0,low
2881,3530530110,2015-02-17,2,1950,149900.0,low
12793,9536601996,2014-06-10,3,9450,149500.0,low
3785,723049156,2014-05-23,3,8645,149000.0,low
7012,4239400920,2014-09-22,3,2800,149000.0,low
18262,2891000610,2014-12-11,4,6000,148900.0,low
10516,1682000350,2014-07-08,3,7360,148226.0,low
12417,123039336,2014-06-11,1,8261,148000.0,low
19098,2114700615,2014-07-08,2,4200,148000.0,low
4856,7138000170,2015-01-02,3,10125,147500.0,low
876,8802400416,2015-02-13,3,8498,147500.0,low
17309,1865800250,2014-12-04,3,6552,147500.0,low
15144,1823049182,2014-09-15,3,9225,147400.0,low
4981,422049178,2015-02-12,3,9600,147200.0,low
19524,3306200230,2015-03-03,3,9606,147000.0,low
15317,3347400525,2014-12-16,3,14000,147000.0,low
16738,3977630130,2015-03-25,3,9668,146300.0,low
17135,111000190,2015-02-09,2,9750,146000.0,low
12984,9320900610,2014-12-31,3,4770,146000.0,low
2829,1432400490,2015-04-01,3,7560,145600.0,low
12823,2870000040,2014-11-10,2,8125,145000.0,low
3353,6099400053,2014-05-29,3,5490,145000.0,low
17394,745000005,2014-08-25,1,9750,145000.0,low
9120,1922059278,2014-10-14,3,11880,145000.0,low
3377,7686205020,2015-03-12,2,7500,144975.0,low
9188,6197200021,2014-11-06,3,6800,144000.0,low
6397,1432400345,2015-04-21,3,8314,144000.0,low
2443,4239400960,2014-12-12,3,3315,143000.0,low
14224,4330600360,2014-06-17,4,13300,142500.0,low
5570,1735800050,2015-04-09,1,6825,142500.0,low
19452,3980300371,2014-09-26,0,20875,142000.0,low
7984,7227500865,2014-05-19,2,4743,141800.0,low
1576,7888000390,2014-06-27,3,7473,140000.0,low
1462,1951500030,2015-02-04,3,10620,140000.0,low
1066,3340401535,2014-11-05,1,6890,140000.0,low
5511,7875200005,2015-01-15,3,10560,140000.0,low
4569,7686203275,2015-02-27,3,8000,140000.0,low
14241,1922059010,2015-01-21,2,6052,140000.0,low
15610,7614100080,2015-02-11,3,8991,140000.0,low
8461,4006000401,2014-08-11,2,6400,140000.0,low
12064,7468900270,2014-07-29,3,10114,140000.0,low
18988,7399100210,2014-11-26,3,2002,140000.0,low
14423,9543000205,2015-04-13,0,4269,139950.0,low
10105,5466310060,2015-03-24,2,1561,139500.0,low
16367,3512100050,2015-02-24,4,10648,139000.0,low
8662,3751600025,2014-05-14,3,17334,139000.0,low
9189,7227500910,2014-06-24,2,5280,139000.0,low
10959,9368700270,2015-04-01,3,5082,137900.0,low
9841,2323059074,2014-07-09,3,27442,137124.0,low
16915,7140600225,2015-02-17,3,10125,137000.0,low
18997,7972604345,2014-05-19,3,7620,137000.0,low
10226,8945100320,2014-05-06,3,8580,136500.0,low
19054,3352400661,2014-11-10,2,3800,135900.0,low
17163,3298701025,2015-04-27,2,5217,135000.0,low
13519,723049158,2015-03-13,4,18599,135000.0,low
15131,179001101,2015-01-05,3,3000,135000.0,low
12742,5560000650,2014-12-02,3,8450,135000.0,low
6803,7335400345,2014-05-28,2,6685,135000.0,low
17409,1951600250,2015-04-06,3,9600,135000.0,low
10721,2586800140,2014-11-18,2,7609,135000.0,low
3680,2522069064,2014-10-27,2,7250,135000.0,low
15540,3361400980,2015-05-12,2,6120,135000.0,low
4089,985001015,2014-06-04,1,13062,135000.0,low
2589,5061300030,2014-05-08,2,5000,134000.0,low
10387,3361402041,2014-10-30,3,8508,134000.0,low
19384,9320901250,2014-09-10,3,2550,133400.0,low
15810,7129304540,2014-12-20,5,5600,133000.0,low
1898,1697000400,2015-03-30,3,9115,133000.0,low
17066,8651402750,2015-02-18,3,5200,132825.0,low
3690,6303401050,2015-02-20,3,8573,132500.0,low
12868,4014400237,2014-05-23,3,10500,132500.0,low
18332,9272202260,2014-09-24,3,7000,130000.0,low
1222,1238500451,2015-02-09,3,7520,130000.0,low
5483,2500600289,2015-04-16,2,7500,130000.0,low
12724,13001215,2015-03-05,3,5100,130000.0,low
9598,7973202712,2015-03-24,2,5300,130000.0,low
14268,6450302546,2014-10-21,2,6654,130000.0,low
14001,2354300456,2015-03-11,2,1500,130000.0,low
704,41000454,2014-08-15,2,9000,130000.0,low
19249,4337600205,2014-11-12,2,9900,129888.0,low
14008,6146600175,2014-11-07,2,5240,129000.0,low
15986,87000213,2014-06-13,2,30184,129000.0,low
16952,2722059292,2014-06-04,1,15364,129000.0,low
12252,7116000350,2014-07-18,3,7004,128750.0,low
11301,421049114,2014-10-09,3,11117,128000.0,low
9890,8651411260,2014-11-13,2,5393,128000.0,low
15674,1898700050,2015-04-28,3,9690,128000.0,low
16838,723049530,2015-05-05,3,12212,126500.0,low
11739,1352300990,2014-08-26,1,4400,126000.0,low
4100,7140800100,2014-10-14,3,7276,125000.0,low
10272,1450100390,2014-09-05,3,7314,125000.0,low
4651,859000110,2014-10-02,1,7440,125000.0,low
16893,3501100050,2014-12-10,3,4800,125000.0,low
15552,6303401150,2014-09-24,2,8382,125000.0,low
17233,6600410170,2014-05-28,3,15600,124740.0,low
10006,3353402400,2015-03-26,2,6480,124500.0,low
17603,795000620,2014-12-15,3,6250,124000.0,low
9820,3598600049,2014-10-03,1,7203,124000.0,low
2941,1950900245,2014-12-26,3,8050,123300.0,low
7226,1446403617,2014-07-02,2,6600,123000.0,low
13413,7454000145,2015-03-06,2,6840,122000.0,low
3619,1446401460,2015-04-22,2,5280,122000.0,low
3392,1917300025,2015-01-27,2,6000,122000.0,low
3970,4438000165,2015-04-20,2,6728,122000.0,low
6557,8151600470,2014-08-04,2,8384,121800.0,low
15365,7972000010,2014-05-20,3,9628,120750.0,low
7973,3122069029,2014-06-19,2,39964,120000.0,low
7847,2621600015,2015-01-21,3,8924,120000.0,low
3870,7893203565,2014-10-27,3,7500,120000.0,low
3485,3352402250,2014-10-21,2,3180,119900.0,low
5527,3821200050,2014-06-04,3,11000,119500.0,low
7245,1446403850,2014-09-16,2,7153,118125.0,low
8080,1545807810,2014-10-21,1,7957,118000.0,low
17922,7889601320,2014-07-25,2,6000,115000.0,low
17602,795000620,2014-09-24,3,6250,115000.0,low
14421,104500730,2015-02-24,3,7942,115000.0,low
18508,623049232,2014-07-15,2,7980,115000.0,low
17500,8151600101,2015-01-16,2,7252,115000.0,low
12208,4031000520,2014-07-08,1,9812,115000.0,low
3402,3356403820,2014-12-05,2,16524,115000.0,low
8622,892000025,2014-07-10,2,6250,114975.0,low
12546,7889600230,2014-10-17,2,5200,114000.0,low
10140,2648500030,2014-07-25,1,3230,112000.0,low
5479,8698100170,2015-02-11,2,6000,111300.0,low
10904,2123049114,2014-05-19,2,8064,110700.0,low
20962,1278000210,2015-03-11,2,4524,110000.0,low
6861,5381000048,2015-04-27,2,8250,110000.0,low
14737,8018600880,2014-06-11,2,15000,110000.0,low
13057,2853600155,2014-09-15,1,10280,110000.0,low
14770,3361401011,2015-02-19,2,6120,110000.0,low
17197,5111400086,2014-05-12,3,53143,110000.0,low
1325,4337000160,2015-01-27,2,7590,110000.0,low
5621,3806000005,2014-10-30,2,4746,110000.0,low
16574,9200000050,2014-09-18,2,10625,109500.0,low
10424,7129800036,2015-01-14,2,6900,109000.0,low
8205,7899800450,2014-08-28,2,4720,107000.0,low
12377,7899800045,2014-08-28,3,5120,107000.0,low
11416,7211402105,2014-11-26,1,5700,106000.0,low
13628,2023049218,2014-07-16,2,7740,105500.0,low
14525,4311700120,2015-03-17,3,18109,105000.0,low
14283,1788800610,2014-09-02,3,8400,105000.0,low
11932,723049326,2014-12-08,2,8254,104950.0,low
13761,123039604,2014-07-01,2,4320,102500.0,low
4563,1900000195,2014-06-30,2,7623,100000.0,low
5639,7224000980,2014-06-10,4,2685,100000.0,low
3444,7813200115,2014-09-04,2,6426,100000.0,low
16340,6146600170,2014-07-03,2,5240,100000.0,low
1218,3751600030,2014-07-17,2,17334,100000.0,low
15456,8856000545,2014-05-07,2,22000,100000.0,low
5303,5128000010,2015-01-05,2,8236,99000.0,low
5723,1788800630,2014-10-29,3,12091,96500.0,low
3321,2724200705,2014-12-12,2,8550,95000.0,low
14581,6929602721,2015-04-08,2,7000,95000.0,low
10585,6198400218,2014-09-19,2,20450,95000.0,low
3805,7335400215,2015-05-05,1,5746,95000.0,low
10770,795000765,2014-06-16,2,5500,92000.0,low
12551,1049010620,2014-05-13,2,2640,90000.0,low
7992,2734100835,2015-03-03,1,4000,90000.0,low
18939,4239400300,2014-11-29,3,2490,90000.0,low
16530,2114700500,2015-04-18,1,4120,90000.0,low
17580,1423049019,2014-05-23,2,7500,90000.0,low
3108,1721801591,2015-02-19,1,4080,89950.0,low
5866,9320900420,2014-10-14,3,4750,89000.0,low
13756,1788900230,2014-07-22,3,9480,86500.0,low
10253,2422049104,2014-09-15,2,9000,85000.0,low
16714,1322049150,2015-03-05,2,9753,85000.0,low
3767,1523049188,2015-04-30,2,20130,84000.0,low
18468,7999600180,2014-05-29,2,8580,83000.0,low
2141,1623049041,2014-05-08,2,22334,82500.0,low
8274,3883800011,2014-11-05,3,10426,82000.0,low
16198,3028200080,2015-03-24,2,9975,81000.0,low
465,8658300340,2014-05-23,1,5050,80000.0,low
15293,40000362,2014-05-06,2,16344,78000.0,low
1149,3421079032,2015-02-17,1,43377,75000.0,low
